date,location,opponent,result,score,team_score,opp_score,game_score_diff,game_win_loss,game_id,TC,PO,A,E,FPCT,DP,SBA,RCS,RCS_PCT,PB,CI,season,cccaa_season,team,team_id,player_id,player_name
Mar 12,home,Ventura,W,12-1,12,1,11,win,20150312_p7ux,0,0,0,0,0.0,,,,0.0,,,2015,2014-15,Santa Barbara,santabarbara,jackgregsonqwl4,Jack Gregson
Mar 24,home,Oxnard,W,13-0,13,0,13,win,20150324_c3m1,0,0,0,0,0.0,,,,0.0,,,2015,2014-15,Santa Barbara,santabarbara,jackgregsonqwl4,Jack Gregson
Mar 26,home,Oxnard,L,4-2,4,2,2,win,20150326_lr7d,0,0,0,0,0.0,,,,0.0,,,2015,2014-15,Santa Barbara,santabarbara,jackgregsonqwl4,Jack Gregson
Mar 31,home,Glendale,W,14-4,14,4,10,win,20150331_1ny7,0,0,0,0,0.0,,,,0.0,,,2015,2014-15,Santa Barbara,santabarbara,jackgregsonqwl4,Jack Gregson
Apr 14,home,LA Pierce,W,13-2,13,2,11,win,20150414_jyb2,0,0,0,0,0.0,,,,0.0,,,2015,2014-15,Santa Barbara,santabarbara,jackgregsonqwl4,Jack Gregson
Apr 21,home,Ventura,W,5-4,5,4,1,win,20150421_uwfd,0,0,0,0,0.0,,,,0.0,,,2015,2014-15,Santa Barbara,santabarbara,jackgregsonqwl4,Jack Gregson
Apr 23,home,Allan Hancock,W,14-0,14,0,14,win,20150423_eqgz,0,0,0,0,0.0,,,,0.0,,,2015,2014-15,Santa Barbara,santabarbara,jackgregsonqwl4,Jack Gregson
May 8,home,Fullerton,L,2-1,2,1,1,win,20150508_3aia,0,0,0,0,0.0,,,,0.0,,,2015,2014-15,Santa Barbara,santabarbara,jackgregsonqwl4,Jack Gregson
May 16,home,Orange Coast,L,5-2,5,2,3,win,20150516_03ti,0,0,0,0,0.0,,,,0.0,,,2015,2014-15,Santa Barbara,santabarbara,jackgregsonqwl4,Jack Gregson
Jan 29,home,Siskiyous,W,8-3,8,3,5,win,20150129_mubq,0,0,0,0,0.0,,,,0.0,,,2015,2014-15,West Hills Coalinga,westhillscoalinga,joecochranbrgb,Joe Cochran
Jan 29,home,Siskiyous,W,11-10,11,10,1,win,20150129_xu1d,1,0,0,0,7.0,8.0,2.0,1.0,1.29,3.0,7.0,2015,2014-15,West Hills Coalinga,westhillscoalinga,joecochranbrgb,Joe Cochran
Jan 30,home,Siskiyous,L,15-7,15,7,8,win,20150130_9r5h,0,0,0,0,0.0,,,,0.0,,,2015,2014-15,West Hills Coalinga,westhillscoalinga,joecochranbrgb,Joe Cochran
Feb 3,home,Ohlone,L,4-3,4,3,1,win,20150203_kikc,0,0,0,0,5.0,3.0,,,0.0,2.0,3.0,2015,2014-15,West Hills Coalinga,westhillscoalinga,joecochranbrgb,Joe Cochran
Feb 6,home,Ventura,L,4-0,4,0,4,win,20150206_npae,0,0,0,0,0.0,,,,0.0,,,2015,2014-15,West Hills Coalinga,westhillscoalinga,joecochranbrgb,Joe Cochran
Feb 11,home,Ohlone,L,14-3,14,3,11,win,20150211_w4ws,1,0,1,0,4.0,9.0,8.0,6.0,13.5,4.0,1.0,2015,2014-15,West Hills Coalinga,westhillscoalinga,joecochranbrgb,Joe Cochran
Feb 14,home,Lassen,W,6-3,6,3,3,win,20150214_x3mm,0,0,0,0,0.0,,,,0.0,,,2015,2014-15,West Hills Coalinga,westhillscoalinga,joecochranbrgb,Joe Cochran
Feb 14,home,Lassen,L,4-0,4,0,4,win,20150214_gozt,0,0,0,0,0.0,,,,0.0,,,2015,2014-15,West Hills Coalinga,westhillscoalinga,joecochranbrgb,Joe Cochran
Feb 17,home,Taft,L,12-6,12,6,6,win,20150217_22zu,1,0,1,0,1.2,9.0,9.0,9.0,48.6,3.0,2.0,2015,2014-15,West Hills Coalinga,westhillscoalinga,joecochranbrgb,Joe Cochran
Feb 21,home,Taft,L,4-3,4,3,1,win,20150221_o8g9,0,0,0,0,1.0,2.0,,,0.0,,1.0,2015,2014-15,West Hills Coalinga,westhillscoalinga,joecochranbrgb,Joe Cochran
Feb 24,home,Fresno City,L,14-1,14,1,13,win,20150224_x2fb,0,0,0,0,1.2,5.0,7.0,3.0,16.2,2.0,4.0,2015,2014-15,West Hills Coalinga,westhillscoalinga,joecochranbrgb,Joe Cochran
Feb 27,home,Fresno City,L,7-3,7,3,4,win,20150227_1q3q,0,0,0,0,1.0,3.0,3.0,3.0,27.0,1.0,2.0,2015,2014-15,West Hills Coalinga,westhillscoalinga,joecochranbrgb,Joe Cochran
Mar 10,home,Merced,L,6-1,6,1,5,win,20150310_qdc1,1,0,0,0,1.0,0.0,0.0,0.0,0.0,0.0,0.0,2015,2014-15,West Hills Coalinga,westhillscoalinga,joecochranbrgb,Joe Cochran
Mar 17,home,Porterville,W,4-2,4,2,2,win,20150317_4yms,1,1,0,0,7.0,5.0,2.0,0.0,0.0,1.0,6.0,2015,2014-15,West Hills Coalinga,westhillscoalinga,joecochranbrgb,Joe Cochran
Mar 19,home,Porterville,W,7-1,7,1,6,win,20150319_ioi8,0,0,0,0,0.0,,,,0.0,,,2015,2014-15,West Hills Coalinga,westhillscoalinga,joecochranbrgb,Joe Cochran
Mar 24,home,Reedley,L,10-5,10,5,5,win,20150324_9ym4,1,0,0,0,5.1,7.0,1.0,1.0,1.69,4.0,1.0,2015,2014-15,West Hills Coalinga,westhillscoalinga,joecochranbrgb,Joe Cochran
Mar 31,home,Ventura,L,6-5,6,5,1,win,20150331_w2ic,1,0,0,0,6.0,9.0,3.0,1.0,1.5,2.0,2.0,2015,2014-15,West Hills Coalinga,westhillscoalinga,joecochranbrgb,Joe Cochran
Apr 7,home,Sequoias,L,10-0,10,0,10,win,20150407_42tx,0,0,0,0,0.0,,,,0.0,,,2015,2014-15,West Hills Coalinga,westhillscoalinga,joecochranbrgb,Joe Cochran
Apr 9,home,Sequoias,L,6-2,6,2,4,win,20150409_6czq,1,0,1,0,7.0,12.0,6.0,5.0,6.43,3.0,2.0,2015,2014-15,West Hills Coalinga,westhillscoalinga,joecochranbrgb,Joe Cochran
Apr 14,home,Allan Hancock,L,6-1,6,1,5,win,20150414_63wl,0,0,0,0,0.0,,,,0.0,,,2015,2014-15,West Hills Coalinga,westhillscoalinga,joecochranbrgb,Joe Cochran
Apr 19,home,Reedley,L,14-4,14,4,10,win,20150419_2l75,1,0,1,0,4.1,9.0,10.0,10.0,20.77,3.0,1.0,2015,2014-15,West Hills Coalinga,westhillscoalinga,joecochranbrgb,Joe Cochran
Apr 23,home,Fresno City,L,4-0,4,0,4,win,20150423_qqvz,0,0,0,0,2.0,4.0,2.0,2.0,9.0,,1.0,2015,2014-15,West Hills Coalinga,westhillscoalinga,joecochranbrgb,Joe Cochran
Jan 29,home,El Camino,L,8-1,8,1,7,win,20150129_cijw,0,0,0,0,0.0,,,,0.0,,,2015,2014-15,Sequoias,sequoias,wyattchamplint1lo,Wyatt Champlin
Jan 30,home,Allan Hancock,W,5-0,5,0,5,win,20150130_jn11,0,0,0,0,0.0,,,,0.0,,,2015,2014-15,Sequoias,sequoias,wyattchamplint1lo,Wyatt Champlin
Jan 31,home,Moorpark,W,11-2,11,2,9,win,20150131_zec9,0,0,0,0,0.0,,,,0.0,,,2015,2014-15,Sequoias,sequoias,wyattchamplint1lo,Wyatt Champlin
Feb 5,home,Golden West,L,7-3,7,3,4,win,20150205_a6uq,0,0,0,0,0.0,,,,0.0,,,2015,2014-15,Sequoias,sequoias,wyattchamplint1lo,Wyatt Champlin
Feb 6,home,Marin,L,14-9,14,9,5,win,20150206_9t0k,0,0,0,0,0.0,,,,0.0,,,2015,2014-15,Sequoias,sequoias,wyattchamplint1lo,Wyatt Champlin
Feb 10,home,Cuesta,L,9-1,9,1,8,win,20150210_8dik,0,0,0,0,0.0,,,,0.0,,,2015,2014-15,Sequoias,sequoias,wyattchamplint1lo,Wyatt Champlin
Feb 13,home,Bakersfield,W,11-3,11,3,8,win,20150213_btnq,0,0,0,0,0.0,,,,0.0,,,2015,2014-15,Sequoias,sequoias,wyattchamplint1lo,Wyatt Champlin
Feb 14,home,De Anza,W,12-5,12,5,7,win,20150214_2rxi,0,0,0,0,0.0,,,,0.0,,,2015,2014-15,Sequoias,sequoias,wyattchamplint1lo,Wyatt Champlin
Feb 19,home,Cosumnes River,L,4-3,4,3,1,win,20150219_pbht,0,0,0,0,0.0,,,,0.0,,,2015,2014-15,Sequoias,sequoias,wyattchamplint1lo,Wyatt Champlin
Feb 20,home,Cosumnes River,W,4-2,4,2,2,win,20150220_mx1e,0,0,0,0,0.0,,,,0.0,,,2015,2014-15,Sequoias,sequoias,wyattchamplint1lo,Wyatt Champlin
Feb 24,home,Merced,W,5-1,5,1,4,win,20150224_k05o,0,0,0,0,0.0,,,,0.0,,,2015,2014-15,Sequoias,sequoias,wyattchamplint1lo,Wyatt Champlin
Feb 26,home,Merced,L,10-2,10,2,8,win,20150226_62m4,0,0,0,0,0.0,,,,0.0,,,2015,2014-15,Sequoias,sequoias,wyattchamplint1lo,Wyatt Champlin
Feb 28,home,Merced,L,6-3,6,3,3,win,20150228_zq86,0,0,0,0,0.0,,,,0.0,,,2015,2014-15,Sequoias,sequoias,wyattchamplint1lo,Wyatt Champlin
Mar 3,home,Fresno City,L,10-6,10,6,4,win,20150303_03u2,0,0,0,0,0.0,,,,0.0,,,2015,2014-15,Sequoias,sequoias,wyattchamplint1lo,Wyatt Champlin
Mar 5,home,Fresno City,W,9-4,9,4,5,win,20150305_h7pf,0,0,0,0,0.0,,,,0.0,,,2015,2014-15,Sequoias,sequoias,wyattchamplint1lo,Wyatt Champlin
Mar 7,home,Fresno City,L,5-1,5,1,4,win,20150307_e4cq,0,0,0,0,0.0,,,,0.0,,,2015,2014-15,Sequoias,sequoias,wyattchamplint1lo,Wyatt Champlin
Mar 10,home,Taft,W,5-1,5,1,4,win,20150310_mv0m,0,0,0,0,0.0,,,,0.0,,,2015,2014-15,Sequoias,sequoias,wyattchamplint1lo,Wyatt Champlin
Mar 12,home,Taft,W,4-3,4,3,1,win,20150312_mgo4,0,0,0,0,0.0,,,,0.0,,,2015,2014-15,Sequoias,sequoias,wyattchamplint1lo,Wyatt Champlin
Mar 14,home,Taft,W,5-3,5,3,2,win,20150314_63po,0,0,0,0,0.0,,,,0.0,,,2015,2014-15,Sequoias,sequoias,wyattchamplint1lo,Wyatt Champlin
Mar 17,home,Reedley,W,9-1,9,1,8,win,20150317_u06t,0,0,0,0,0.0,,,,0.0,,,2015,2014-15,Sequoias,sequoias,wyattchamplint1lo,Wyatt Champlin
Mar 19,home,Reedley,W,8-0,8,0,8,win,20150319_6bw4,0,0,0,0,0.0,,,,0.0,,,2015,2014-15,Sequoias,sequoias,wyattchamplint1lo,Wyatt Champlin
Mar 21,home,Reedley,L,8-2,8,2,6,win,20150321_50m1,0,0,0,0,0.0,,,,0.0,,,2015,2014-15,Sequoias,sequoias,wyattchamplint1lo,Wyatt Champlin
Mar 24,home,Porterville,L,2-1,2,1,1,win,20150324_0mtw,0,0,0,0,0.0,,,,0.0,,,2015,2014-15,Sequoias,sequoias,wyattchamplint1lo,Wyatt Champlin
Mar 26,home,Porterville,W,6-4,6,4,2,win,20150326_3vto,0,0,0,0,0.0,,,,0.0,,,2015,2014-15,Sequoias,sequoias,wyattchamplint1lo,Wyatt Champlin
Mar 28,home,Porterville,W,6-2,6,2,4,win,20150328_qx9d,0,0,0,0,0.0,,,,0.0,,,2015,2014-15,Sequoias,sequoias,wyattchamplint1lo,Wyatt Champlin
Mar 31,home,Bakersfield,L,11-1,11,1,10,win,20150331_fnzs,0,0,0,0,0.0,,,,0.0,,,2015,2014-15,Sequoias,sequoias,wyattchamplint1lo,Wyatt Champlin
Apr 1,home,Saddleback,L,17-3,17,3,14,win,20150401_yon5,0,0,0,0,0.0,,,,0.0,,,2015,2014-15,Sequoias,sequoias,wyattchamplint1lo,Wyatt Champlin
Apr 7,home,West Hills Coalinga,W,10-0,10,0,10,win,20150407_42tx,0,0,0,0,0.0,,,,0.0,,,2015,2014-15,Sequoias,sequoias,wyattchamplint1lo,Wyatt Champlin
Apr 9,home,West Hills Coalinga,W,6-2,6,2,4,win,20150409_6czq,0,0,0,0,0.0,,,,0.0,,,2015,2014-15,Sequoias,sequoias,wyattchamplint1lo,Wyatt Champlin
Apr 11,home,West Hills Coalinga,L,9-7,9,7,2,win,20150411_kkow,0,0,0,0,0.0,,,,0.0,,,2015,2014-15,Sequoias,sequoias,wyattchamplint1lo,Wyatt Champlin
Apr 14,home,Fresno City,L,14-10,14,10,4,win,20150414_euy1,0,0,0,0,0.0,,,,0.0,,,2015,2014-15,Sequoias,sequoias,wyattchamplint1lo,Wyatt Champlin
Apr 16,home,West Hills Coalinga,W,5-2,5,2,3,win,20150416_cupf,0,0,0,0,0.0,,,,0.0,,,2015,2014-15,Sequoias,sequoias,wyattchamplint1lo,Wyatt Champlin
Apr 19,home,Porterville,W,16-4,16,4,12,win,20150419_t0ke,0,0,0,0,0.0,,,,0.0,,,2015,2014-15,Sequoias,sequoias,wyattchamplint1lo,Wyatt Champlin
Apr 21,home,Taft,L,2-1,2,1,1,win,20150421_qc8k,0,0,0,0,0.0,,,,0.0,,,2015,2014-15,Sequoias,sequoias,wyattchamplint1lo,Wyatt Champlin
Apr 23,home,Merced,L,5-4,5,4,1,win,20150423_n60a,0,0,0,0,0.0,,,,0.0,,,2015,2014-15,Sequoias,sequoias,wyattchamplint1lo,Wyatt Champlin
Apr 24,home,Reedley,W,5-2,5,2,3,win,20150424_gh13,0,0,0,0,0.0,,,,0.0,,,2015,2014-15,Sequoias,sequoias,wyattchamplint1lo,Wyatt Champlin
Apr 28,home,Yuba,W,8-3,8,3,5,win,20150428_ijsw,0,0,0,0,0.0,,,,0.0,,,2015,2014-15,Sequoias,sequoias,wyattchamplint1lo,Wyatt Champlin
May 1,home,San Joaquin  Delta,L,5-2,5,2,3,win,20150501_2gbp,0,0,0,0,0.0,,,,0.0,,,2015,2014-15,Sequoias,sequoias,wyattchamplint1lo,Wyatt Champlin
May 2,home,San Joaquin  Delta,W,8-4,8,4,4,win,20150502_pbeg,0,0,0,0,0.0,,,,0.0,,,2015,2014-15,Sequoias,sequoias,wyattchamplint1lo,Wyatt Champlin
May 2,home,San Joaquin  Delta,L,5-1,5,1,4,win,20150502_hskg,0,0,0,0,0.0,,,,0.0,,,2015,2014-15,Sequoias,sequoias,wyattchamplint1lo,Wyatt Champlin
Jan 29,home,Glendale,W,9-2,9,2,7,win,20150129_5bve,0,0,0,0,0.0,,,,0.0,,,2015,2014-15,Mt. San Antonio,mtsanantonio,johnnyjuarezmrzf,Johnny Juarez
Jan 30,home,Mt. San Jacinto,W,6-4,6,4,2,win,20150130_3x10,0,0,0,0,0.0,,,,0.0,,,2015,2014-15,Mt. San Antonio,mtsanantonio,johnnyjuarezmrzf,Johnny Juarez
Jan 31,home,Canyons,W,6-5,6,5,1,win,20150131_sqg3,0,0,0,0,0.0,,,,0.0,,,2015,2014-15,Mt. San Antonio,mtsanantonio,johnnyjuarezmrzf,Johnny Juarez
Feb 5,home,LA Pierce,L,12-11,12,11,1,win,20150205_1j5k,0,0,0,0,0.0,,,,0.0,,,2015,2014-15,Mt. San Antonio,mtsanantonio,johnnyjuarezmrzf,Johnny Juarez
Feb 7,home,Fullerton,L,6-5,6,5,1,win,20150207_8559,0,0,0,0,0.0,,,,0.0,,,2015,2014-15,Mt. San Antonio,mtsanantonio,johnnyjuarezmrzf,Johnny Juarez
Feb 10,home,Mt. San Jacinto,W,10-2,10,2,8,win,20150210_1xal,0,0,0,0,0.0,,,,0.0,,,2015,2014-15,Mt. San Antonio,mtsanantonio,johnnyjuarezmrzf,Johnny Juarez
Feb 12,home,Ventura,W,7-4,7,4,3,win,20150212_vx18,0,0,0,0,0.0,,,,0.0,,,2015,2014-15,Mt. San Antonio,mtsanantonio,johnnyjuarezmrzf,Johnny Juarez
Feb 17,home,Riverside,W,13-4,13,4,9,win,20150217_pmed,0,0,0,0,0.0,,,,0.0,,,2015,2014-15,Mt. San Antonio,mtsanantonio,johnnyjuarezmrzf,Johnny Juarez
Feb 18,home,Rio Hondo,W,7-0,7,0,7,win,20150218_ywqz,0,0,0,0,0.0,,,,0.0,,,2015,2014-15,Mt. San Antonio,mtsanantonio,johnnyjuarezmrzf,Johnny Juarez
Feb 21,home,Santa Ana,L,5-4,5,4,1,win,20150221_yaeg,0,0,0,0,0.0,,,,0.0,,,2015,2014-15,Mt. San Antonio,mtsanantonio,johnnyjuarezmrzf,Johnny Juarez
Feb 23,home,Fullerton,L,5-1,5,1,4,win,20150223_imq0,0,0,0,0,0.0,,,,0.0,,,2015,2014-15,Mt. San Antonio,mtsanantonio,johnnyjuarezmrzf,Johnny Juarez
Mar 4,home,LA Harbor,L,7-2,7,2,5,win,20150304_4a7r,0,0,0,0,0.0,,,,0.0,,,2015,2014-15,Mt. San Antonio,mtsanantonio,johnnyjuarezmrzf,Johnny Juarez
Mar 5,home,LA Harbor,W,9-5,9,5,4,win,20150305_u2v9,0,0,0,0,0.0,,,,0.0,,,2015,2014-15,Mt. San Antonio,mtsanantonio,johnnyjuarezmrzf,Johnny Juarez
Mar 7,home,LA Harbor,W,7-4,7,4,3,win,20150307_gzqp,0,0,0,0,0.0,,,,0.0,,,2015,2014-15,Mt. San Antonio,mtsanantonio,johnnyjuarezmrzf,Johnny Juarez
Mar 10,home,Cerritos,W,4-1,4,1,3,win,20150310_6krv,0,0,0,0,0.0,,,,0.0,,,2015,2014-15,Mt. San Antonio,mtsanantonio,johnnyjuarezmrzf,Johnny Juarez
Apr 2,home,Citrus,W,4-3,4,3,1,win,20150402_19cl,0,0,0,0,0.0,,,,0.0,,,2015,2014-15,Mt. San Antonio,mtsanantonio,johnnyjuarezmrzf,Johnny Juarez
Apr 4,home,Santa Ana,W,5-1,5,1,4,win,20150404_7l0l,0,0,0,0,0.0,,,,0.0,,,2015,2014-15,Mt. San Antonio,mtsanantonio,johnnyjuarezmrzf,Johnny Juarez
Apr 7,home,Long Beach,L,5-2,5,2,3,win,20150407_wo0f,0,0,0,0,0.0,,,,0.0,,,2015,2014-15,Mt. San Antonio,mtsanantonio,johnnyjuarezmrzf,Johnny Juarez
Apr 9,home,Long Beach,L,1-0,1,0,1,win,20150409_wdo5,0,0,0,0,0.0,,,,0.0,,,2015,2014-15,Mt. San Antonio,mtsanantonio,johnnyjuarezmrzf,Johnny Juarez
Apr 11,home,Long Beach,W,10-8,10,8,2,win,20150411_jyee,0,0,0,0,0.0,,,,0.0,,,2015,2014-15,Mt. San Antonio,mtsanantonio,johnnyjuarezmrzf,Johnny Juarez
Apr 14,home,El Camino-Compton Center,W,10-6,10,6,4,win,20150414_tecz,0,0,0,0,0.0,,,,0.0,,,2015,2014-15,Mt. San Antonio,mtsanantonio,johnnyjuarezmrzf,Johnny Juarez
Apr 16,home,El Camino-Compton Center,W,7-3,7,3,4,win,20150416_7bjj,0,0,0,0,0.0,,,,0.0,,,2015,2014-15,Mt. San Antonio,mtsanantonio,johnnyjuarezmrzf,Johnny Juarez
Apr 18,home,El Camino-Compton Center,L,8-7,8,7,1,win,20150418_ndf8,0,0,0,0,0.0,,,,0.0,,,2015,2014-15,Mt. San Antonio,mtsanantonio,johnnyjuarezmrzf,Johnny Juarez
Apr 21,home,Pasadena,L,2-0,2,0,2,win,20150421_6z6p,0,0,0,0,0.0,,,,0.0,,,2015,2014-15,Mt. San Antonio,mtsanantonio,johnnyjuarezmrzf,Johnny Juarez
Apr 23,home,Pasadena,L,11-4,11,4,7,win,20150423_x1jh,0,0,0,0,0.0,,,,0.0,,,2015,2014-15,Mt. San Antonio,mtsanantonio,johnnyjuarezmrzf,Johnny Juarez
Apr 24,home,Pasadena,W,5-4,5,4,1,win,20150424_0lry,0,0,0,0,0.0,,,,0.0,,,2015,2014-15,Mt. San Antonio,mtsanantonio,johnnyjuarezmrzf,Johnny Juarez
Mar 19,home,Southwestern,L,7-3,7,3,4,win,20150319_lrjy,0,0,0,0,2.0,2.0,2.0,1.0,4.5,4.0,2.0,2015,2014-15,San Diego City,sandiego,timbroaddusllsv,Tim Broaddus
Mar 21,home,Southwestern,L,3-2,3,2,1,win,20150321_gb20,0,0,0,0,0.0,,,,0.0,,,2015,2014-15,San Diego City,sandiego,timbroaddusllsv,Tim Broaddus
Mar 26,home,San Diego Mesa,L,11-0,11,0,11,win,20150326_vbgu,0,0,0,0,0.2,1.0,4.0,4.0,54.0,2.0,,2015,2014-15,San Diego City,sandiego,timbroaddusllsv,Tim Broaddus
Apr 24,home,Mt. San Jacinto,W,6-3,6,3,3,win,20150424_011h,0,0,0,0,1.0,1.0,1.0,1.0,9.0,,1.0,2015,2014-15,San Diego City,sandiego,timbroaddusllsv,Tim Broaddus
Feb 14,home,Santa Rosa,L,11-1,11,1,10,win,20150214_2sh8,0,0,0,0,0.0,,,,0.0,,,2015,2014-15,Los Medanos,losmedanos,jeremiahfrancisr2te,Jeremiah Francis
Feb 17,home,Diablo Valley,W,6-4,6,4,2,win,20150217_vxqo,0,0,0,0,0.0,,,,0.0,,,2015,2014-15,Los Medanos,losmedanos,jeremiahfrancisr2te,Jeremiah Francis
Feb 18,home,Ohlone,L,11-3,11,3,8,win,20150218_898a,0,0,0,0,0.0,,,,0.0,,,2015,2014-15,Los Medanos,losmedanos,jeremiahfrancisr2te,Jeremiah Francis
Feb 19,home,Diablo Valley,W,6-5,6,5,1,win,20150219_56ty,0,0,0,0,0.0,,,,0.0,,,2015,2014-15,Los Medanos,losmedanos,jeremiahfrancisr2te,Jeremiah Francis
Feb 21,home,Ohlone,W,6-4,6,4,2,win,20150221_ubgt,0,0,0,0,0.0,,,,0.0,,,2015,2014-15,Los Medanos,losmedanos,jeremiahfrancisr2te,Jeremiah Francis
Feb 24,home,Folsom Lake,L,4-2,4,2,2,win,20150224_ub14,0,0,0,0,0.0,,,,0.0,,,2015,2014-15,Los Medanos,losmedanos,jeremiahfrancisr2te,Jeremiah Francis
Feb 26,home,Folsom Lake,L,6-4,6,4,2,win,20150226_p1fp,0,0,0,0,0.0,,,,0.0,,,2015,2014-15,Los Medanos,losmedanos,jeremiahfrancisr2te,Jeremiah Francis
Mar 5,home,Yuba,L,7-5,7,5,2,win,20150305_00gv,0,0,0,0,0.0,,,,0.0,,,2015,2014-15,Los Medanos,losmedanos,jeremiahfrancisr2te,Jeremiah Francis
Mar 7,home,Yuba,W,16-7,16,7,9,win,20150307_9ng1,0,0,0,0,0.0,,,,0.0,,,2015,2014-15,Los Medanos,losmedanos,jeremiahfrancisr2te,Jeremiah Francis
Mar 10,home,Mendocino,W,3-2,3,2,1,win,20150310_a2ni,0,0,0,0,0.0,,,,0.0,,,2015,2014-15,Los Medanos,losmedanos,jeremiahfrancisr2te,Jeremiah Francis
Mar 12,home,Mendocino,W,7-2,7,2,5,win,20150312_lpxa,0,0,0,0,0.0,,,,0.0,,,2015,2014-15,Los Medanos,losmedanos,jeremiahfrancisr2te,Jeremiah Francis
Mar 14,home,Napa,L,7-6,7,6,1,win,20150314_jcqz,0,0,0,0,0.0,,,,0.0,,,2015,2014-15,Los Medanos,losmedanos,jeremiahfrancisr2te,Jeremiah Francis
Mar 17,home,Napa,L,4-0,4,0,4,win,20150317_3m3d,0,0,0,0,0.0,,,,0.0,,,2015,2014-15,Los Medanos,losmedanos,jeremiahfrancisr2te,Jeremiah Francis
Mar 19,home,Solano,L,5-4,5,4,1,win,20150319_k6ho,0,0,0,0,0.0,,,,0.0,,,2015,2014-15,Los Medanos,losmedanos,jeremiahfrancisr2te,Jeremiah Francis
Mar 21,home,Solano,W,2-1,2,1,1,win,20150321_k09l,0,0,0,0,0.0,,,,0.0,,,2015,2014-15,Los Medanos,losmedanos,jeremiahfrancisr2te,Jeremiah Francis
Mar 24,home,Marin,L,11-1,11,1,10,win,20150324_10f3,0,0,0,0,0.0,,,,0.0,,,2015,2014-15,Los Medanos,losmedanos,jeremiahfrancisr2te,Jeremiah Francis
Mar 26,home,Marin,L,12-5,12,5,7,win,20150326_zpwf,0,0,0,0,0.0,,,,0.0,,,2015,2014-15,Los Medanos,losmedanos,jeremiahfrancisr2te,Jeremiah Francis
Mar 28,home,Laney,W,8-2,8,2,6,win,20150328_9xsi,0,0,0,0,0.0,,,,0.0,,,2015,2014-15,Los Medanos,losmedanos,jeremiahfrancisr2te,Jeremiah Francis
Mar 31,home,Laney,W,7-2,7,2,5,win,20150331_nioo,0,0,0,0,0.0,,,,0.0,,,2015,2014-15,Los Medanos,losmedanos,jeremiahfrancisr2te,Jeremiah Francis
Apr 2,home,Contra Costa,L,6-4,6,4,2,win,20150402_a944,0,0,0,0,0.0,,,,0.0,,,2015,2014-15,Los Medanos,losmedanos,jeremiahfrancisr2te,Jeremiah Francis
Apr 3,home,Contra Costa,W,5-1,5,1,4,win,20150403_orhf,0,0,0,0,0.0,,,,0.0,,,2015,2014-15,Los Medanos,losmedanos,jeremiahfrancisr2te,Jeremiah Francis
Apr 7,home,Folsom Lake,L,8-3,8,3,5,win,20150407_vmgz,0,0,0,0,0.0,,,,0.0,,,2015,2014-15,Los Medanos,losmedanos,jeremiahfrancisr2te,Jeremiah Francis
Apr 10,home,Yuba,W,9-8,9,8,1,win,20150410_xa3j,0,0,0,0,0.0,,,,0.0,,,2015,2014-15,Los Medanos,losmedanos,jeremiahfrancisr2te,Jeremiah Francis
Apr 14,home,Mendocino,W,7-5,7,5,2,win,20150414_7n5t,0,0,0,0,0.0,,,,0.0,,,2015,2014-15,Los Medanos,losmedanos,jeremiahfrancisr2te,Jeremiah Francis
Apr 16,home,Napa,L,7-6,7,6,1,win,20150416_af6o,0,0,0,0,0.0,,,,0.0,,,2015,2014-15,Los Medanos,losmedanos,jeremiahfrancisr2te,Jeremiah Francis
Apr 17,home,Solano,L,6-4,6,4,2,win,20150417_fbkw,0,0,0,0,0.0,,,,0.0,,,2015,2014-15,Los Medanos,losmedanos,jeremiahfrancisr2te,Jeremiah Francis
Apr 21,home,Marin,W,5-4,5,4,1,win,20150421_fvvy,0,0,0,0,0.0,,,,0.0,,,2015,2014-15,Los Medanos,losmedanos,jeremiahfrancisr2te,Jeremiah Francis
Apr 24,home,Contra Costa,W,10-2,10,2,8,win,20150424_v5ia,0,0,0,0,0.0,,,,0.0,,,2015,2014-15,Los Medanos,losmedanos,jeremiahfrancisr2te,Jeremiah Francis
Jan 27,home,Santa Ana,L,8-1,8,1,7,win,20150127_p33k,0,0,0,0,0.0,,,,0.0,,,2015,2014-15,El Camino-Compton Center,elcaminocomptoncenter,luisterrazas4sua,Luis Terrazas
Jan 31,home,San Bernardino,L,4-2,4,2,2,win,20150131_owhz,0,0,0,0,0.0,,,,0.0,,,2015,2014-15,El Camino-Compton Center,elcaminocomptoncenter,luisterrazas4sua,Luis Terrazas
Feb 3,home,Irvine Valley,L,6-1,6,1,5,win,20150203_129x,0,0,0,0,0.0,,,,0.0,,,2015,2014-15,El Camino-Compton Center,elcaminocomptoncenter,luisterrazas4sua,Luis Terrazas
Feb 7,home,Barstow,W,5-0,5,0,5,win,20150207_fvkv,0,0,0,0,0.0,,,,0.0,,,2015,2014-15,El Camino-Compton Center,elcaminocomptoncenter,luisterrazas4sua,Luis Terrazas
Feb 10,home,West LA,W,7-3,7,3,4,win,20150210_rcnd,0,0,0,0,0.0,,,,0.0,,,2015,2014-15,El Camino-Compton Center,elcaminocomptoncenter,luisterrazas4sua,Luis Terrazas
Feb 12,home,LA Valley,W,5-2,5,2,3,win,20150212_j5eg,0,0,0,0,0.0,,,,0.0,,,2015,2014-15,El Camino-Compton Center,elcaminocomptoncenter,luisterrazas4sua,Luis Terrazas
Feb 17,home,San Bernardino,L,9-6,9,6,3,win,20150217_920x,0,0,0,0,0.0,,,,0.0,,,2015,2014-15,El Camino-Compton Center,elcaminocomptoncenter,luisterrazas4sua,Luis Terrazas
Feb 18,home,Imperial Valley,W,6-3,6,3,3,win,20150218_pskx,0,0,0,0,0.0,,,,0.0,,,2015,2014-15,El Camino-Compton Center,elcaminocomptoncenter,luisterrazas4sua,Luis Terrazas
Mar 3,home,East Los Angeles,W,2-1,2,1,1,win,20150303_4okn,0,0,0,0,0.0,,,,0.0,,,2015,2014-15,El Camino-Compton Center,elcaminocomptoncenter,luisterrazas4sua,Luis Terrazas
Mar 5,home,East Los Angeles,W,4-0,4,0,4,win,20150305_r3wx,0,0,0,0,0.0,,,,0.0,,,2015,2014-15,El Camino-Compton Center,elcaminocomptoncenter,luisterrazas4sua,Luis Terrazas
Mar 7,home,East Los Angeles,L,10-3,10,3,7,win,20150307_22es,0,0,0,0,0.0,,,,0.0,,,2015,2014-15,El Camino-Compton Center,elcaminocomptoncenter,luisterrazas4sua,Luis Terrazas
Mar 10,home,El Camino,W,13-11,13,11,2,win,20150310_9sd1,0,0,0,0,0.0,,,,0.0,,,2015,2014-15,El Camino-Compton Center,elcaminocomptoncenter,luisterrazas4sua,Luis Terrazas
Mar 12,home,El Camino,W,11-10,11,10,1,win,20150312_h8tp,0,0,0,0,0.0,,,,0.0,,,2015,2014-15,El Camino-Compton Center,elcaminocomptoncenter,luisterrazas4sua,Luis Terrazas
Mar 28,home,Cerritos,W,2-1,2,1,1,win,20150328_1ngb,0,0,0,0,0.0,,,,0.0,,,2015,2014-15,El Camino-Compton Center,elcaminocomptoncenter,luisterrazas4sua,Luis Terrazas
Jan 27,home,Yuba,L,11-6,11,6,5,win,20150127_cts9,0,0,0,0,0.0,,,,0.0,,,2015,2014-15,De Anza,deanza,dannymolinario2f5,Danny Molinari
Jan 30,home,Yuba,L,6-2,6,2,4,win,20150130_8qqo,0,0,0,0,0.0,,,,0.0,,,2015,2014-15,De Anza,deanza,dannymolinario2f5,Danny Molinari
Feb 2,home,Santa Rosa,L,9-1,9,1,8,win,20150202_v2ar,0,0,0,0,0.0,,,,0.0,,,2015,2014-15,De Anza,deanza,dannymolinario2f5,Danny Molinari
Feb 3,home,Reedley,W,4-3,4,3,1,win,20150203_ux06,0,0,0,0,0.0,,,,0.0,,,2015,2014-15,De Anza,deanza,dannymolinario2f5,Danny Molinari
Feb 5,home,Santa Rosa,L,10-0,10,0,10,win,20150205_xcfp,0,0,0,0,0.0,,,,0.0,,,2015,2014-15,De Anza,deanza,dannymolinario2f5,Danny Molinari
Feb 10,home,Contra Costa,W,1-0,1,0,1,win,20150210_go9s,0,0,0,0,0.0,,,,0.0,,,2015,2014-15,De Anza,deanza,dannymolinario2f5,Danny Molinari
Feb 12,home,Contra Costa,W,8-3,8,3,5,win,20150212_63kg,0,0,0,0,0.0,,,,0.0,,,2015,2014-15,De Anza,deanza,dannymolinario2f5,Danny Molinari
Feb 14,home,Sequoias,L,12-5,12,5,7,win,20150214_2rxi,0,0,0,0,0.0,,,,0.0,,,2015,2014-15,De Anza,deanza,dannymolinario2f5,Danny Molinari
Feb 17,home,Monterey,L,5-4,5,4,1,win,20150217_076v,0,0,0,0,0.0,,,,0.0,,,2015,2014-15,De Anza,deanza,dannymolinario2f5,Danny Molinari
Feb 18,home,Cabrillo,W,7-5,7,5,2,win,20150218_bvdz,0,0,0,0,0.0,,,,0.0,,,2015,2014-15,De Anza,deanza,dannymolinario2f5,Danny Molinari
Feb 21,home,Glendale,L,8-5,8,5,3,win,20150221_2sbj,0,0,0,0,0.0,,,,0.0,,,2015,2014-15,De Anza,deanza,dannymolinario2f5,Danny Molinari
Feb 24,home,San Mateo,L,9-7,9,7,2,win,20150224_gy68,0,0,0,0,0.0,,,,0.0,,,2015,2014-15,De Anza,deanza,dannymolinario2f5,Danny Molinari
Feb 27,home,West Valley,L,17-4,17,4,13,win,20150227_c2ke,0,0,0,0,0.0,,,,0.0,,,2015,2014-15,De Anza,deanza,dannymolinario2f5,Danny Molinari
Mar 3,home,San Francisco,W,9-0,9,0,9,win,20150303_qjos,0,0,0,0,0.0,,,,0.0,,,2015,2014-15,De Anza,deanza,dannymolinario2f5,Danny Molinari
Mar 5,home,West Valley,W,4-3,4,3,1,win,20150305_c8uq,0,0,0,0,0.0,,,,0.0,,,2015,2014-15,De Anza,deanza,dannymolinario2f5,Danny Molinari
Mar 7,home,Mission,L,3-2,3,2,1,win,20150307_55wu,0,0,0,0,0.0,,,,0.0,,,2015,2014-15,De Anza,deanza,dannymolinario2f5,Danny Molinari
Mar 12,home,Monterey,W,5-4,5,4,1,win,20150312_olrt,0,0,0,0,0.0,,,,0.0,,,2015,2014-15,De Anza,deanza,dannymolinario2f5,Danny Molinari
Mar 14,home,Chabot,W,17-4,17,4,13,win,20150314_zg9i,0,0,0,0,0.0,,,,0.0,,,2015,2014-15,De Anza,deanza,dannymolinario2f5,Danny Molinari
Mar 17,home,Cabrillo,L,4-2,4,2,2,win,20150317_iyaq,0,0,0,0,0.0,,,,0.0,,,2015,2014-15,De Anza,deanza,dannymolinario2f5,Danny Molinari
Mar 19,home,San Mateo,W,3-1,3,1,2,win,20150319_v2of,0,0,0,0,0.0,,,,0.0,,,2015,2014-15,De Anza,deanza,dannymolinario2f5,Danny Molinari
Mar 21,home,San Francisco,W,5-1,5,1,4,win,20150321_vdfj,0,0,0,0,0.0,,,,0.0,,,2015,2014-15,De Anza,deanza,dannymolinario2f5,Danny Molinari
Mar 24,home,West Valley,W,12-6,12,6,6,win,20150324_38ph,0,0,0,0,0.0,,,,0.0,,,2015,2014-15,De Anza,deanza,dannymolinario2f5,Danny Molinari
Mar 27,home,San Francisco,W,3-2,3,2,1,win,20150327_8ipu,0,0,0,0,0.0,,,,0.0,,,2015,2014-15,De Anza,deanza,dannymolinario2f5,Danny Molinari
Mar 28,home,Mission,W,5-1,5,1,4,win,20150328_y25r,0,0,0,0,0.0,,,,0.0,,,2015,2014-15,De Anza,deanza,dannymolinario2f5,Danny Molinari
Mar 31,home,Canada,W,1-0,1,0,1,win,20150331_q14r,0,0,0,0,0.0,,,,0.0,,,2015,2014-15,De Anza,deanza,dannymolinario2f5,Danny Molinari
Apr 2,home,Chabot,L,6-5,6,5,1,win,20150401_cgjl,0,0,0,0,0.0,,,,0.0,,,2015,2014-15,De Anza,deanza,dannymolinario2f5,Danny Molinari
Apr 4,home,Skyline,W,1-0,1,0,1,win,20150404_ib5a,0,0,0,0,0.0,,,,0.0,,,2015,2014-15,De Anza,deanza,dannymolinario2f5,Danny Molinari
Apr 8,home,Gavilan,W,3-2,3,2,1,win,20150408_ojoc,0,0,0,0,0.0,,,,0.0,,,2015,2014-15,De Anza,deanza,dannymolinario2f5,Danny Molinari
Apr 9,home,Chabot,L,15-4,15,4,11,win,20150408_m9ov,0,0,0,0,0.0,,,,0.0,,,2015,2014-15,De Anza,deanza,dannymolinario2f5,Danny Molinari
Apr 11,home,Mission,L,7-2,7,2,5,win,20150411_w9mn,0,0,0,0,0.0,,,,0.0,,,2015,2014-15,De Anza,deanza,dannymolinario2f5,Danny Molinari
Apr 14,home,West Valley,L,2-1,2,1,1,win,20150414_lvt9,0,0,0,0,0.0,,,,0.0,,,2015,2014-15,De Anza,deanza,dannymolinario2f5,Danny Molinari
Apr 18,home,San Francisco,W,7-0,7,0,7,win,20150418_k8kg,0,0,0,0,0.0,,,,0.0,,,2015,2014-15,De Anza,deanza,dannymolinario2f5,Danny Molinari
Apr 21,home,Ohlone,L,6-2,6,2,4,win,20150421_fmzd,0,0,0,0,0.0,,,,0.0,,,2015,2014-15,De Anza,deanza,dannymolinario2f5,Danny Molinari
Apr 23,home,San Mateo,L,7-3,7,3,4,win,20150423_49vc,0,0,0,0,0.0,,,,0.0,,,2015,2014-15,De Anza,deanza,dannymolinario2f5,Danny Molinari
Apr 28,home,Skyline,L,3-1,3,1,2,win,20150428_w6h7,0,0,0,0,0.0,,,,0.0,,,2015,2014-15,De Anza,deanza,dannymolinario2f5,Danny Molinari
Jan 31,home,Victor Valley,W,8-1,8,1,7,win,20150131_0wkx,0,0,0,0,0.0,,,,0.0,,,2015,2014-15,Southwestern,southwestern,erickingor2q,Eric King
Feb 10,home,Fullerton,L,11-6,11,6,5,win,20150210_zrxi,0,0,0,0,0.0,,,,0.0,,,2015,2014-15,Southwestern,southwestern,erickingor2q,Eric King
Feb 13,home,Victor Valley,W,8-3,8,3,5,win,20150213_ar1x,0,0,0,0,0.0,,,,0.0,,,2015,2014-15,Southwestern,southwestern,erickingor2q,Eric King
Feb 19,home,East Los Angeles,L,6-1,6,1,5,win,20150219_n49o,0,0,0,0,0.0,,,,0.0,,,2015,2014-15,Southwestern,southwestern,erickingor2q,Eric King
Feb 24,home,San Diego City,L,6-0,6,0,6,win,20150224_nils,0,0,0,0,0.0,,,,0.0,,,2015,2014-15,Southwestern,southwestern,erickingor2q,Eric King
Feb 28,home,Imperial Valley,L,5-4,5,4,1,win,20150228_tzh6,0,0,0,0,0.0,,,,0.0,,,2015,2014-15,Southwestern,southwestern,erickingor2q,Eric King
Mar 5,home,Mt. San Jacinto,W,10-1,10,1,9,win,20150305_xkak,0,0,0,0,0.0,,,,0.0,,,2015,2014-15,Southwestern,southwestern,erickingor2q,Eric King
Mar 14,home,San Diego Mesa,L,7-4,7,4,3,win,20150314_6ebt,0,0,0,0,0.0,,,,0.0,,,2015,2014-15,Southwestern,southwestern,erickingor2q,Eric King
Jan 30,home,Taft,L,3-2,3,2,1,win,20150130_q1vt,0,0,0,0,0.0,,,,0.0,,,2015,2014-15,Feather River,featherriver,rexcampbelltk18,Rex Campbell
Feb 5,home,Sierra,W,6-4,6,4,2,win,20150205_zkth,0,0,0,0,0.0,,,,0.0,,,2015,2014-15,Feather River,featherriver,rexcampbelltk18,Rex Campbell
Feb 5,home,American River,W,9-3,9,3,6,win,20150205_psel,0,0,0,0,0.0,,,,0.0,,,2015,2014-15,Feather River,featherriver,rexcampbelltk18,Rex Campbell
Feb 9,home,Cabrillo,W,11-10,11,10,1,win,20150209_o3s5,0,0,0,0,0.0,,,,0.0,,,2015,2014-15,Feather River,featherriver,rexcampbelltk18,Rex Campbell
Feb 12,home,Yuba,W,10-1,10,1,9,win,20150212_tioz,0,0,0,0,0.0,,,,0.0,,,2015,2014-15,Feather River,featherriver,rexcampbelltk18,Rex Campbell
Feb 13,home,West Valley,W,12-1,12,1,11,win,20150213_p1z8,0,0,0,0,0.0,,,,0.0,,,2015,2014-15,Feather River,featherriver,rexcampbelltk18,Rex Campbell
Feb 14,home,Cabrillo,L,7-6,7,6,1,win,20150214_55y7,0,0,0,0,0.0,,,,0.0,,,2015,2014-15,Feather River,featherriver,rexcampbelltk18,Rex Campbell
Feb 20,home,Ohlone,L,3-2,3,2,1,win,20150220_hj0c,0,0,0,0,0.0,,,,0.0,,,2015,2014-15,Feather River,featherriver,rexcampbelltk18,Rex Campbell
Feb 21,home,San Mateo,L,11-7,11,7,4,win,20150221_0oft,0,0,0,0,0.0,,,,0.0,,,2015,2014-15,Feather River,featherriver,rexcampbelltk18,Rex Campbell
Feb 25,home,Siskiyous,W,13-3,13,3,10,win,20150225_gwxy,0,0,0,0,0.0,,,,0.0,,,2015,2014-15,Feather River,featherriver,rexcampbelltk18,Rex Campbell
Feb 26,home,Siskiyous,W,11-4,11,4,7,win,20150226_qx38,0,0,0,0,0.0,,,,0.0,,,2015,2014-15,Feather River,featherriver,rexcampbelltk18,Rex Campbell
Feb 26,home,Siskiyous,W,23-3,23,3,20,win,20150226_jplh,0,0,0,0,0.0,,,,0.0,,,2015,2014-15,Feather River,featherriver,rexcampbelltk18,Rex Campbell
Mar 6,home,Redwoods,W,7-0,7,0,7,win,20150306_qmnt,0,0,0,0,0.0,,,,0.0,,,2015,2014-15,Feather River,featherriver,rexcampbelltk18,Rex Campbell
Mar 6,home,Redwoods,W,20-1,20,1,19,win,20150306_fa6w,0,0,0,0,0.0,,,,0.0,,,2015,2014-15,Feather River,featherriver,rexcampbelltk18,Rex Campbell
Mar 7,home,Redwoods,W,12-8,12,8,4,win,20150307_9d9n,0,0,0,0,0.0,,,,0.0,,,2015,2014-15,Feather River,featherriver,rexcampbelltk18,Rex Campbell
Mar 13,home,Lassen,W,11-6,11,6,5,win,20150313_bzvq,0,0,0,0,0.0,,,,0.0,,,2015,2014-15,Feather River,featherriver,rexcampbelltk18,Rex Campbell
Mar 14,home,Lassen,W,4-3,4,3,1,win,20150314_99lk,0,0,0,0,0.0,,,,0.0,,,2015,2014-15,Feather River,featherriver,rexcampbelltk18,Rex Campbell
Mar 14,home,Lassen,W,15-3,15,3,12,win,20150314_isp8,0,0,0,0,0.0,,,,0.0,,,2015,2014-15,Feather River,featherriver,rexcampbelltk18,Rex Campbell
Mar 20,home,Butte,L,13-10,13,10,3,win,20150320_gepq,0,0,0,0,0.0,,,,0.0,,,2015,2014-15,Feather River,featherriver,rexcampbelltk18,Rex Campbell
Mar 21,home,Butte,W,7-1,7,1,6,win,20150321_ybt5,0,0,0,0,0.0,,,,0.0,,,2015,2014-15,Feather River,featherriver,rexcampbelltk18,Rex Campbell
Mar 21,home,Butte,W,6-2,6,2,4,win,20150321_w3ya,0,0,0,0,0.0,,,,0.0,,,2015,2014-15,Feather River,featherriver,rexcampbelltk18,Rex Campbell
Mar 28,home,Shasta,W,7-2,7,2,5,win,20150328_th3d,0,0,0,0,0.0,,,,0.0,,,2015,2014-15,Feather River,featherriver,rexcampbelltk18,Rex Campbell
Mar 28,home,Shasta,W,11-5,11,5,6,win,20150328_m805,0,0,0,0,0.0,,,,0.0,,,2015,2014-15,Feather River,featherriver,rexcampbelltk18,Rex Campbell
Mar 29,home,Shasta,L,3-2,3,2,1,win,20150329_6n73,0,0,0,0,0.0,,,,0.0,,,2015,2014-15,Feather River,featherriver,rexcampbelltk18,Rex Campbell
Apr 3,home,Siskiyous,W,5-2,5,2,3,win,20150403_02cw,0,0,0,0,0.0,,,,0.0,,,2015,2014-15,Feather River,featherriver,rexcampbelltk18,Rex Campbell
Apr 3,home,Siskiyous,W,9-0,9,0,9,win,20150403_iwlx,0,0,0,0,0.0,,,,0.0,,,2015,2014-15,Feather River,featherriver,rexcampbelltk18,Rex Campbell
Apr 9,home,Redwoods,W,8-4,8,4,4,win,20150409_qzvs,0,0,0,0,0.0,,,,0.0,,,2015,2014-15,Feather River,featherriver,rexcampbelltk18,Rex Campbell
Apr 9,home,Redwoods,W,4-3,4,3,1,win,20150409_1p26,0,0,0,0,0.0,,,,0.0,,,2015,2014-15,Feather River,featherriver,rexcampbelltk18,Rex Campbell
Apr 11,home,Lassen,W,9-6,9,6,3,win,20150411_i0sx,0,0,0,0,0.0,,,,0.0,,,2015,2014-15,Feather River,featherriver,rexcampbelltk18,Rex Campbell
Apr 11,home,Lassen,W,4-2,4,2,2,win,20150411_tgxs,0,0,0,0,0.0,,,,0.0,,,2015,2014-15,Feather River,featherriver,rexcampbelltk18,Rex Campbell
Apr 18,home,Butte,L,4-1,4,1,3,win,20150418_77xo,0,0,0,0,0.0,,,,0.0,,,2015,2014-15,Feather River,featherriver,rexcampbelltk18,Rex Campbell
Apr 18,home,Butte,W,5-3,5,3,2,win,20150418_up5q,0,0,0,0,0.0,,,,0.0,,,2015,2014-15,Feather River,featherriver,rexcampbelltk18,Rex Campbell
Apr 23,home,Shasta,W,11-4,11,4,7,win,20150423_nfig,0,0,0,0,0.0,,,,0.0,,,2015,2014-15,Feather River,featherriver,rexcampbelltk18,Rex Campbell
May 1,home,Folsom Lake,L,8-7,8,7,1,win,20150501_xamj,0,0,0,0,0.0,,,,0.0,,,2015,2014-15,Feather River,featherriver,rexcampbelltk18,Rex Campbell
May 2,home,Folsom Lake,W,5-4,5,4,1,win,20150502_1iqo,0,0,0,0,0.0,,,,0.0,,,2015,2014-15,Feather River,featherriver,rexcampbelltk18,Rex Campbell
May 8,home,Cosumnes River,L,9-3,9,3,6,win,20150508_mjt3,0,0,0,0,0.0,,,,0.0,,,2015,2014-15,Feather River,featherriver,rexcampbelltk18,Rex Campbell
May 9,home,Cosumnes River,W,8-5,8,5,3,win,20150509_9ms9,0,0,0,0,0.0,,,,0.0,,,2015,2014-15,Feather River,featherriver,rexcampbelltk18,Rex Campbell
May 10,home,Cosumnes River,W,3-2,3,2,1,win,20150510_z2mm,0,0,0,0,0.0,,,,0.0,,,2015,2014-15,Feather River,featherriver,rexcampbelltk18,Rex Campbell
May 15,home,Fresno City,L,2-1,2,1,1,win,20150515_ofyn,0,0,0,0,0.0,,,,0.0,,,2015,2014-15,Feather River,featherriver,rexcampbelltk18,Rex Campbell
May 16,home,Fresno City,L,9-7,9,7,2,win,20150516_5yt2,0,0,0,0,0.0,,,,0.0,,,2015,2014-15,Feather River,featherriver,rexcampbelltk18,Rex Campbell
Jan 27,home,Chaffey,W,6-5,6,5,1,win,20150127_7jrj,0,0,0,0,0.0,,,,0.0,,,2015,2014-15,San Diego City,sandiego,kylegoldensuq9,Kyle Golden
Jan 30,home,Saddleback,L,13-5,13,5,8,win,20150130_dtb0,0,0,0,0,0.0,,,,0.0,,,2015,2014-15,San Diego City,sandiego,kylegoldensuq9,Kyle Golden
Jan 31,home,Saddleback,L,8-0,8,0,8,win,20150131_6ct2,0,0,0,0,0.0,,,,0.0,,,2015,2014-15,San Diego City,sandiego,kylegoldensuq9,Kyle Golden
Feb 3,home,West LA,W,4-3,4,3,1,win,20150203_c3ar,0,0,0,0,0.0,,,,0.0,,,2015,2014-15,San Diego City,sandiego,kylegoldensuq9,Kyle Golden
Feb 14,home,El Camino-Compton Center,L,6-3,6,3,3,win,20150214_c86d,0,0,0,0,0.0,,,,0.0,,,2015,2014-15,San Diego City,sandiego,kylegoldensuq9,Kyle Golden
Feb 17,home,Irvine Valley,W,6-1,6,1,5,win,20150217_e72u,0,0,0,0,0.0,,,,0.0,,,2015,2014-15,San Diego City,sandiego,kylegoldensuq9,Kyle Golden
Feb 26,home,San Diego Mesa,W,4-3,4,3,1,win,20150226_n4yt,0,0,0,0,0.0,,,,0.0,,,2015,2014-15,San Diego City,sandiego,kylegoldensuq9,Kyle Golden
Mar 4,home,Grossmont,L,10-2,10,2,8,win,20150304_hnvp,0,0,0,0,0.0,,,,0.0,,,2015,2014-15,San Diego City,sandiego,kylegoldensuq9,Kyle Golden
Mar 5,home,Imperial Valley,L,5-3,5,3,2,win,20150305_jl50,0,0,0,0,0.0,,,,0.0,,,2015,2014-15,San Diego City,sandiego,kylegoldensuq9,Kyle Golden
Mar 7,home,Mt. San Jacinto,L,12-2,12,2,10,win,20150307_k2nd,0,0,0,0,0.0,,,,0.0,,,2015,2014-15,San Diego City,sandiego,kylegoldensuq9,Kyle Golden
Mar 10,home,Palomar,L,1-0,1,0,1,win,20150310_z920,0,0,0,0,0.0,,,,0.0,,,2015,2014-15,San Diego City,sandiego,kylegoldensuq9,Kyle Golden
Mar 12,home,Palomar,L,6-1,6,1,5,win,20150312_xfqa,0,0,0,0,0.0,,,,0.0,,,2015,2014-15,San Diego City,sandiego,kylegoldensuq9,Kyle Golden
Mar 14,home,Palomar,L,10-6,10,6,4,win,20150314_j07u,0,0,0,0,0.0,,,,0.0,,,2015,2014-15,San Diego City,sandiego,kylegoldensuq9,Kyle Golden
Mar 17,home,Southwestern,L,6-3,6,3,3,win,20150317_ahu2,0,0,0,0,0.0,,,,0.0,,,2015,2014-15,San Diego City,sandiego,kylegoldensuq9,Kyle Golden
Mar 19,home,Southwestern,L,7-3,7,3,4,win,20150319_lrjy,0,0,0,0,0.0,,,,0.0,,,2015,2014-15,San Diego City,sandiego,kylegoldensuq9,Kyle Golden
Mar 21,home,Southwestern,L,3-2,3,2,1,win,20150321_gb20,0,0,0,0,0.0,,,,0.0,,,2015,2014-15,San Diego City,sandiego,kylegoldensuq9,Kyle Golden
Mar 24,home,San Diego Mesa,L,14-8,14,8,6,win,20150324_s8je,0,0,0,0,0.0,,,,0.0,,,2015,2014-15,San Diego City,sandiego,kylegoldensuq9,Kyle Golden
Mar 26,home,San Diego Mesa,L,11-0,11,0,11,win,20150326_vbgu,0,0,0,0,0.0,,,,0.0,,,2015,2014-15,San Diego City,sandiego,kylegoldensuq9,Kyle Golden
Apr 7,home,Grossmont,L,7-2,7,2,5,win,20150407_pozz,0,0,0,0,0.0,,,,0.0,,,2015,2014-15,San Diego City,sandiego,kylegoldensuq9,Kyle Golden
Apr 9,home,Grossmont,W,6-5,6,5,1,win,20150409_ybwt,0,0,0,0,0.0,,,,0.0,,,2015,2014-15,San Diego City,sandiego,kylegoldensuq9,Kyle Golden
Apr 10,home,Grossmont,L,6-2,6,2,4,win,20150410_k39j,0,0,0,0,0.0,,,,0.0,,,2015,2014-15,San Diego City,sandiego,kylegoldensuq9,Kyle Golden
Apr 14,home,Imperial Valley,W,12-7,12,7,5,win,20150414_s13b,0,0,0,0,0.0,,,,0.0,,,2015,2014-15,San Diego City,sandiego,kylegoldensuq9,Kyle Golden
Apr 16,home,Imperial Valley,W,7-6,7,6,1,win,20150416_34ea,0,0,0,0,0.0,,,,0.0,,,2015,2014-15,San Diego City,sandiego,kylegoldensuq9,Kyle Golden
Apr 17,home,Imperial Valley,W,7-0,7,0,7,win,20150417_7oj3,0,0,0,0,0.0,,,,0.0,,,2015,2014-15,San Diego City,sandiego,kylegoldensuq9,Kyle Golden
Apr 21,home,Mt. San Jacinto,W,13-7,13,7,6,win,20150421_yxtq,0,0,0,0,0.0,,,,0.0,,,2015,2014-15,San Diego City,sandiego,kylegoldensuq9,Kyle Golden
Apr 23,home,Mt. San Jacinto,L,2-1,2,1,1,win,20150423_gkne,0,0,0,0,0.0,,,,0.0,,,2015,2014-15,San Diego City,sandiego,kylegoldensuq9,Kyle Golden
Apr 24,home,Mt. San Jacinto,W,6-3,6,3,3,win,20150424_011h,0,0,0,0,0.0,,,,0.0,,,2015,2014-15,San Diego City,sandiego,kylegoldensuq9,Kyle Golden
Jan 29,home,Solano,W,6-1,6,1,5,win,20150129_goi0,0,0,0,0,0.0,,,,0.0,,,2015,2014-15,Taft,taft,austinpendergrass1wwa,Austin Pendergrass
Jan 30,home,Feather River,W,3-2,3,2,1,win,20150130_q1vt,0,0,0,0,0.0,,,,0.0,,,2015,2014-15,Taft,taft,austinpendergrass1wwa,Austin Pendergrass
Jan 31,home,Barstow,L,7-3,7,3,4,win,20150131_l2tm,0,0,0,0,0.0,,,,0.0,,,2015,2014-15,Taft,taft,austinpendergrass1wwa,Austin Pendergrass
Feb 5,home,Siskiyous,W,3-2,3,2,1,win,20150205_6f4v,0,0,0,0,0.0,,,,0.0,,,2015,2014-15,Taft,taft,austinpendergrass1wwa,Austin Pendergrass
Feb 6,home,Siskiyous,L,6-3,6,3,3,win,20150206_ecuz,0,0,0,0,0.0,,,,0.0,,,2015,2014-15,Taft,taft,austinpendergrass1wwa,Austin Pendergrass
Feb 7,home,Folsom Lake,W,17-4,17,4,13,win,20150207_mju4,0,0,0,0,0.0,,,,0.0,,,2015,2014-15,Taft,taft,austinpendergrass1wwa,Austin Pendergrass
Feb 13,home,Monterey,W,10-3,10,3,7,win,20150213_hmzu,0,0,0,0,0.0,,,,0.0,,,2015,2014-15,Taft,taft,austinpendergrass1wwa,Austin Pendergrass
Feb 13,home,Monterey,W,8-7,8,7,1,win,20150213_r0g9,0,0,0,0,0.0,,,,0.0,,,2015,2014-15,Taft,taft,austinpendergrass1wwa,Austin Pendergrass
Feb 14,home,Cerro Coso,W,12-5,12,5,7,win,20150214_d85d,0,0,0,0,0.0,,,,0.0,,,2015,2014-15,Taft,taft,austinpendergrass1wwa,Austin Pendergrass
Feb 17,home,West Hills Coalinga,W,12-6,12,6,6,win,20150217_22zu,0,0,0,0,0.0,,,,0.0,,,2015,2014-15,Taft,taft,austinpendergrass1wwa,Austin Pendergrass
Feb 19,home,West Hills Coalinga,W,14-5,14,5,9,win,20150219_cbmt,0,0,0,0,0.0,,,,0.0,,,2015,2014-15,Taft,taft,austinpendergrass1wwa,Austin Pendergrass
Feb 21,home,West Hills Coalinga,W,4-3,4,3,1,win,20150221_o8g9,0,0,0,0,0.0,,,,0.0,,,2015,2014-15,Taft,taft,austinpendergrass1wwa,Austin Pendergrass
Feb 24,home,Reedley,L,8-2,8,2,6,win,20150224_ttow,0,0,0,0,0.0,,,,0.0,,,2015,2014-15,Taft,taft,austinpendergrass1wwa,Austin Pendergrass
Feb 26,home,Reedley,L,8-1,8,1,7,win,20150226_grht,0,0,0,0,0.0,,,,0.0,,,2015,2014-15,Taft,taft,austinpendergrass1wwa,Austin Pendergrass
Feb 28,home,Reedley,W,6-5,6,5,1,win,20150228_74p6,0,0,0,0,0.0,,,,0.0,,,2015,2014-15,Taft,taft,austinpendergrass1wwa,Austin Pendergrass
Mar 3,home,Porterville,W,8-7,8,7,1,win,20150303_y1uy,0,0,0,0,0.0,,,,0.0,,,2015,2014-15,Taft,taft,austinpendergrass1wwa,Austin Pendergrass
Mar 5,home,Porterville,W,6-2,6,2,4,win,20150305_6h0a,0,0,0,0,0.0,,,,0.0,,,2015,2014-15,Taft,taft,austinpendergrass1wwa,Austin Pendergrass
Mar 7,home,Porterville,W,8-2,8,2,6,win,20150307_3mzd,0,0,0,0,0.0,,,,0.0,,,2015,2014-15,Taft,taft,austinpendergrass1wwa,Austin Pendergrass
Mar 10,home,Sequoias,L,5-1,5,1,4,win,20150310_mv0m,0,0,0,0,0.0,,,,0.0,,,2015,2014-15,Taft,taft,austinpendergrass1wwa,Austin Pendergrass
Mar 12,home,Sequoias,L,4-3,4,3,1,win,20150312_mgo4,0,0,0,0,0.0,,,,0.0,,,2015,2014-15,Taft,taft,austinpendergrass1wwa,Austin Pendergrass
Mar 14,home,Sequoias,L,5-3,5,3,2,win,20150314_63po,0,0,0,0,0.0,,,,0.0,,,2015,2014-15,Taft,taft,austinpendergrass1wwa,Austin Pendergrass
Mar 24,home,Fresno City,L,18-2,18,2,16,win,20150324_sq5j,0,0,0,0,0.0,,,,0.0,,,2015,2014-15,Taft,taft,austinpendergrass1wwa,Austin Pendergrass
Mar 26,home,Fresno City,L,9-6,9,6,3,win,20150326_it3o,0,0,0,0,0.0,,,,0.0,,,2015,2014-15,Taft,taft,austinpendergrass1wwa,Austin Pendergrass
Mar 28,home,Fresno City,L,10-2,10,2,8,win,20150328_2md6,0,0,0,0,0.0,,,,0.0,,,2015,2014-15,Taft,taft,austinpendergrass1wwa,Austin Pendergrass
Apr 1,home,Fullerton,L,11-0,11,0,11,win,20150401_q0je,0,0,0,0,0.0,,,,0.0,,,2015,2014-15,Taft,taft,austinpendergrass1wwa,Austin Pendergrass
Apr 2,home,Riverside,W,4-3,4,3,1,win,20150402_gveg,0,0,0,0,0.0,,,,0.0,,,2015,2014-15,Taft,taft,austinpendergrass1wwa,Austin Pendergrass
Apr 3,home,Moorpark,L,12-4,12,4,8,win,20150403_ujjd,0,0,0,0,0.0,,,,0.0,,,2015,2014-15,Taft,taft,austinpendergrass1wwa,Austin Pendergrass
Apr 8,home,Merced,L,9-7,9,7,2,win,20150408_rzug,0,0,0,0,0.0,,,,0.0,,,2015,2014-15,Taft,taft,austinpendergrass1wwa,Austin Pendergrass
Apr 9,home,Merced,W,3-1,3,1,2,win,20150409_c190,0,0,0,0,0.0,,,,0.0,,,2015,2014-15,Taft,taft,austinpendergrass1wwa,Austin Pendergrass
Apr 11,home,Merced,L,6-4,6,4,2,win,20150411_q2wk,0,0,0,0,0.0,,,,0.0,,,2015,2014-15,Taft,taft,austinpendergrass1wwa,Austin Pendergrass
Apr 14,home,Porterville,W,9-4,9,4,5,win,20150414_v841,0,0,0,0,0.0,,,,0.0,,,2015,2014-15,Taft,taft,austinpendergrass1wwa,Austin Pendergrass
Apr 16,home,Merced,L,13-3,13,3,10,win,20150416_jt8o,0,0,0,0,0.0,,,,0.0,,,2015,2014-15,Taft,taft,austinpendergrass1wwa,Austin Pendergrass
Apr 18,home,West Hills Coalinga,W,6-2,6,2,4,win,20150418_w7nt,0,0,0,0,0.0,,,,0.0,,,2015,2014-15,Taft,taft,austinpendergrass1wwa,Austin Pendergrass
Apr 19,home,Fresno City,W,4-3,4,3,1,win,20150419_q06i,0,0,0,0,0.0,,,,0.0,,,2015,2014-15,Taft,taft,austinpendergrass1wwa,Austin Pendergrass
Apr 21,home,Sequoias,W,2-1,2,1,1,win,20150421_qc8k,0,0,0,0,0.0,,,,0.0,,,2015,2014-15,Taft,taft,austinpendergrass1wwa,Austin Pendergrass
Apr 23,home,Reedley,W,4-2,4,2,2,win,20150423_39h3,0,0,0,0,0.0,,,,0.0,,,2015,2014-15,Taft,taft,austinpendergrass1wwa,Austin Pendergrass
Jan 29,home,LA Mission,L,6-2,6,2,4,win,20150129_2srr,1,0,1,0,5.0,8.0,4.0,4.0,7.2,0.0,5.0,2015,2014-15,San Bernardino,sanbernardino,brandonconlinwcjz,Brandon Conlin
Feb 5,home,Cypress,L,2-0,2,0,2,win,20150205_ml2m,1,0,1,0,8.0,8.0,2.0,2.0,2.25,2.0,4.0,2015,2014-15,San Bernardino,sanbernardino,brandonconlinwcjz,Brandon Conlin
Feb 12,home,El Camino,L,5-0,5,0,5,win,20150212_2rez,1,0,1,0,8.0,14.0,5.0,3.0,3.38,1.0,6.0,2015,2014-15,San Bernardino,sanbernardino,brandonconlinwcjz,Brandon Conlin
Feb 17,home,El Camino-Compton Center,W,9-6,9,6,3,win,20150217_920x,0,0,0,1,1.0,,,,0.0,,,2015,2014-15,San Bernardino,sanbernardino,brandonconlinwcjz,Brandon Conlin
Feb 21,home,Barstow,L,9-3,9,3,6,win,20150221_xemq,1,0,1,0,5.1,11.0,7.0,7.0,11.81,1.0,5.0,2015,2014-15,San Bernardino,sanbernardino,brandonconlinwcjz,Brandon Conlin
Feb 24,home,Cerro Coso,W,27-6,27,6,21,win,20150224_bprz,0,0,0,0,0.0,,,,0.0,,,2015,2014-15,San Bernardino,sanbernardino,brandonconlinwcjz,Brandon Conlin
Feb 28,home,Victor Valley,L,7-6,7,6,1,win,20150228_xaq9,1,0,0,0,7.0,10.0,5.0,3.0,3.86,3.0,8.0,2015,2014-15,San Bernardino,sanbernardino,brandonconlinwcjz,Brandon Conlin
Mar 7,home,Rio Hondo,L,6-5,6,5,1,win,20150307_1he3,1,0,0,0,7.2,9.0,5.0,4.0,4.7,1.0,4.0,2015,2014-15,San Bernardino,sanbernardino,brandonconlinwcjz,Brandon Conlin
Mar 14,home,Barstow,W,8-2,8,2,6,win,20150314_3sjw,1,1,0,0,7.0,7.0,2.0,1.0,1.29,2.0,4.0,2015,2014-15,San Bernardino,sanbernardino,brandonconlinwcjz,Brandon Conlin
Mar 21,home,Cerro Coso,W,9-6,9,6,3,win,20150321_3zwu,1,1,0,0,7.2,5.0,4.0,2.0,2.35,1.0,7.0,2015,2014-15,San Bernardino,sanbernardino,brandonconlinwcjz,Brandon Conlin
Apr 2,home,Victor Valley,W,11-2,11,2,9,win,20150402_pr7u,1,1,0,0,7.1,4.0,1.0,0.0,0.0,0.0,7.0,2015,2014-15,San Bernardino,sanbernardino,brandonconlinwcjz,Brandon Conlin
Apr 9,home,Desert,W,12-2,12,2,10,win,20150409_79wp,1,1,0,0,6.0,7.0,2.0,2.0,3.0,2.0,5.0,2015,2014-15,San Bernardino,sanbernardino,brandonconlinwcjz,Brandon Conlin
Apr 16,home,Chaffey,L,6-2,6,2,4,win,20150416_uwx1,1,0,1,0,8.1,14.0,5.0,4.0,4.32,1.0,5.0,2015,2014-15,San Bernardino,sanbernardino,brandonconlinwcjz,Brandon Conlin
Apr 23,home,Rio Hondo,W,21-7,21,7,14,win,20150423_n3uv,1,1,0,0,7.2,16.0,7.0,2.0,2.35,1.0,2.0,2015,2014-15,San Bernardino,sanbernardino,brandonconlinwcjz,Brandon Conlin
May 2,home,Saddleback,L,11-3,11,3,8,win,20150502_lypr,0,0,0,0,1.0,3.0,6.0,6.0,54.0,4.0,,2015,2014-15,San Bernardino,sanbernardino,brandonconlinwcjz,Brandon Conlin
Jan 27,home,West Valley,W,4-1,4,1,3,win,20150127_i1hs,0,0,0,0,0.0,,,,0.0,,,2015,2014-15,Solano,solano,andresquijadagukt,Andres Quijada
Jan 29,home,Taft,L,6-1,6,1,5,win,20150129_goi0,0,0,0,0,0.0,,,,0.0,,,2015,2014-15,Solano,solano,andresquijadagukt,Andres Quijada
Feb 5,home,San Mateo,L,7-4,7,4,3,win,20150205_2qwz,0,0,0,0,0.0,,,,0.0,,,2015,2014-15,Solano,solano,andresquijadagukt,Andres Quijada
Feb 7,home,San Mateo,W,8-6,8,6,2,win,20150207_pmgd,0,0,0,0,0.0,,,,0.0,,,2015,2014-15,Solano,solano,andresquijadagukt,Andres Quijada
Feb 10,home,American River,L,7-4,7,4,3,win,20150210_9wuy,0,0,0,0,0.0,,,,0.0,,,2015,2014-15,Solano,solano,andresquijadagukt,Andres Quijada
Feb 12,home,San Joaquin  Delta,L,5-1,5,1,4,win,20150212_4hfu,0,0,0,0,0.0,,,,0.0,,,2015,2014-15,Solano,solano,andresquijadagukt,Andres Quijada
Feb 14,home,San Joaquin  Delta,L,3-2,3,2,1,win,20150214_s2d3,0,0,0,0,0.0,,,,0.0,,,2015,2014-15,Solano,solano,andresquijadagukt,Andres Quijada
Feb 17,home,Hartnell,W,12-9,12,9,3,win,20150217_p2g5,0,0,0,0,0.0,,,,0.0,,,2015,2014-15,Solano,solano,andresquijadagukt,Andres Quijada
Feb 19,home,Santa Rosa,L,7-2,7,2,5,win,20150219_wf6q,0,0,0,0,0.0,,,,0.0,,,2015,2014-15,Solano,solano,andresquijadagukt,Andres Quijada
Feb 24,home,American River,L,9-7,9,7,2,win,20150224_736l,0,0,0,0,0.0,,,,0.0,,,2015,2014-15,Solano,solano,andresquijadagukt,Andres Quijada
Mar 3,home,Yuba,W,10-5,10,5,5,win,20150303_03ti,0,0,0,0,0.0,,,,0.0,,,2015,2014-15,Solano,solano,andresquijadagukt,Andres Quijada
Mar 7,home,Folsom Lake,W,2-1,2,1,1,win,20150307_lffh,0,0,0,0,0.0,,,,0.0,,,2015,2014-15,Solano,solano,andresquijadagukt,Andres Quijada
Mar 10,home,Laney,W,10-3,10,3,7,win,20150310_pve7,0,0,0,0,0.0,,,,0.0,,,2015,2014-15,Solano,solano,andresquijadagukt,Andres Quijada
Mar 12,home,Laney,W,11-7,11,7,4,win,20150312_5897,0,0,0,0,0.0,,,,0.0,,,2015,2014-15,Solano,solano,andresquijadagukt,Andres Quijada
Mar 17,home,Marin,W,5-3,5,3,2,win,20150317_yvk9,0,0,0,0,0.0,,,,0.0,,,2015,2014-15,Solano,solano,andresquijadagukt,Andres Quijada
Mar 24,home,Napa,L,10-3,10,3,7,win,20150324_j4na,0,0,0,0,0.0,,,,0.0,,,2015,2014-15,Solano,solano,andresquijadagukt,Andres Quijada
Mar 28,home,Contra Costa,W,10-0,10,0,10,win,20150328_x4x7,0,0,0,0,0.0,,,,0.0,,,2015,2014-15,Solano,solano,andresquijadagukt,Andres Quijada
Mar 31,home,Contra Costa,W,21-4,21,4,17,win,20150331_tszu,0,0,0,0,0.0,,,,0.0,,,2015,2014-15,Solano,solano,andresquijadagukt,Andres Quijada
Apr 3,home,Mendocino,W,8-7,8,7,1,win,20150403_rnlo,0,0,0,0,0.0,,,,0.0,,,2015,2014-15,Solano,solano,andresquijadagukt,Andres Quijada
Apr 10,home,Folsom Lake,W,11-3,11,3,8,win,20150410_d27z,0,0,0,0,0.0,,,,0.0,,,2015,2014-15,Solano,solano,andresquijadagukt,Andres Quijada
Apr 14,home,Laney,L,9-6,9,6,3,win,20150414_7jni,0,0,0,0,0.0,,,,0.0,,,2015,2014-15,Solano,solano,andresquijadagukt,Andres Quijada
Apr 16,home,Marin,L,16-8,16,8,8,win,20150416_md7r,0,0,0,0,0.0,,,,0.0,,,2015,2014-15,Solano,solano,andresquijadagukt,Andres Quijada
Apr 21,home,Napa,W,15-12,15,12,3,win,20150421_rx5s,0,0,0,0,0.0,,,,0.0,,,2015,2014-15,Solano,solano,andresquijadagukt,Andres Quijada
Apr 23,home,Contra Costa,W,18-10,18,10,8,win,20150423_r28r,0,0,0,0,0.0,,,,0.0,,,2015,2014-15,Solano,solano,andresquijadagukt,Andres Quijada
May 1,home,Ohlone,L,5-3,5,3,2,win,20150501_q6iw,0,0,0,0,0.0,,,,0.0,,,2015,2014-15,Solano,solano,andresquijadagukt,Andres Quijada
May 2,home,Ohlone,L,3-2,3,2,1,win,20150502_9m0n,0,0,0,0,0.0,,,,0.0,,,2015,2014-15,Solano,solano,andresquijadagukt,Andres Quijada
Jan 29,home,Glendale,W,9-2,9,2,7,win,20150129_5bve,0,0,0,0,0.0,,,,0.0,,,2015,2014-15,Mt. San Antonio,mtsanantonio,estebanortegas6xi,Esteban Ortega
Jan 30,home,Mt. San Jacinto,W,6-4,6,4,2,win,20150130_3x10,0,0,0,1,1.0,2.0,0.0,0.0,0.0,0.0,0.0,2015,2014-15,Mt. San Antonio,mtsanantonio,estebanortegas6xi,Esteban Ortega
Jan 31,home,Canyons,W,6-5,6,5,1,win,20150131_sqg3,0,0,0,0,0.0,,,,0.0,,,2015,2014-15,Mt. San Antonio,mtsanantonio,estebanortegas6xi,Esteban Ortega
Feb 5,home,LA Pierce,L,12-11,12,11,1,win,20150205_1j5k,0,0,1,0,0.1,3.0,4.0,1.0,27.0,1.0,0.0,2015,2014-15,Mt. San Antonio,mtsanantonio,estebanortegas6xi,Esteban Ortega
Feb 7,home,Fullerton,L,6-5,6,5,1,win,20150207_8559,0,0,0,0,0.0,,,,0.0,,,2015,2014-15,Mt. San Antonio,mtsanantonio,estebanortegas6xi,Esteban Ortega
Feb 10,home,Mt. San Jacinto,W,10-2,10,2,8,win,20150210_1xal,0,0,0,0,0.0,,,,0.0,,,2015,2014-15,Mt. San Antonio,mtsanantonio,estebanortegas6xi,Esteban Ortega
Feb 12,home,Ventura,W,7-4,7,4,3,win,20150212_vx18,0,0,0,0,0.0,,,,0.0,,,2015,2014-15,Mt. San Antonio,mtsanantonio,estebanortegas6xi,Esteban Ortega
Feb 17,home,Riverside,W,13-4,13,4,9,win,20150217_pmed,0,0,0,0,0.0,,,,0.0,,,2015,2014-15,Mt. San Antonio,mtsanantonio,estebanortegas6xi,Esteban Ortega
Feb 18,home,Rio Hondo,W,7-0,7,0,7,win,20150218_ywqz,0,0,0,0,0.0,,,,0.0,,,2015,2014-15,Mt. San Antonio,mtsanantonio,estebanortegas6xi,Esteban Ortega
Feb 21,home,Santa Ana,L,5-4,5,4,1,win,20150221_yaeg,0,0,0,0,0.0,,,,0.0,,,2015,2014-15,Mt. San Antonio,mtsanantonio,estebanortegas6xi,Esteban Ortega
Feb 23,home,Fullerton,L,5-1,5,1,4,win,20150223_imq0,0,0,0,0,0.0,,,,0.0,,,2015,2014-15,Mt. San Antonio,mtsanantonio,estebanortegas6xi,Esteban Ortega
Feb 24,home,Riverside,L,11-4,11,4,7,win,20150224_rv5x,0,0,0,0,0.0,,,,0.0,,,2015,2014-15,Mt. San Antonio,mtsanantonio,estebanortegas6xi,Esteban Ortega
Mar 4,home,LA Harbor,L,7-2,7,2,5,win,20150304_4a7r,0,0,0,0,0.0,,,,0.0,,,2015,2014-15,Mt. San Antonio,mtsanantonio,estebanortegas6xi,Esteban Ortega
Mar 5,home,LA Harbor,W,9-5,9,5,4,win,20150305_u2v9,0,0,0,0,0.0,,,,0.0,,,2015,2014-15,Mt. San Antonio,mtsanantonio,estebanortegas6xi,Esteban Ortega
Mar 7,home,LA Harbor,W,7-4,7,4,3,win,20150307_gzqp,0,0,0,0,0.0,,,,0.0,,,2015,2014-15,Mt. San Antonio,mtsanantonio,estebanortegas6xi,Esteban Ortega
Mar 10,home,Cerritos,W,4-1,4,1,3,win,20150310_6krv,0,0,0,0,0.0,,,,0.0,,,2015,2014-15,Mt. San Antonio,mtsanantonio,estebanortegas6xi,Esteban Ortega
Mar 12,home,Cerritos,L,1-0,1,0,1,win,20150312_f5ok,0,0,0,0,0.0,,,,0.0,,,2015,2014-15,Mt. San Antonio,mtsanantonio,estebanortegas6xi,Esteban Ortega
Mar 14,home,Cerritos,L,4-1,4,1,3,win,20150314_e09f,0,0,0,0,0.0,,,,0.0,,,2015,2014-15,Mt. San Antonio,mtsanantonio,estebanortegas6xi,Esteban Ortega
Mar 17,home,East Los Angeles,L,3-2,3,2,1,win,20150317_z9g7,0,0,0,0,0.0,,,,0.0,,,2015,2014-15,Mt. San Antonio,mtsanantonio,estebanortegas6xi,Esteban Ortega
Mar 19,home,East Los Angeles,W,12-4,12,4,8,win,20150319_f06b,0,0,0,0,0.0,,,,0.0,,,2015,2014-15,Mt. San Antonio,mtsanantonio,estebanortegas6xi,Esteban Ortega
Mar 21,home,East Los Angeles,L,1-0,1,0,1,win,20150321_g55p,0,0,0,0,0.0,,,,0.0,,,2015,2014-15,Mt. San Antonio,mtsanantonio,estebanortegas6xi,Esteban Ortega
Mar 24,home,El Camino,L,6-5,6,5,1,win,20150324_8nom,0,0,0,0,0.0,,,,0.0,,,2015,2014-15,Mt. San Antonio,mtsanantonio,estebanortegas6xi,Esteban Ortega
Mar 26,home,El Camino,W,4-3,4,3,1,win,20150326_qgjm,0,0,0,0,0.0,,,,0.0,,,2015,2014-15,Mt. San Antonio,mtsanantonio,estebanortegas6xi,Esteban Ortega
Mar 28,home,El Camino,L,6-1,6,1,5,win,20150328_d9ru,0,0,0,0,0.0,,,,0.0,,,2015,2014-15,Mt. San Antonio,mtsanantonio,estebanortegas6xi,Esteban Ortega
Mar 31,home,Citrus,L,4-2,4,2,2,win,20150331_z0sv,0,0,0,0,0.0,,,,0.0,,,2015,2014-15,Mt. San Antonio,mtsanantonio,estebanortegas6xi,Esteban Ortega
Apr 2,home,Citrus,W,4-3,4,3,1,win,20150402_19cl,0,0,0,0,0.0,,,,0.0,,,2015,2014-15,Mt. San Antonio,mtsanantonio,estebanortegas6xi,Esteban Ortega
Apr 4,home,Santa Ana,W,5-1,5,1,4,win,20150404_7l0l,0,0,0,0,0.0,,,,0.0,,,2015,2014-15,Mt. San Antonio,mtsanantonio,estebanortegas6xi,Esteban Ortega
Apr 7,home,Long Beach,L,5-2,5,2,3,win,20150407_wo0f,0,0,0,0,0.0,,,,0.0,,,2015,2014-15,Mt. San Antonio,mtsanantonio,estebanortegas6xi,Esteban Ortega
Apr 9,home,Long Beach,L,1-0,1,0,1,win,20150409_wdo5,0,0,0,0,0.0,,,,0.0,,,2015,2014-15,Mt. San Antonio,mtsanantonio,estebanortegas6xi,Esteban Ortega
Apr 11,home,Long Beach,W,10-8,10,8,2,win,20150411_jyee,0,0,0,0,0.0,,,,0.0,,,2015,2014-15,Mt. San Antonio,mtsanantonio,estebanortegas6xi,Esteban Ortega
Apr 14,home,El Camino-Compton Center,W,10-6,10,6,4,win,20150414_tecz,0,0,0,0,0.0,,,,0.0,,,2015,2014-15,Mt. San Antonio,mtsanantonio,estebanortegas6xi,Esteban Ortega
Apr 16,home,El Camino-Compton Center,W,7-3,7,3,4,win,20150416_7bjj,0,0,0,0,0.0,,,,0.0,,,2015,2014-15,Mt. San Antonio,mtsanantonio,estebanortegas6xi,Esteban Ortega
Apr 18,home,El Camino-Compton Center,L,8-7,8,7,1,win,20150418_ndf8,0,0,0,0,0.0,,,,0.0,,,2015,2014-15,Mt. San Antonio,mtsanantonio,estebanortegas6xi,Esteban Ortega
Apr 21,home,Pasadena,L,2-0,2,0,2,win,20150421_6z6p,0,0,0,0,0.0,,,,0.0,,,2015,2014-15,Mt. San Antonio,mtsanantonio,estebanortegas6xi,Esteban Ortega
Apr 23,home,Pasadena,L,11-4,11,4,7,win,20150423_x1jh,0,0,0,0,0.0,,,,0.0,,,2015,2014-15,Mt. San Antonio,mtsanantonio,estebanortegas6xi,Esteban Ortega
Apr 24,home,Pasadena,W,5-4,5,4,1,win,20150424_0lry,0,0,0,0,0.0,,,,0.0,,,2015,2014-15,Mt. San Antonio,mtsanantonio,estebanortegas6xi,Esteban Ortega
Jan 31,home,Moorpark,W,11-2,11,2,9,win,20150131_zec9,0,0,0,0,0.0,,,,0.0,,,2015,2014-15,Sequoias,sequoias,bengann89nh,Ben Gann
Feb 6,home,Marin,L,14-9,14,9,5,win,20150206_9t0k,0,0,0,0,0.0,,,,0.0,,,2015,2014-15,Sequoias,sequoias,bengann89nh,Ben Gann
Feb 13,home,Bakersfield,W,11-3,11,3,8,win,20150213_btnq,0,0,0,0,0.0,,,,0.0,,,2015,2014-15,Sequoias,sequoias,bengann89nh,Ben Gann
Feb 14,home,De Anza,W,12-5,12,5,7,win,20150214_2rxi,0,0,0,0,0.0,,,,0.0,,,2015,2014-15,Sequoias,sequoias,bengann89nh,Ben Gann
Feb 26,home,Merced,L,10-2,10,2,8,win,20150226_62m4,0,0,0,0,0.0,,,,0.0,,,2015,2014-15,Sequoias,sequoias,bengann89nh,Ben Gann
Mar 19,home,Reedley,W,8-0,8,0,8,win,20150319_6bw4,0,0,0,0,0.0,,,,0.0,,,2015,2014-15,Sequoias,sequoias,bengann89nh,Ben Gann
Mar 21,home,Reedley,L,8-2,8,2,6,win,20150321_50m1,0,0,0,0,0.0,,,,0.0,,,2015,2014-15,Sequoias,sequoias,bengann89nh,Ben Gann
Mar 26,home,Porterville,W,6-4,6,4,2,win,20150326_3vto,0,0,0,0,0.0,,,,0.0,,,2015,2014-15,Sequoias,sequoias,bengann89nh,Ben Gann
Mar 31,home,Bakersfield,L,11-1,11,1,10,win,20150331_fnzs,0,0,0,0,0.0,,,,0.0,,,2015,2014-15,Sequoias,sequoias,bengann89nh,Ben Gann
Apr 7,home,West Hills Coalinga,W,10-0,10,0,10,win,20150407_42tx,0,0,0,0,0.0,,,,0.0,,,2015,2014-15,Sequoias,sequoias,bengann89nh,Ben Gann
Apr 14,home,Fresno City,L,14-10,14,10,4,win,20150414_euy1,0,0,0,0,0.0,,,,0.0,,,2015,2014-15,Sequoias,sequoias,bengann89nh,Ben Gann
Apr 19,home,Porterville,W,16-4,16,4,12,win,20150419_t0ke,0,0,0,0,0.0,,,,0.0,,,2015,2014-15,Sequoias,sequoias,bengann89nh,Ben Gann
Jan 30,home,Grossmont,L,7-4,7,4,3,win,20150130_prww,0,0,0,0,0.0,,,,0.0,,,2015,2014-15,Victor Valley,victorvalley,stevenlackey7amg,Steven Lackey
Jan 31,home,Southwestern,L,8-1,8,1,7,win,20150131_0wkx,0,0,0,0,0.0,,,,0.0,,,2015,2014-15,Victor Valley,victorvalley,stevenlackey7amg,Steven Lackey
Feb 7,home,Antelope Valley,W,15-3,15,3,12,win,20150207_mtxs,0,0,0,0,0.0,,,,0.0,,,2015,2014-15,Victor Valley,victorvalley,stevenlackey7amg,Steven Lackey
Feb 18,home,East Los Angeles,L,11-5,11,5,6,win,20150218_jp05,0,0,0,0,0.0,,,,0.0,,,2015,2014-15,Victor Valley,victorvalley,stevenlackey7amg,Steven Lackey
Feb 21,home,West LA,L,15-6,15,6,9,win,20150221_hzoc,0,0,0,0,0.0,,,,0.0,,,2015,2014-15,Victor Valley,victorvalley,stevenlackey7amg,Steven Lackey
Feb 24,home,Chaffey,L,2-1,2,1,1,win,20150224_qc2i,0,0,0,0,0.0,,,,0.0,,,2015,2014-15,Victor Valley,victorvalley,stevenlackey7amg,Steven Lackey
Feb 26,home,Rio Hondo,L,12-9,12,9,3,win,20150226_l0ym,0,0,0,0,0.0,,,,0.0,,,2015,2014-15,Victor Valley,victorvalley,stevenlackey7amg,Steven Lackey
Feb 28,home,San Bernardino,W,7-6,7,6,1,win,20150228_xaq9,0,0,0,0,0.0,,,,0.0,,,2015,2014-15,Victor Valley,victorvalley,stevenlackey7amg,Steven Lackey
Mar 3,home,Barstow,W,6-4,6,4,2,win,20150303_20g3,0,0,0,0,0.0,,,,0.0,,,2015,2014-15,Victor Valley,victorvalley,stevenlackey7amg,Steven Lackey
Mar 7,home,Cerro Coso,W,20-0,20,0,20,win,20150307_q501,0,0,0,0,0.0,,,,0.0,,,2015,2014-15,Victor Valley,victorvalley,stevenlackey7amg,Steven Lackey
Mar 17,home,Chaffey,W,10-8,10,8,2,win,20150317_v07i,0,0,0,0,0.0,,,,0.0,,,2015,2014-15,Victor Valley,victorvalley,stevenlackey7amg,Steven Lackey
Mar 21,home,Chaffey,L,9-8,9,8,1,win,20150321_qzbz,0,0,0,0,0.0,,,,0.0,,,2015,2014-15,Victor Valley,victorvalley,stevenlackey7amg,Steven Lackey
Mar 24,home,Rio Hondo,L,7-4,7,4,3,win,20150324_aocf,0,0,0,0,0.0,,,,0.0,,,2015,2014-15,Victor Valley,victorvalley,stevenlackey7amg,Steven Lackey
Mar 28,home,Rio Hondo,L,8-6,8,6,2,win,20150328_3x03,0,0,0,0,0.0,,,,0.0,,,2015,2014-15,Victor Valley,victorvalley,stevenlackey7amg,Steven Lackey
Mar 31,home,San Bernardino,L,13-5,13,5,8,win,20150331_qgq8,0,0,0,0,0.0,,,,0.0,,,2015,2014-15,Victor Valley,victorvalley,stevenlackey7amg,Steven Lackey
Apr 2,home,San Bernardino,L,11-2,11,2,9,win,20150402_pr7u,0,0,0,0,0.0,,,,0.0,,,2015,2014-15,Victor Valley,victorvalley,stevenlackey7amg,Steven Lackey
Apr 7,home,Barstow,W,6-4,6,4,2,win,20150407_ldom,0,0,0,0,0.0,,,,0.0,,,2015,2014-15,Victor Valley,victorvalley,stevenlackey7amg,Steven Lackey
Apr 14,home,Desert,L,15-9,15,9,6,win,20150414_kn1w,0,0,0,0,0.0,,,,0.0,,,2015,2014-15,Victor Valley,victorvalley,stevenlackey7amg,Steven Lackey
Apr 21,home,Cerro Coso,W,31-7,31,7,24,win,20150421_dyis,0,0,0,0,0.0,,,,0.0,,,2015,2014-15,Victor Valley,victorvalley,stevenlackey7amg,Steven Lackey
Apr 25,home,Cerro Coso,W,18-1,18,1,17,win,20150425_fvek,0,0,0,0,0.0,,,,0.0,,,2015,2014-15,Victor Valley,victorvalley,stevenlackey7amg,Steven Lackey
Jan 27,home,LA Mission,L,10-7,10,7,3,win,20150127_wati,0,0,0,0,0.0,,,,0.0,,,2015,2014-15,San Bernardino,sanbernardino,gerardotorreblancaf2hs,Gerardo Torreblanca
Jan 31,home,El Camino-Compton Center,W,4-2,4,2,2,win,20150131_owhz,0,0,0,0,0.0,,,,0.0,,,2015,2014-15,San Bernardino,sanbernardino,gerardotorreblancaf2hs,Gerardo Torreblanca
Feb 6,home,Palomar,L,12-3,12,3,9,win,20150206_nlco,0,0,0,0,0.0,,,,0.0,,,2015,2014-15,San Bernardino,sanbernardino,gerardotorreblancaf2hs,Gerardo Torreblanca
Feb 7,home,Desert,W,11-5,11,5,6,win,20150207_6350,0,0,0,0,0.0,,,,0.0,,,2015,2014-15,San Bernardino,sanbernardino,gerardotorreblancaf2hs,Gerardo Torreblanca
Feb 10,home,El Camino,L,16-3,16,3,13,win,20150210_8ekt,0,0,0,0,0.0,,,,0.0,,,2015,2014-15,San Bernardino,sanbernardino,gerardotorreblancaf2hs,Gerardo Torreblanca
Feb 12,home,El Camino,L,5-0,5,0,5,win,20150212_2rez,0,0,0,0,0.0,,,,0.0,,,2015,2014-15,San Bernardino,sanbernardino,gerardotorreblancaf2hs,Gerardo Torreblanca
Feb 19,home,Citrus,W,3-2,3,2,1,win,20150219_67lw,0,0,0,0,0.0,,,,0.0,,,2015,2014-15,San Bernardino,sanbernardino,gerardotorreblancaf2hs,Gerardo Torreblanca
Feb 21,home,Barstow,L,9-3,9,3,6,win,20150221_xemq,0,0,0,0,0.0,,,,0.0,,,2015,2014-15,San Bernardino,sanbernardino,gerardotorreblancaf2hs,Gerardo Torreblanca
Feb 24,home,Cerro Coso,W,27-6,27,6,21,win,20150224_bprz,0,0,0,0,0.0,,,,0.0,,,2015,2014-15,San Bernardino,sanbernardino,gerardotorreblancaf2hs,Gerardo Torreblanca
Feb 28,home,Victor Valley,L,7-6,7,6,1,win,20150228_xaq9,0,0,0,0,0.0,,,,0.0,,,2015,2014-15,San Bernardino,sanbernardino,gerardotorreblancaf2hs,Gerardo Torreblanca
Mar 3,home,Desert,W,10-2,10,2,8,win,20150303_b3hk,0,0,0,0,0.0,,,,0.0,,,2015,2014-15,San Bernardino,sanbernardino,gerardotorreblancaf2hs,Gerardo Torreblanca
Mar 10,home,Barstow,W,11-7,11,7,4,win,20150310_0v7c,0,0,0,0,0.0,,,,0.0,,,2015,2014-15,San Bernardino,sanbernardino,gerardotorreblancaf2hs,Gerardo Torreblanca
Mar 12,home,Barstow,W,7-0,7,0,7,win,20150312_dgmd,0,0,0,0,0.0,,,,0.0,,,2015,2014-15,San Bernardino,sanbernardino,gerardotorreblancaf2hs,Gerardo Torreblanca
Mar 17,home,Cerro Coso,W,17-7,17,7,10,win,20150317_u72p,0,0,0,0,0.0,,,,0.0,,,2015,2014-15,San Bernardino,sanbernardino,gerardotorreblancaf2hs,Gerardo Torreblanca
Mar 19,home,Cerro Coso,W,10-5,10,5,5,win,20150319_9wna,0,0,0,0,0.0,,,,0.0,,,2015,2014-15,San Bernardino,sanbernardino,gerardotorreblancaf2hs,Gerardo Torreblanca
Mar 31,home,Victor Valley,W,13-5,13,5,8,win,20150331_qgq8,0,0,0,0,0.0,,,,0.0,,,2015,2014-15,San Bernardino,sanbernardino,gerardotorreblancaf2hs,Gerardo Torreblanca
Apr 2,home,Victor Valley,W,11-2,11,2,9,win,20150402_pr7u,0,0,0,0,0.0,,,,0.0,,,2015,2014-15,San Bernardino,sanbernardino,gerardotorreblancaf2hs,Gerardo Torreblanca
Apr 4,home,Victor Valley,W,15-6,15,6,9,win,20150404_30w6,0,0,0,0,0.0,,,,0.0,,,2015,2014-15,San Bernardino,sanbernardino,gerardotorreblancaf2hs,Gerardo Torreblanca
Apr 9,home,Desert,W,12-2,12,2,10,win,20150409_79wp,0,0,0,0,0.0,,,,0.0,,,2015,2014-15,San Bernardino,sanbernardino,gerardotorreblancaf2hs,Gerardo Torreblanca
Apr 11,home,Desert,W,14-5,14,5,9,win,20150411_lxab,0,0,0,0,0.0,,,,0.0,,,2015,2014-15,San Bernardino,sanbernardino,gerardotorreblancaf2hs,Gerardo Torreblanca
Apr 23,home,Rio Hondo,W,21-7,21,7,14,win,20150423_n3uv,0,0,0,0,0.0,,,,0.0,,,2015,2014-15,San Bernardino,sanbernardino,gerardotorreblancaf2hs,Gerardo Torreblanca
Jan 27,home,Cypress,L,7-3,7,3,4,win,20150127_n9zn,0,0,0,0,0.0,,,,0.0,,,2015,2014-15,Grossmont,grossmont,bgroesbeckhq9y,B Groesbeck
Jan 30,home,Victor Valley,W,7-4,7,4,3,win,20150130_prww,0,0,0,0,0.0,,,,0.0,,,2015,2014-15,Grossmont,grossmont,bgroesbeckhq9y,B Groesbeck
Jan 31,home,Long Beach,W,7-0,7,0,7,win,20150131_dmk2,0,0,0,0,0.0,,,,0.0,,,2015,2014-15,Grossmont,grossmont,bgroesbeckhq9y,B Groesbeck
Feb 3,home,Long Beach,W,6-3,6,3,3,win,20150203_plrl,0,0,0,0,0.0,,,,0.0,,,2015,2014-15,Grossmont,grossmont,bgroesbeckhq9y,B Groesbeck
Feb 5,home,Fullerton,L,22-3,22,3,19,win,20150205_r1ib,0,0,0,0,0.0,,,,0.0,,,2015,2014-15,Grossmont,grossmont,bgroesbeckhq9y,B Groesbeck
Feb 6,home,LA Harbor,W,5-3,5,3,2,win,20150206_q7le,0,0,0,0,0.0,,,,0.0,,,2015,2014-15,Grossmont,grossmont,bgroesbeckhq9y,B Groesbeck
Feb 7,home,Chaffey,L,3-1,3,1,2,win,20150207_hc1j,0,0,0,0,0.0,,,,0.0,,,2015,2014-15,Grossmont,grossmont,bgroesbeckhq9y,B Groesbeck
Feb 10,home,Santa Ana,L,11-10,11,10,1,win,20150210_llg1,0,0,0,0,0.0,,,,0.0,,,2015,2014-15,Grossmont,grossmont,bgroesbeckhq9y,B Groesbeck
Feb 20,home,East Los Angeles,L,5-3,5,3,2,win,20150220_zj06,0,0,0,0,0.0,,,,0.0,,,2015,2014-15,Grossmont,grossmont,bgroesbeckhq9y,B Groesbeck
Feb 21,home,LA Harbor,L,22-12,22,12,10,win,20150221_ujsj,0,0,0,0,0.0,,,,0.0,,,2015,2014-15,Grossmont,grossmont,bgroesbeckhq9y,B Groesbeck
Feb 27,home,Mt. San Jacinto,L,10-2,10,2,8,win,20150227_8snh,0,0,0,0,0.0,,,,0.0,,,2015,2014-15,Grossmont,grossmont,bgroesbeckhq9y,B Groesbeck
Mar 5,home,Palomar,L,4-3,4,3,1,win,20150305_1buo,0,0,0,0,0.0,,,,0.0,,,2015,2014-15,Grossmont,grossmont,bgroesbeckhq9y,B Groesbeck
Mar 7,home,San Diego Mesa,W,6-5,6,5,1,win,20150307_iy38,0,0,0,0,0.0,,,,0.0,,,2015,2014-15,Grossmont,grossmont,bgroesbeckhq9y,B Groesbeck
Mar 17,home,Imperial Valley,L,10-9,10,9,1,win,20150317_loc3,0,0,0,0,0.0,,,,0.0,,,2015,2014-15,Grossmont,grossmont,bgroesbeckhq9y,B Groesbeck
Mar 19,home,Imperial Valley,W,5-1,5,1,4,win,20150319_ml9q,0,0,0,0,0.0,,,,0.0,,,2015,2014-15,Grossmont,grossmont,bgroesbeckhq9y,B Groesbeck
Mar 20,home,Imperial Valley,W,7-4,7,4,3,win,20150320_n7us,0,0,0,0,0.0,,,,0.0,,,2015,2014-15,Grossmont,grossmont,bgroesbeckhq9y,B Groesbeck
Mar 24,home,Southwestern,L,5-2,5,2,3,win,20150324_suh6,0,0,0,0,0.0,,,,0.0,,,2015,2014-15,Grossmont,grossmont,bgroesbeckhq9y,B Groesbeck
Mar 26,home,Southwestern,L,5-4,5,4,1,win,20150326_a0mu,0,0,0,0,0.0,,,,0.0,,,2015,2014-15,Grossmont,grossmont,bgroesbeckhq9y,B Groesbeck
Mar 28,home,Southwestern,L,10-4,10,4,6,win,20150328_8kz7,0,0,0,0,0.0,,,,0.0,,,2015,2014-15,Grossmont,grossmont,bgroesbeckhq9y,B Groesbeck
Mar 31,home,Mt. San Jacinto,W,9-8,9,8,1,win,20150331_xpc6,0,0,0,0,0.0,,,,0.0,,,2015,2014-15,Grossmont,grossmont,bgroesbeckhq9y,B Groesbeck
Apr 2,home,Mt. San Jacinto,W,12-6,12,6,6,win,20150402_yzpu,0,0,0,0,0.0,,,,0.0,,,2015,2014-15,Grossmont,grossmont,bgroesbeckhq9y,B Groesbeck
Apr 3,home,Mt. San Jacinto,L,5-0,5,0,5,win,20150403_o101,0,0,0,0,0.0,,,,0.0,,,2015,2014-15,Grossmont,grossmont,bgroesbeckhq9y,B Groesbeck
Apr 7,home,San Diego City,W,7-2,7,2,5,win,20150407_pozz,0,0,0,0,0.0,,,,0.0,,,2015,2014-15,Grossmont,grossmont,bgroesbeckhq9y,B Groesbeck
Apr 9,home,San Diego City,L,6-5,6,5,1,win,20150409_ybwt,0,0,0,0,0.0,,,,0.0,,,2015,2014-15,Grossmont,grossmont,bgroesbeckhq9y,B Groesbeck
Apr 10,home,San Diego City,W,6-2,6,2,4,win,20150410_k39j,0,0,0,0,0.0,,,,0.0,,,2015,2014-15,Grossmont,grossmont,bgroesbeckhq9y,B Groesbeck
Apr 14,home,Palomar,L,8-0,8,0,8,win,20150414_a8pt,0,0,0,0,0.0,,,,0.0,,,2015,2014-15,Grossmont,grossmont,bgroesbeckhq9y,B Groesbeck
Apr 16,home,Palomar,L,4-2,4,2,2,win,20150416_b5wi,0,0,0,0,0.0,,,,0.0,,,2015,2014-15,Grossmont,grossmont,bgroesbeckhq9y,B Groesbeck
Apr 17,home,Palomar,L,4-2,4,2,2,win,20150417_1zye,0,0,0,0,0.0,,,,0.0,,,2015,2014-15,Grossmont,grossmont,bgroesbeckhq9y,B Groesbeck
Apr 21,home,San Diego Mesa,W,5-4,5,4,1,win,20150421_ubnm,0,0,0,0,0.0,,,,0.0,,,2015,2014-15,Grossmont,grossmont,bgroesbeckhq9y,B Groesbeck
Apr 23,home,San Diego Mesa,W,10-3,10,3,7,win,20150423_afub,0,0,0,0,0.0,,,,0.0,,,2015,2014-15,Grossmont,grossmont,bgroesbeckhq9y,B Groesbeck
Apr 24,home,San Diego Mesa,W,5-1,5,1,4,win,20150424_p8x8,0,0,0,0,0.0,,,,0.0,,,2015,2014-15,Grossmont,grossmont,bgroesbeckhq9y,B Groesbeck
Apr 25,home,Victor Valley,L,18-1,18,1,17,win,20150425_fvek,0,0,0,0,0.0,,,,0.0,,,2015,2014-15,Cerro Coso,cerrocoso,antoniogutierrezpeol,Antonio Gutierrez
Jan 27,home,Mt. San Jacinto,W,6-4,6,4,2,win,20150127_xzlf,0,0,0,0,0.0,,,,0.0,,,2015,2014-15,Saddleback,saddleback,dallasdey1x04,Dallas Dey
Feb 7,home,Santa Barbara,L,8-5,8,5,3,win,20150207_es91,0,0,0,0,0.0,,,,0.0,,,2015,2014-15,Saddleback,saddleback,dallasdey1x04,Dallas Dey
Feb 14,home,Cuesta,W,11-2,11,2,9,win,20150214_5e0x,0,0,0,0,0.0,,,,0.0,,,2015,2014-15,Saddleback,saddleback,dallasdey1x04,Dallas Dey
Feb 21,home,El Camino-Compton Center,W,6-1,6,1,5,win,20150221_lr78,0,0,0,0,0.0,,,,0.0,,,2015,2014-15,Saddleback,saddleback,dallasdey1x04,Dallas Dey
Feb 28,home,Cypress,L,10-3,10,3,7,win,20150228_z393,0,0,0,0,0.0,,,,0.0,,,2015,2014-15,Saddleback,saddleback,dallasdey1x04,Dallas Dey
Mar 3,home,Golden West,W,9-8,9,8,1,win,20150303_b3r5,0,0,0,0,0.0,,,,0.0,,,2015,2014-15,Saddleback,saddleback,dallasdey1x04,Dallas Dey
Mar 5,home,Riverside,L,4-1,4,1,3,win,20150305_bpwy,0,0,0,0,0.0,,,,0.0,,,2015,2014-15,Saddleback,saddleback,dallasdey1x04,Dallas Dey
Mar 7,home,Fullerton,W,1-0,1,0,1,win,20150307_hwww,0,0,0,0,0.0,,,,0.0,,,2015,2014-15,Saddleback,saddleback,dallasdey1x04,Dallas Dey
Mar 17,home,Santa Ana,W,9-3,9,3,6,win,20150317_bdqc,0,0,0,0,0.0,,,,0.0,,,2015,2014-15,Saddleback,saddleback,dallasdey1x04,Dallas Dey
Mar 19,home,Santa Ana,W,9-0,9,0,9,win,20150319_e1zw,0,0,0,0,0.0,,,,0.0,,,2015,2014-15,Saddleback,saddleback,dallasdey1x04,Dallas Dey
Mar 21,home,Cypress,L,4-1,4,1,3,win,20150321_swz9,0,0,0,0,0.0,,,,0.0,,,2015,2014-15,Saddleback,saddleback,dallasdey1x04,Dallas Dey
Mar 27,home,Golden West,L,7-1,7,1,6,win,20150327_76jd,0,0,0,0,0.0,,,,0.0,,,2015,2014-15,Saddleback,saddleback,dallasdey1x04,Dallas Dey
Mar 31,home,Reedley,W,13-7,13,7,6,win,20150331_leeq,0,0,0,0,0.0,,,,0.0,,,2015,2014-15,Saddleback,saddleback,dallasdey1x04,Dallas Dey
Apr 1,home,Sequoias,W,17-3,17,3,14,win,20150401_yon5,0,0,0,0,0.0,,,,0.0,,,2015,2014-15,Saddleback,saddleback,dallasdey1x04,Dallas Dey
Apr 17,home,Irvine Valley,W,12-2,12,2,10,win,20150417_ywdm,0,0,0,0,0.0,,,,0.0,,,2015,2014-15,Saddleback,saddleback,dallasdey1x04,Dallas Dey
Apr 23,home,Orange Coast,L,2-1,2,1,1,win,20150423_0j46,0,0,0,0,0.0,,,,0.0,,,2015,2014-15,Saddleback,saddleback,dallasdey1x04,Dallas Dey
May 2,home,San Bernardino,W,11-3,11,3,8,win,20150502_lypr,0,0,0,0,0.0,,,,0.0,,,2015,2014-15,Saddleback,saddleback,dallasdey1x04,Dallas Dey
May 8,home,Golden West,L,6-3,6,3,3,win,20150508_556a,0,0,0,0,0.0,,,,0.0,,,2015,2014-15,Saddleback,saddleback,dallasdey1x04,Dallas Dey
May 16,home,Palomar,L,6-1,6,1,5,win,20150516_evp5,0,0,0,0,0.0,,,,0.0,,,2015,2014-15,Saddleback,saddleback,dallasdey1x04,Dallas Dey
May 17,home,Palomar,L,4-3,4,3,1,win,20150517_lpf3,0,0,0,0,0.0,,,,0.0,,,2015,2014-15,Saddleback,saddleback,dallasdey1x04,Dallas Dey
Jan 29,home,Imperial Valley,W,8-2,8,2,6,win,20150129_qcjf,0,0,0,0,0.0,,,,0.0,,,2015,2014-15,LA Harbor,laharbor,julianvillegasufal,Julian Villegas
Feb 6,home,Grossmont,L,5-3,5,3,2,win,20150206_q7le,0,0,0,0,0.0,,,,0.0,,,2015,2014-15,LA Harbor,laharbor,julianvillegasufal,Julian Villegas
Feb 10,home,Irvine Valley,L,6-0,6,0,6,win,20150210_cmuz,0,0,0,0,0.0,,,,0.0,,,2015,2014-15,LA Harbor,laharbor,julianvillegasufal,Julian Villegas
Feb 12,home,Golden West,W,6-2,6,2,4,win,20150212_ib9j,0,0,0,0,0.0,,,,0.0,,,2015,2014-15,LA Harbor,laharbor,julianvillegasufal,Julian Villegas
Feb 13,home,Golden West,L,8-2,8,2,6,win,20150213_f8nf,0,0,0,0,0.0,,,,0.0,,,2015,2014-15,LA Harbor,laharbor,julianvillegasufal,Julian Villegas
Feb 17,home,Golden West,W,6-1,6,1,5,win,20150217_iytz,0,0,0,0,0.0,,,,0.0,,,2015,2014-15,LA Harbor,laharbor,julianvillegasufal,Julian Villegas
Feb 20,home,Irvine Valley,W,10-3,10,3,7,win,20150220_t78h,0,0,0,0,0.0,,,,0.0,,,2015,2014-15,LA Harbor,laharbor,julianvillegasufal,Julian Villegas
Feb 21,home,Grossmont,W,22-12,22,12,10,win,20150221_ujsj,0,0,0,0,0.0,,,,0.0,,,2015,2014-15,LA Harbor,laharbor,julianvillegasufal,Julian Villegas
Feb 26,home,LA Valley,W,3-2,3,2,1,win,20150226_kr11,0,0,0,0,0.0,,,,0.0,,,2015,2014-15,LA Harbor,laharbor,julianvillegasufal,Julian Villegas
Feb 27,home,LA Valley,L,7-1,7,1,6,win,20150227_hy3k,0,0,0,0,0.0,,,,0.0,,,2015,2014-15,LA Harbor,laharbor,julianvillegasufal,Julian Villegas
Mar 4,home,Mt. San Antonio,W,7-2,7,2,5,win,20150304_4a7r,0,0,0,0,0.0,,,,0.0,,,2015,2014-15,LA Harbor,laharbor,julianvillegasufal,Julian Villegas
Mar 5,home,Mt. San Antonio,L,9-5,9,5,4,win,20150305_u2v9,0,0,0,0,0.0,,,,0.0,,,2015,2014-15,LA Harbor,laharbor,julianvillegasufal,Julian Villegas
Mar 7,home,Mt. San Antonio,L,7-4,7,4,3,win,20150307_gzqp,0,0,0,0,0.0,,,,0.0,,,2015,2014-15,LA Harbor,laharbor,julianvillegasufal,Julian Villegas
Mar 10,home,Long Beach,L,5-4,5,4,1,win,20150310_7g9g,0,0,0,0,0.0,,,,0.0,,,2015,2014-15,LA Harbor,laharbor,julianvillegasufal,Julian Villegas
Mar 12,home,Long Beach,L,3-2,3,2,1,win,20150312_1xxj,0,0,0,0,0.0,,,,0.0,,,2015,2014-15,LA Harbor,laharbor,julianvillegasufal,Julian Villegas
Mar 14,home,Long Beach,W,7-2,7,2,5,win,20150314_loot,0,0,0,0,0.0,,,,0.0,,,2015,2014-15,LA Harbor,laharbor,julianvillegasufal,Julian Villegas
Mar 17,home,El Camino-Compton Center,W,5-2,5,2,3,win,20150317_opfm,0,0,0,0,0.0,,,,0.0,,,2015,2014-15,LA Harbor,laharbor,julianvillegasufal,Julian Villegas
Mar 19,home,El Camino-Compton Center,L,10-4,10,4,6,win,20150319_w6un,0,0,0,0,0.0,,,,0.0,,,2015,2014-15,LA Harbor,laharbor,julianvillegasufal,Julian Villegas
Mar 21,home,El Camino-Compton Center,W,9-8,9,8,1,win,20150321_yxv2,0,0,0,0,0.0,,,,0.0,,,2015,2014-15,LA Harbor,laharbor,julianvillegasufal,Julian Villegas
Mar 24,home,Pasadena,L,11-3,11,3,8,win,20150324_umtk,0,0,0,0,0.0,,,,0.0,,,2015,2014-15,LA Harbor,laharbor,julianvillegasufal,Julian Villegas
Mar 26,home,Pasadena,L,11-6,11,6,5,win,20150326_gxt4,0,0,0,0,0.0,,,,0.0,,,2015,2014-15,LA Harbor,laharbor,julianvillegasufal,Julian Villegas
Mar 28,home,Pasadena,W,9-1,9,1,8,win,20150328_kvqi,0,0,0,0,0.0,,,,0.0,,,2015,2014-15,LA Harbor,laharbor,julianvillegasufal,Julian Villegas
Mar 31,home,West LA,W,8-2,8,2,6,win,20150331_6484,0,0,0,0,0.0,,,,0.0,,,2015,2014-15,LA Harbor,laharbor,julianvillegasufal,Julian Villegas
Apr 1,home,LA Mission,L,7-4,7,4,3,win,20150401_3n4f,0,0,0,0,0.0,,,,0.0,,,2015,2014-15,LA Harbor,laharbor,julianvillegasufal,Julian Villegas
Apr 3,home,LA Pierce,W,10-3,10,3,7,win,20150403_31wk,0,0,0,0,0.0,,,,0.0,,,2015,2014-15,LA Harbor,laharbor,julianvillegasufal,Julian Villegas
Apr 7,home,El Camino,L,2-0,2,0,2,win,20150407_2pji,0,0,0,0,0.0,,,,0.0,,,2015,2014-15,LA Harbor,laharbor,julianvillegasufal,Julian Villegas
Apr 9,home,El Camino,L,10-9,10,9,1,win,20150409_93rf,0,0,0,0,0.0,,,,0.0,,,2015,2014-15,LA Harbor,laharbor,julianvillegasufal,Julian Villegas
Apr 11,home,El Camino,L,6-4,6,4,2,win,20150411_3bs3,0,0,0,0,0.0,,,,0.0,,,2015,2014-15,LA Harbor,laharbor,julianvillegasufal,Julian Villegas
Apr 14,home,East Los Angeles,W,3-1,3,1,2,win,20150414_2tbr,0,0,0,0,0.0,,,,0.0,,,2015,2014-15,LA Harbor,laharbor,julianvillegasufal,Julian Villegas
Apr 16,home,East Los Angeles,L,5-4,5,4,1,win,20150416_r8d0,0,0,0,0,0.0,,,,0.0,,,2015,2014-15,LA Harbor,laharbor,julianvillegasufal,Julian Villegas
Apr 21,home,Cerritos,W,8-4,8,4,4,win,20150421_kxc2,0,0,0,0,0.0,,,,0.0,,,2015,2014-15,LA Harbor,laharbor,julianvillegasufal,Julian Villegas
Apr 23,home,Cerritos,L,5-1,5,1,4,win,20150423_6yej,0,0,0,0,0.0,,,,0.0,,,2015,2014-15,LA Harbor,laharbor,julianvillegasufal,Julian Villegas
Apr 24,home,Cerritos,L,7-0,7,0,7,win,20150424_xanb,0,0,0,0,0.0,,,,0.0,,,2015,2014-15,LA Harbor,laharbor,julianvillegasufal,Julian Villegas
Feb 13,home,LA Valley,L,11-2,11,2,9,win,20150213_qzk7,0,0,0,0,0.1,1.0,2.0,2.0,54.0,1.0,1.0,2015,2014-15,Pasadena,pasadena,anthonyfickewirth8xjv,Anthony Fickewirth
Feb 25,home,LA Mission,L,7-0,7,0,7,win,20150225_z2gz,0,0,0,0,1.2,1.0,0.0,0.0,0.0,1.0,2.0,2015,2014-15,Pasadena,pasadena,anthonyfickewirth8xjv,Anthony Fickewirth
Feb 28,home,West LA,L,8-3,8,3,5,win,20150228_pw47,0,0,0,0,1.0,1.0,0.0,0.0,0.0,0.0,0.0,2015,2014-15,Pasadena,pasadena,anthonyfickewirth8xjv,Anthony Fickewirth
Mar 5,home,Cerritos,L,14-3,14,3,11,win,20150305_q9yo,0,0,0,0,0.0,,,,0.0,,,2015,2014-15,Pasadena,pasadena,anthonyfickewirth8xjv,Anthony Fickewirth
Mar 7,home,Cerritos,L,5-0,5,0,5,win,20150307_w3ax,0,0,0,0,0.0,,,,0.0,,,2015,2014-15,Pasadena,pasadena,anthonyfickewirth8xjv,Anthony Fickewirth
Mar 10,home,East Los Angeles,W,8-7,8,7,1,win,20150310_18as,0,0,0,0,0.0,,,,0.0,,,2015,2014-15,Pasadena,pasadena,anthonyfickewirth8xjv,Anthony Fickewirth
Mar 12,home,East Los Angeles,W,5-4,5,4,1,win,20150312_trzc,0,0,0,0,0.0,,,,0.0,,,2015,2014-15,Pasadena,pasadena,anthonyfickewirth8xjv,Anthony Fickewirth
Mar 14,home,East Los Angeles,L,14-0,14,0,14,win,20150314_ei8a,0,0,0,0,1.0,,,,0.0,,1.0,2015,2014-15,Pasadena,pasadena,anthonyfickewirth8xjv,Anthony Fickewirth
Mar 17,home,El Camino,L,9-3,9,3,6,win,20150317_r2st,0,0,0,0,0.0,,,,0.0,,,2015,2014-15,Pasadena,pasadena,anthonyfickewirth8xjv,Anthony Fickewirth
Mar 21,home,El Camino,L,14-4,14,4,10,win,20150321_mllw,0,0,0,0,0.2,,,,0.0,1.0,,2015,2014-15,Pasadena,pasadena,anthonyfickewirth8xjv,Anthony Fickewirth
Mar 24,home,LA Harbor,W,11-3,11,3,8,win,20150324_umtk,0,0,0,0,0.0,,,,0.0,,,2015,2014-15,Pasadena,pasadena,anthonyfickewirth8xjv,Anthony Fickewirth
Mar 28,home,LA Harbor,L,9-1,9,1,8,win,20150328_kvqi,0,0,0,0,0.0,,,,0.0,,,2015,2014-15,Pasadena,pasadena,anthonyfickewirth8xjv,Anthony Fickewirth
Mar 31,home,Irvine Valley,L,7-2,7,2,5,win,20150331_a9vi,0,0,0,0,0.0,,,,0.0,,,2015,2014-15,Pasadena,pasadena,anthonyfickewirth8xjv,Anthony Fickewirth
Apr 1,home,Irvine Valley,L,6-3,6,3,3,win,20150401_6ns7,0,0,0,0,0.0,,,,0.0,,,2015,2014-15,Pasadena,pasadena,anthonyfickewirth8xjv,Anthony Fickewirth
Apr 2,home,Ventura,L,8-5,8,5,3,win,20150402_2idy,0,0,0,0,0.0,,,,0.0,,,2015,2014-15,Pasadena,pasadena,anthonyfickewirth8xjv,Anthony Fickewirth
Apr 9,home,El Camino-Compton Center,L,6-5,6,5,1,win,20150409_e6x4,0,0,0,0,0.0,,,,0.0,,,2015,2014-15,Pasadena,pasadena,anthonyfickewirth8xjv,Anthony Fickewirth
Apr 11,home,El Camino-Compton Center,L,7-2,7,2,5,win,20150411_fn38,0,0,0,0,0.0,,,,0.0,,,2015,2014-15,Pasadena,pasadena,anthonyfickewirth8xjv,Anthony Fickewirth
Apr 14,home,Long Beach,L,10-3,10,3,7,win,20150414_3i39,0,0,0,0,0.0,,,,0.0,,,2015,2014-15,Pasadena,pasadena,anthonyfickewirth8xjv,Anthony Fickewirth
Apr 18,home,Long Beach,L,7-0,7,0,7,win,20150418_qr2u,0,0,0,0,0.0,,,,0.0,,,2015,2014-15,Pasadena,pasadena,anthonyfickewirth8xjv,Anthony Fickewirth
Apr 21,home,Mt. San Antonio,W,2-0,2,0,2,win,20150421_6z6p,0,0,0,0,0.0,,,,0.0,,,2015,2014-15,Pasadena,pasadena,anthonyfickewirth8xjv,Anthony Fickewirth
Apr 23,home,Mt. San Antonio,W,11-4,11,4,7,win,20150423_x1jh,0,0,0,0,0.0,,,,0.0,,,2015,2014-15,Pasadena,pasadena,anthonyfickewirth8xjv,Anthony Fickewirth
Jan 27,home,Moorpark,L,3-0,3,0,3,win,20150127_0zl7,0,0,0,0,0.0,,,,0.0,,,2015,2014-15,Antelope Valley,antelopevalley,arturosanchez7jhh,Arturo Sanchez
Jan 31,home,Pasadena,L,4-3,4,3,1,win,20150131_s3lk,0,0,0,0,0.0,,,,0.0,,,2015,2014-15,Antelope Valley,antelopevalley,arturosanchez7jhh,Arturo Sanchez
Jan 31,home,Pasadena,L,5-0,5,0,5,win,20150131_54rn,0,0,0,0,0.0,,,,0.0,,,2015,2014-15,Antelope Valley,antelopevalley,arturosanchez7jhh,Arturo Sanchez
Feb 3,home,Victor Valley,L,6-1,6,1,5,win,20150203_9cm9,0,0,0,0,0.0,,,,0.0,,,2015,2014-15,Antelope Valley,antelopevalley,arturosanchez7jhh,Arturo Sanchez
Feb 5,home,Barstow,L,4-2,4,2,2,win,20150205_9z8j,0,0,0,0,0.0,,,,0.0,,,2015,2014-15,Antelope Valley,antelopevalley,arturosanchez7jhh,Arturo Sanchez
Feb 7,home,Victor Valley,L,15-3,15,3,12,win,20150207_mtxs,0,0,0,0,0.0,,,,0.0,,,2015,2014-15,Antelope Valley,antelopevalley,arturosanchez7jhh,Arturo Sanchez
Feb 10,home,Barstow,W,10-6,10,6,4,win,20150210_9rvr,0,0,0,0,0.0,,,,0.0,,,2015,2014-15,Antelope Valley,antelopevalley,arturosanchez7jhh,Arturo Sanchez
Feb 12,home,Porterville,L,8-0,8,0,8,win,20150212_jm6v,0,0,0,0,0.0,,,,0.0,,,2015,2014-15,Antelope Valley,antelopevalley,arturosanchez7jhh,Arturo Sanchez
Feb 14,home,Porterville,W,6-4,6,4,2,win,20150214_b26n,0,0,0,0,0.0,,,,0.0,,,2015,2014-15,Antelope Valley,antelopevalley,arturosanchez7jhh,Arturo Sanchez
Feb 24,home,Porterville,W,10-2,10,2,8,win,20150224_kxia,0,0,0,0,0.0,,,,0.0,,,2015,2014-15,Antelope Valley,antelopevalley,arturosanchez7jhh,Arturo Sanchez
Mar 3,home,Canyons,L,5-4,5,4,1,win,20150303_t1a0,0,0,0,0,0.0,,,,0.0,,,2015,2014-15,Antelope Valley,antelopevalley,arturosanchez7jhh,Arturo Sanchez
Mar 5,home,Glendale,L,7-3,7,3,4,win,20150305_asgg,0,0,0,0,0.0,,,,0.0,,,2015,2014-15,Antelope Valley,antelopevalley,arturosanchez7jhh,Arturo Sanchez
Mar 7,home,Citrus,L,4-1,4,1,3,win,20150307_35c8,1,0,1,0,4.2,2.0,2.0,2.0,3.86,3.0,4.0,2015,2014-15,Antelope Valley,antelopevalley,arturosanchez7jhh,Arturo Sanchez
Mar 10,home,Bakersfield,L,7-6,7,6,1,win,20150310_uj4o,0,0,0,0,0.0,,,,0.0,,,2015,2014-15,Antelope Valley,antelopevalley,arturosanchez7jhh,Arturo Sanchez
Mar 12,home,LA Valley,L,4-3,4,3,1,win,20150312_qaru,0,0,0,0,0.0,,,,0.0,,,2015,2014-15,Antelope Valley,antelopevalley,arturosanchez7jhh,Arturo Sanchez
Mar 14,home,West LA,W,11-4,11,4,7,win,20150314_7d44,0,1,0,0,6.0,2.0,,,0.0,2.0,2.0,2015,2014-15,Antelope Valley,antelopevalley,arturosanchez7jhh,Arturo Sanchez
Mar 17,home,LA Mission,L,8-6,8,6,2,win,20150317_8nsr,0,0,0,0,0.0,,,,0.0,,,2015,2014-15,Antelope Valley,antelopevalley,arturosanchez7jhh,Arturo Sanchez
Mar 19,home,Canyons,W,3-0,3,0,3,win,20150319_b4ts,0,0,0,0,0.0,,,,0.0,,,2015,2014-15,Antelope Valley,antelopevalley,arturosanchez7jhh,Arturo Sanchez
Mar 21,home,Canyons,W,10-9,10,9,1,win,20150321_ovnp,1,1,0,0,3.2,7.0,5.0,4.0,9.82,3.0,3.0,2015,2014-15,Antelope Valley,antelopevalley,arturosanchez7jhh,Arturo Sanchez
Mar 24,home,Glendale,W,9-8,9,8,1,win,20150324_cd6z,0,0,0,0,0.0,,,,0.0,,,2015,2014-15,Antelope Valley,antelopevalley,arturosanchez7jhh,Arturo Sanchez
Mar 26,home,Glendale,L,14-2,14,2,12,win,20150326_7na7,0,0,0,0,0.0,,,,0.0,,,2015,2014-15,Antelope Valley,antelopevalley,arturosanchez7jhh,Arturo Sanchez
Mar 27,home,Citrus,L,17-4,17,4,13,win,20150327_xncz,0,0,0,0,0.0,,,,0.0,,,2015,2014-15,Antelope Valley,antelopevalley,arturosanchez7jhh,Arturo Sanchez
Mar 30,home,El Camino,L,14-3,14,3,11,win,20150330_2bdv,0,0,0,0,0.0,,,,0.0,,,2015,2014-15,Antelope Valley,antelopevalley,arturosanchez7jhh,Arturo Sanchez
Mar 31,home,Long Beach,W,9-8,9,8,1,win,20150331_c4zo,0,0,0,0,0.0,,,,0.0,,,2015,2014-15,Antelope Valley,antelopevalley,arturosanchez7jhh,Arturo Sanchez
Apr 1,home,El Camino,L,7-0,7,0,7,win,20150401_w7xb,1,0,1,0,5.0,5.0,5.0,4.0,7.2,3.0,2.0,2015,2014-15,Antelope Valley,antelopevalley,arturosanchez7jhh,Arturo Sanchez
Apr 2,home,Long Beach,L,5-2,5,2,3,win,20150402_ti0h,0,0,0,0,0.0,,,,0.0,,,2015,2014-15,Antelope Valley,antelopevalley,arturosanchez7jhh,Arturo Sanchez
Apr 7,home,Citrus,L,5-4,5,4,1,win,20150407_qosg,0,0,0,0,0.0,,,,0.0,,,2015,2014-15,Antelope Valley,antelopevalley,arturosanchez7jhh,Arturo Sanchez
Apr 9,home,Bakersfield,W,6-3,6,3,3,win,20150409_s21y,0,0,0,0,0.0,,,,0.0,,,2015,2014-15,Antelope Valley,antelopevalley,arturosanchez7jhh,Arturo Sanchez
Apr 11,home,Bakersfield,L,8-3,8,3,5,win,20150411_g455,0,0,0,0,0.0,,,,0.0,,,2015,2014-15,Antelope Valley,antelopevalley,arturosanchez7jhh,Arturo Sanchez
Apr 14,home,LA Valley,W,16-6,16,6,10,win,20150414_u5wq,0,0,0,0,0.0,,,,0.0,,,2015,2014-15,Antelope Valley,antelopevalley,arturosanchez7jhh,Arturo Sanchez
Apr 16,home,LA Valley,L,2-1,2,1,1,win,20150416_oyz7,0,0,0,0,0.0,,,,0.0,,,2015,2014-15,Antelope Valley,antelopevalley,arturosanchez7jhh,Arturo Sanchez
Apr 18,home,West LA,W,8-0,8,0,8,win,20150418_707i,0,0,0,0,0.0,,,,0.0,,,2015,2014-15,Antelope Valley,antelopevalley,arturosanchez7jhh,Arturo Sanchez
Apr 21,home,West LA,W,9-4,9,4,5,win,20150421_u1a6,0,0,0,0,0.0,,,,0.0,,,2015,2014-15,Antelope Valley,antelopevalley,arturosanchez7jhh,Arturo Sanchez
Apr 23,home,LA Mission,L,12-8,12,8,4,win,20150423_4zx7,0,0,0,0,0.0,,,,0.0,,,2015,2014-15,Antelope Valley,antelopevalley,arturosanchez7jhh,Arturo Sanchez
Apr 24,home,LA Mission,L,3-2,3,2,1,win,20150424_iswo,0,0,0,0,0.0,,,,0.0,,,2015,2014-15,Antelope Valley,antelopevalley,arturosanchez7jhh,Arturo Sanchez
Jan 27,home,Monterey,W,4-1,4,1,3,win,20150127_9f2m,0,0,0,0,0.0,,,,0.0,,,2015,2014-15,Reedley,reedley,chriscolarossibdrz,Chris Colarossi
Jan 30,home,Canada,L,9-0,9,0,9,win,20150130_aevu,0,0,0,0,0.0,,,,0.0,,,2015,2014-15,Reedley,reedley,chriscolarossibdrz,Chris Colarossi
Jan 31,home,San Mateo,L,3-1,3,1,2,win,20150131_kpt8,0,0,0,0,0.0,,,,0.0,,,2015,2014-15,Reedley,reedley,chriscolarossibdrz,Chris Colarossi
Feb 3,home,De Anza,L,4-3,4,3,1,win,20150203_ux06,0,0,0,0,0.0,,,,0.0,,,2015,2014-15,Reedley,reedley,chriscolarossibdrz,Chris Colarossi
Feb 5,home,Hartnell,W,5-1,5,1,4,win,20150205_trml,0,0,0,0,0.0,,,,0.0,,,2015,2014-15,Reedley,reedley,chriscolarossibdrz,Chris Colarossi
Feb 6,home,Golden West,L,7-2,7,2,5,win,20150206_o7yk,0,0,0,0,0.0,,,,0.0,,,2015,2014-15,Reedley,reedley,chriscolarossibdrz,Chris Colarossi
Feb 6,home,Marin,W,3-2,3,2,1,win,20150206_ldwm,0,0,0,0,0.0,,,,0.0,,,2015,2014-15,Reedley,reedley,chriscolarossibdrz,Chris Colarossi
Feb 10,home,Sierra,L,3-1,3,1,2,win,20150210_ej9r,0,0,0,0,0.0,,,,0.0,,,2015,2014-15,Reedley,reedley,chriscolarossibdrz,Chris Colarossi
Feb 12,home,Modesto,L,2-1,2,1,1,win,20150212_2h76,0,0,0,0,0.0,,,,0.0,,,2015,2014-15,Reedley,reedley,chriscolarossibdrz,Chris Colarossi
Feb 17,home,Fresno City,L,7-3,7,3,4,win,20150217_p4wd,0,0,0,0,0.0,,,,0.0,,,2015,2014-15,Reedley,reedley,chriscolarossibdrz,Chris Colarossi
Feb 19,home,Fresno City,L,6-0,6,0,6,win,20150219_azzf,0,0,0,0,0.0,,,,0.0,,,2015,2014-15,Reedley,reedley,chriscolarossibdrz,Chris Colarossi
Feb 24,home,Taft,W,8-2,8,2,6,win,20150224_ttow,0,0,0,0,0.0,,,,0.0,,,2015,2014-15,Reedley,reedley,chriscolarossibdrz,Chris Colarossi
Feb 26,home,Taft,W,8-1,8,1,7,win,20150226_grht,0,0,0,0,0.0,,,,0.0,,,2015,2014-15,Reedley,reedley,chriscolarossibdrz,Chris Colarossi
Feb 28,home,Taft,L,6-5,6,5,1,win,20150228_74p6,0,0,0,0,0.0,,,,0.0,,,2015,2014-15,Reedley,reedley,chriscolarossibdrz,Chris Colarossi
Mar 5,home,Merced,L,4-3,4,3,1,win,20150305_ucfq,0,0,0,0,0.0,,,,0.0,,,2015,2014-15,Reedley,reedley,chriscolarossibdrz,Chris Colarossi
Mar 7,home,Merced,L,8-7,8,7,1,win,20150307_sx3l,0,0,0,0,0.0,,,,0.0,,,2015,2014-15,Reedley,reedley,chriscolarossibdrz,Chris Colarossi
Mar 17,home,Sequoias,L,9-1,9,1,8,win,20150317_u06t,0,0,0,0,0.0,,,,0.0,,,2015,2014-15,Reedley,reedley,chriscolarossibdrz,Chris Colarossi
Mar 19,home,Sequoias,L,8-0,8,0,8,win,20150319_6bw4,0,0,0,0,0.0,,,,0.0,,,2015,2014-15,Reedley,reedley,chriscolarossibdrz,Chris Colarossi
Mar 26,home,West Hills Coalinga,W,3-2,3,2,1,win,20150326_nesi,0,0,0,0,0.0,,,,0.0,,,2015,2014-15,Reedley,reedley,chriscolarossibdrz,Chris Colarossi
Mar 28,home,West Hills Coalinga,W,9-8,9,8,1,win,20150328_33os,0,0,0,0,0.0,,,,0.0,,,2015,2014-15,Reedley,reedley,chriscolarossibdrz,Chris Colarossi
Mar 31,home,Saddleback,L,13-7,13,7,6,win,20150331_leeq,0,0,0,0,0.0,,,,0.0,,,2015,2014-15,Reedley,reedley,chriscolarossibdrz,Chris Colarossi
Apr 3,home,Santa Barbara,L,11-8,11,8,3,win,20150403_1oip,0,0,0,0,0.0,,,,0.0,,,2015,2014-15,Reedley,reedley,chriscolarossibdrz,Chris Colarossi
Apr 9,home,Porterville,W,5-2,5,2,3,win,20150409_gudn,0,0,0,0,0.0,,,,0.0,,,2015,2014-15,Reedley,reedley,chriscolarossibdrz,Chris Colarossi
Apr 10,home,Porterville,W,11-0,11,0,11,win,20150410_966u,0,0,0,0,0.0,,,,0.0,,,2015,2014-15,Reedley,reedley,chriscolarossibdrz,Chris Colarossi
Apr 11,home,Porterville,W,7-2,7,2,5,win,20150411_204e,0,0,0,0,0.0,,,,0.0,,,2015,2014-15,Reedley,reedley,chriscolarossibdrz,Chris Colarossi
Apr 14,home,Merced,L,10-5,10,5,5,win,20150414_j11g,0,0,0,0,0.0,,,,0.0,,,2015,2014-15,Reedley,reedley,chriscolarossibdrz,Chris Colarossi
Apr 16,home,Porterville,W,7-4,7,4,3,win,20150416_t3eo,0,0,0,0,0.0,,,,0.0,,,2015,2014-15,Reedley,reedley,chriscolarossibdrz,Chris Colarossi
Apr 19,home,West Hills Coalinga,W,14-4,14,4,10,win,20150419_2l75,0,0,0,0,0.0,,,,0.0,,,2015,2014-15,Reedley,reedley,chriscolarossibdrz,Chris Colarossi
Jan 27,home,Mt. San Jacinto,W,6-4,6,4,2,win,20150127_xzlf,0,0,0,0,0.0,,,,0.0,,,2015,2014-15,Saddleback,saddleback,danjamesajyh,Dan James
Jan 30,home,San Diego City,W,13-5,13,5,8,win,20150130_dtb0,0,0,0,0,0.0,,,,0.0,,,2015,2014-15,Saddleback,saddleback,danjamesajyh,Dan James
Jan 31,home,San Diego City,W,8-0,8,0,8,win,20150131_6ct2,0,0,0,0,0.0,,,,0.0,,,2015,2014-15,Saddleback,saddleback,danjamesajyh,Dan James
Feb 3,home,Chaffey,W,9-4,9,4,5,win,20150203_1sk5,0,0,0,0,0.0,,,,0.0,,,2015,2014-15,Saddleback,saddleback,danjamesajyh,Dan James
Feb 7,home,Santa Barbara,L,8-5,8,5,3,win,20150207_es91,0,0,0,0,0.0,,,,0.0,,,2015,2014-15,Saddleback,saddleback,danjamesajyh,Dan James
Feb 7,home,Santa Barbara,W,7-1,7,1,6,win,20150207_vvh9,0,0,0,0,0.0,,,,0.0,,,2015,2014-15,Saddleback,saddleback,danjamesajyh,Dan James
Feb 11,home,Glendale,W,9-6,9,6,3,win,20150211_mgin,0,0,0,0,0.0,,,,0.0,,,2015,2014-15,Saddleback,saddleback,danjamesajyh,Dan James
Feb 13,home,Cuesta,L,3-2,3,2,1,win,20150213_7sir,0,0,0,0,0.0,,,,0.0,,,2015,2014-15,Saddleback,saddleback,danjamesajyh,Dan James
Feb 14,home,Cuesta,W,11-2,11,2,9,win,20150214_5e0x,0,0,0,0,0.0,,,,0.0,,,2015,2014-15,Saddleback,saddleback,danjamesajyh,Dan James
Feb 17,home,San Diego Mesa,W,6-2,6,2,4,win,20150217_x228,0,0,0,0,0.0,,,,0.0,,,2015,2014-15,Saddleback,saddleback,danjamesajyh,Dan James
Feb 26,home,Santa Ana,L,13-7,13,7,6,win,20150226_mrsl,0,0,0,0,0.0,,,,0.0,,,2015,2014-15,Saddleback,saddleback,danjamesajyh,Dan James
Feb 28,home,Cypress,L,10-3,10,3,7,win,20150228_z393,0,0,0,0,0.0,,,,0.0,,,2015,2014-15,Saddleback,saddleback,danjamesajyh,Dan James
Mar 3,home,Golden West,W,9-8,9,8,1,win,20150303_b3r5,0,0,0,0,0.0,,,,0.0,,,2015,2014-15,Saddleback,saddleback,danjamesajyh,Dan James
Mar 5,home,Riverside,L,4-1,4,1,3,win,20150305_bpwy,0,0,0,0,0.0,,,,0.0,,,2015,2014-15,Saddleback,saddleback,danjamesajyh,Dan James
Mar 7,home,Fullerton,W,1-0,1,0,1,win,20150307_hwww,0,0,0,0,0.0,,,,0.0,,,2015,2014-15,Saddleback,saddleback,danjamesajyh,Dan James
Mar 10,home,Irvine Valley,W,7-4,7,4,3,win,20150310_0hl8,0,0,0,0,0.0,,,,0.0,,,2015,2014-15,Saddleback,saddleback,danjamesajyh,Dan James
Mar 12,home,Orange Coast,L,7-3,7,3,4,win,20150312_yauu,0,0,0,0,0.0,,,,0.0,,,2015,2014-15,Saddleback,saddleback,danjamesajyh,Dan James
Mar 17,home,Santa Ana,W,9-3,9,3,6,win,20150317_bdqc,0,0,0,0,0.0,,,,0.0,,,2015,2014-15,Saddleback,saddleback,danjamesajyh,Dan James
Mar 19,home,Santa Ana,W,9-0,9,0,9,win,20150319_e1zw,0,0,0,0,0.0,,,,0.0,,,2015,2014-15,Saddleback,saddleback,danjamesajyh,Dan James
Mar 21,home,Cypress,L,4-1,4,1,3,win,20150321_swz9,0,0,0,0,0.0,,,,0.0,,,2015,2014-15,Saddleback,saddleback,danjamesajyh,Dan James
Mar 24,home,Cypress,L,3-1,3,1,2,win,20150324_3dej,0,0,0,0,0.0,,,,0.0,,,2015,2014-15,Saddleback,saddleback,danjamesajyh,Dan James
Mar 26,home,Golden West,L,5-2,5,2,3,win,20150326_v4ux,0,0,0,0,0.0,,,,0.0,,,2015,2014-15,Saddleback,saddleback,danjamesajyh,Dan James
Mar 27,home,Golden West,L,7-1,7,1,6,win,20150327_76jd,0,0,0,0,0.0,,,,0.0,,,2015,2014-15,Saddleback,saddleback,danjamesajyh,Dan James
Mar 31,home,Reedley,W,13-7,13,7,6,win,20150331_leeq,0,0,0,0,0.0,,,,0.0,,,2015,2014-15,Saddleback,saddleback,danjamesajyh,Dan James
Apr 1,home,Sequoias,W,17-3,17,3,14,win,20150401_yon5,0,0,0,0,0.0,,,,0.0,,,2015,2014-15,Saddleback,saddleback,danjamesajyh,Dan James
Apr 2,home,Bakersfield,W,5-2,5,2,3,win,20150402_rmhw,0,0,0,0,0.0,,,,0.0,,,2015,2014-15,Saddleback,saddleback,danjamesajyh,Dan James
Apr 7,home,Riverside,W,8-5,8,5,3,win,20150407_tn3k,0,0,0,0,0.0,,,,0.0,,,2015,2014-15,Saddleback,saddleback,danjamesajyh,Dan James
Apr 9,home,Riverside,W,9-4,9,4,5,win,20150409_0f7n,0,0,0,0,0.0,,,,0.0,,,2015,2014-15,Saddleback,saddleback,danjamesajyh,Dan James
Apr 11,home,Fullerton,L,3-2,3,2,1,win,20150411_r72o,0,0,0,0,0.0,,,,0.0,,,2015,2014-15,Saddleback,saddleback,danjamesajyh,Dan James
Apr 14,home,Fullerton,W,4-3,4,3,1,win,20150414_76hh,0,0,0,0,0.0,,,,0.0,,,2015,2014-15,Saddleback,saddleback,danjamesajyh,Dan James
Apr 16,home,Irvine Valley,L,2-1,2,1,1,win,20150416_bs3b,0,0,0,0,0.0,,,,0.0,,,2015,2014-15,Saddleback,saddleback,danjamesajyh,Dan James
Apr 17,home,Irvine Valley,W,12-2,12,2,10,win,20150417_ywdm,0,0,0,0,0.0,,,,0.0,,,2015,2014-15,Saddleback,saddleback,danjamesajyh,Dan James
Apr 21,home,Orange Coast,W,3-1,3,1,2,win,20150421_e0vp,0,0,0,0,0.0,,,,0.0,,,2015,2014-15,Saddleback,saddleback,danjamesajyh,Dan James
Apr 23,home,Orange Coast,L,2-1,2,1,1,win,20150423_0j46,0,0,0,0,0.0,,,,0.0,,,2015,2014-15,Saddleback,saddleback,danjamesajyh,Dan James
May 1,home,San Bernardino,W,18-8,18,8,10,win,20150501_otcc,0,0,0,0,0.0,,,,0.0,,,2015,2014-15,Saddleback,saddleback,danjamesajyh,Dan James
May 2,home,San Bernardino,W,11-3,11,3,8,win,20150502_lypr,0,0,0,0,0.0,,,,0.0,,,2015,2014-15,Saddleback,saddleback,danjamesajyh,Dan James
May 8,home,Golden West,L,6-3,6,3,3,win,20150508_556a,0,0,0,0,0.0,,,,0.0,,,2015,2014-15,Saddleback,saddleback,danjamesajyh,Dan James
May 9,home,Golden West,W,2-0,2,0,2,win,20150509_n6k9,0,0,0,0,0.0,,,,0.0,,,2015,2014-15,Saddleback,saddleback,danjamesajyh,Dan James
May 10,home,Golden West,W,8-7,8,7,1,win,20150510_p3td,0,0,0,0,0.0,,,,0.0,,,2015,2014-15,Saddleback,saddleback,danjamesajyh,Dan James
May 16,home,Palomar,L,6-1,6,1,5,win,20150516_evp5,0,0,0,0,0.0,,,,0.0,,,2015,2014-15,Saddleback,saddleback,danjamesajyh,Dan James
May 17,home,Palomar,L,4-3,4,3,1,win,20150517_lpf3,0,0,0,0,0.0,,,,0.0,,,2015,2014-15,Saddleback,saddleback,danjamesajyh,Dan James
Jan 27,home,Cerritos,L,6-5,6,5,1,win,20150127_bqi7,0,0,0,0,0.0,,,,0.0,,,2015,2014-15,Glendale,glendale,carlosrobles0icl,Carlos Robles
Jan 29,home,Mt. San Antonio,L,9-2,9,2,7,win,20150129_5bve,0,0,0,0,0.0,,,,0.0,,,2015,2014-15,Glendale,glendale,carlosrobles0icl,Carlos Robles
Jan 31,home,Rio Hondo,L,4-3,4,3,1,win,20150131_9hv8,0,0,0,0,0.0,,,,0.0,,,2015,2014-15,Glendale,glendale,carlosrobles0icl,Carlos Robles
Feb 3,home,LA Pierce,L,7-2,7,2,5,win,20150203_gcef,0,0,0,0,0.0,,,,0.0,,,2015,2014-15,Glendale,glendale,carlosrobles0icl,Carlos Robles
Feb 5,home,Santa Barbara,L,6-5,6,5,1,win,20150205_799j,0,0,0,0,0.0,,,,0.0,,,2015,2014-15,Glendale,glendale,carlosrobles0icl,Carlos Robles
Feb 10,home,Oxnard,L,5-0,5,0,5,win,20150210_isdb,0,0,0,0,0.0,,,,0.0,,,2015,2014-15,Glendale,glendale,carlosrobles0icl,Carlos Robles
Feb 11,home,Saddleback,L,9-6,9,6,3,win,20150211_mgin,0,0,0,0,0.0,,,,0.0,,,2015,2014-15,Glendale,glendale,carlosrobles0icl,Carlos Robles
Feb 12,home,LA Pierce,W,6-5,6,5,1,win,20150212_td24,0,0,0,0,0.0,,,,0.0,,,2015,2014-15,Glendale,glendale,carlosrobles0icl,Carlos Robles
Feb 17,home,Palomar,L,9-2,9,2,7,win,20150217_enza,0,0,0,0,0.0,,,,0.0,,,2015,2014-15,Glendale,glendale,carlosrobles0icl,Carlos Robles
Feb 19,home,Santa Ana,W,9-8,9,8,1,win,20150219_feqd,0,0,0,0,0.0,,,,0.0,,,2015,2014-15,Glendale,glendale,carlosrobles0icl,Carlos Robles
Feb 20,home,Cypress,L,11-3,11,3,8,win,20150220_74fi,0,0,0,0,0.0,,,,0.0,,,2015,2014-15,Glendale,glendale,carlosrobles0icl,Carlos Robles
Feb 21,home,De Anza,W,8-5,8,5,3,win,20150221_2sbj,0,0,0,0,0.0,,,,0.0,,,2015,2014-15,Glendale,glendale,carlosrobles0icl,Carlos Robles
Feb 21,home,De Anza,W,1-0,1,0,1,win,20150221_cnlg,0,0,0,0,0.0,,,,0.0,,,2015,2014-15,Glendale,glendale,carlosrobles0icl,Carlos Robles
Feb 24,home,East Los Angeles,L,2-1,2,1,1,win,20150224_2p9z,0,0,0,0,0.0,,,,0.0,,,2015,2014-15,Glendale,glendale,carlosrobles0icl,Carlos Robles
Mar 3,home,West LA,W,9-2,9,2,7,win,20150303_xgj9,0,0,0,0,0.0,,,,0.0,,,2015,2014-15,Glendale,glendale,carlosrobles0icl,Carlos Robles
Mar 5,home,Antelope Valley,W,7-3,7,3,4,win,20150305_asgg,0,0,0,0,0.0,,,,0.0,,,2015,2014-15,Glendale,glendale,carlosrobles0icl,Carlos Robles
Mar 7,home,Bakersfield,W,5-3,5,3,2,win,20150307_9z9d,0,0,0,0,0.0,,,,0.0,,,2015,2014-15,Glendale,glendale,carlosrobles0icl,Carlos Robles
Mar 10,home,LA Mission,W,7-4,7,4,3,win,20150310_4h22,0,0,0,0,0.0,,,,0.0,,,2015,2014-15,Glendale,glendale,carlosrobles0icl,Carlos Robles
Mar 12,home,Citrus,L,7-3,7,3,4,win,20150312_sm0n,0,0,0,0,0.0,,,,0.0,,,2015,2014-15,Glendale,glendale,carlosrobles0icl,Carlos Robles
Mar 13,home,LA Valley,W,9-4,9,4,5,win,20150313_44l6,0,0,0,0,0.0,,,,0.0,,,2015,2014-15,Glendale,glendale,carlosrobles0icl,Carlos Robles
Mar 17,home,Canyons,W,10-3,10,3,7,win,20150317_jszu,0,0,0,0,0.0,,,,0.0,,,2015,2014-15,Glendale,glendale,carlosrobles0icl,Carlos Robles
Mar 19,home,West LA,W,6-5,6,5,1,win,20150319_5joy,0,0,0,0,0.0,,,,0.0,,,2015,2014-15,Glendale,glendale,carlosrobles0icl,Carlos Robles
Mar 21,home,West LA,W,7-1,7,1,6,win,20150321_cjcg,0,0,0,0,0.0,,,,0.0,,,2015,2014-15,Glendale,glendale,carlosrobles0icl,Carlos Robles
Mar 24,home,Antelope Valley,L,9-8,9,8,1,win,20150324_cd6z,0,0,0,0,0.0,,,,0.0,,,2015,2014-15,Glendale,glendale,carlosrobles0icl,Carlos Robles
Mar 26,home,Antelope Valley,W,14-2,14,2,12,win,20150326_7na7,0,0,0,0,0.0,,,,0.0,,,2015,2014-15,Glendale,glendale,carlosrobles0icl,Carlos Robles
Mar 27,home,Bakersfield,W,6-4,6,4,2,win,20150327_s0uw,0,0,0,0,0.0,,,,0.0,,,2015,2014-15,Glendale,glendale,carlosrobles0icl,Carlos Robles
Apr 7,home,Bakersfield,W,3-0,3,0,3,win,20150407_muju,0,0,0,0,0.0,,,,0.0,,,2015,2014-15,Glendale,glendale,carlosrobles0icl,Carlos Robles
Apr 9,home,LA Mission,L,6-0,6,0,6,win,20150409_tutd,0,0,0,0,0.0,,,,0.0,,,2015,2014-15,Glendale,glendale,carlosrobles0icl,Carlos Robles
Apr 11,home,LA Mission,L,21-7,21,7,14,win,20150411_w9gu,0,0,0,0,0.0,,,,0.0,,,2015,2014-15,Glendale,glendale,carlosrobles0icl,Carlos Robles
Apr 14,home,Citrus,W,10-7,10,7,3,win,20150414_5a3u,0,0,0,0,0.0,,,,0.0,,,2015,2014-15,Glendale,glendale,carlosrobles0icl,Carlos Robles
Apr 16,home,Citrus,L,5-1,5,1,4,win,20150416_cbkq,0,0,0,0,0.0,,,,0.0,,,2015,2014-15,Glendale,glendale,carlosrobles0icl,Carlos Robles
Apr 18,home,LA Valley,W,2-1,2,1,1,win,20150418_4f3x,0,0,0,0,0.0,,,,0.0,,,2015,2014-15,Glendale,glendale,carlosrobles0icl,Carlos Robles
Apr 21,home,LA Valley,W,7-6,7,6,1,win,20150421_dppo,0,0,0,0,0.0,,,,0.0,,,2015,2014-15,Glendale,glendale,carlosrobles0icl,Carlos Robles
Jan 30,home,Sacramento City,L,3-1,3,1,2,win,20150130_adfq,0,0,0,0,0.0,,,,0.0,,,2015,2014-15,Fresno City,fresno,ryansoaresmnqb,Ryan Soares
Jan 31,home,Sacramento City,W,10-7,10,7,3,win,20150131_229k,0,0,0,0,0.0,,,,0.0,,,2015,2014-15,Fresno City,fresno,ryansoaresmnqb,Ryan Soares
Feb 5,home,Los Medanos,W,9-2,9,2,7,win,20150205_wcrn,0,0,0,0,0.0,,,,0.0,,,2015,2014-15,Fresno City,fresno,ryansoaresmnqb,Ryan Soares
Feb 5,home,Los Medanos,W,8-2,8,2,6,win,20150205_f2g7,0,0,0,0,0.0,,,,0.0,,,2015,2014-15,Fresno City,fresno,ryansoaresmnqb,Ryan Soares
Feb 6,home,Los Medanos,L,7-6,7,6,1,win,20150206_dnak,0,0,0,0,0.0,,,,0.0,,,2015,2014-15,Fresno City,fresno,ryansoaresmnqb,Ryan Soares
Feb 13,home,Chabot,W,5-1,5,1,4,win,20150213_2d9r,0,0,0,0,0.0,,,,0.0,,,2015,2014-15,Fresno City,fresno,ryansoaresmnqb,Ryan Soares
Feb 14,home,Chabot,W,4-3,4,3,1,win,20150214_5ax4,0,0,0,0,0.0,,,,0.0,,,2015,2014-15,Fresno City,fresno,ryansoaresmnqb,Ryan Soares
Feb 17,home,Reedley,W,7-3,7,3,4,win,20150217_p4wd,0,0,0,0,0.0,,,,0.0,,,2015,2014-15,Fresno City,fresno,ryansoaresmnqb,Ryan Soares
Feb 19,home,Reedley,W,6-0,6,0,6,win,20150219_azzf,0,0,0,0,0.0,,,,0.0,,,2015,2014-15,Fresno City,fresno,ryansoaresmnqb,Ryan Soares
Feb 21,home,Reedley,W,6-5,6,5,1,win,20150221_g9y0,0,0,0,0,0.0,,,,0.0,,,2015,2014-15,Fresno City,fresno,ryansoaresmnqb,Ryan Soares
Mar 21,home,Merced,W,13-4,13,4,9,win,20150321_qd6h,0,0,0,0,0.0,,,,0.0,,,2015,2014-15,Fresno City,fresno,ryansoaresmnqb,Ryan Soares
Mar 24,home,Taft,W,18-2,18,2,16,win,20150324_sq5j,0,0,0,0,0.0,,,,0.0,,,2015,2014-15,Fresno City,fresno,ryansoaresmnqb,Ryan Soares
Mar 26,home,Taft,W,9-6,9,6,3,win,20150326_it3o,0,0,0,0,0.0,,,,0.0,,,2015,2014-15,Fresno City,fresno,ryansoaresmnqb,Ryan Soares
Mar 28,home,Taft,W,10-2,10,2,8,win,20150328_2md6,0,0,0,0,0.0,,,,0.0,,,2015,2014-15,Fresno City,fresno,ryansoaresmnqb,Ryan Soares
Apr 1,home,Cypress,W,14-6,14,6,8,win,20150401_lmv2,0,0,0,0,0.0,,,,0.0,,,2015,2014-15,Fresno City,fresno,ryansoaresmnqb,Ryan Soares
Apr 2,home,Cuesta,L,8-1,8,1,7,win,20150402_12kj,0,0,0,0,0.0,,,,0.0,,,2015,2014-15,Fresno City,fresno,ryansoaresmnqb,Ryan Soares
Apr 9,home,Santa Barbara,L,5-3,5,3,2,win,20150409_pia0,0,0,0,0,0.0,,,,0.0,,,2015,2014-15,Fresno City,fresno,ryansoaresmnqb,Ryan Soares
Apr 14,home,Sequoias,W,14-10,14,10,4,win,20150414_euy1,0,0,0,0,0.0,,,,0.0,,,2015,2014-15,Fresno City,fresno,ryansoaresmnqb,Ryan Soares
Apr 19,home,Taft,L,4-3,4,3,1,win,20150419_q06i,0,0,0,0,0.0,,,,0.0,,,2015,2014-15,Fresno City,fresno,ryansoaresmnqb,Ryan Soares
Apr 21,home,Porterville,W,7-0,7,0,7,win,20150421_mgi5,0,0,0,0,0.0,,,,0.0,,,2015,2014-15,Fresno City,fresno,ryansoaresmnqb,Ryan Soares
Apr 24,home,Merced,W,14-4,14,4,10,win,20150424_3jm4,0,0,0,0,0.0,,,,0.0,,,2015,2014-15,Fresno City,fresno,ryansoaresmnqb,Ryan Soares
May 1,home,Skyline,L,5-3,5,3,2,win,20150501_27to,0,0,0,0,0.0,,,,0.0,,,2015,2014-15,Fresno City,fresno,ryansoaresmnqb,Ryan Soares
May 2,home,Skyline,W,16-6,16,6,10,win,20150502_mk3f,0,0,0,0,0.0,,,,0.0,,,2015,2014-15,Fresno City,fresno,ryansoaresmnqb,Ryan Soares
May 2,home,Skyline,W,11-8,11,8,3,win,20150502_sraw,0,0,0,0,0.0,,,,0.0,,,2015,2014-15,Fresno City,fresno,ryansoaresmnqb,Ryan Soares
May 8,home,Ohlone,W,7-2,7,2,5,win,20150508_iwo4,0,0,0,0,0.0,,,,0.0,,,2015,2014-15,Fresno City,fresno,ryansoaresmnqb,Ryan Soares
May 10,home,Ohlone,W,7-2,7,2,5,win,20150510_px0a,0,0,0,0,0.0,,,,0.0,,,2015,2014-15,Fresno City,fresno,ryansoaresmnqb,Ryan Soares
May 23,home,Palomar,L,7-3,7,3,4,win,20150523_vaq4,0,0,0,0,0.0,,,,0.0,,,2015,2014-15,Fresno City,fresno,ryansoaresmnqb,Ryan Soares
May 24,home,San Joaquin  Delta,L,13-2,13,2,11,win,20150524_fk8o,0,0,0,0,0.0,,,,0.0,,,2015,2014-15,Fresno City,fresno,ryansoaresmnqb,Ryan Soares
Jan 27,home,De Anza,W,11-6,11,6,5,win,20150127_cts9,0,0,0,0,0.0,,,,0.0,,,2015,2014-15,Yuba,yuba,bryanmurphyoff8,Bryan Murphy
Jan 30,home,De Anza,W,6-2,6,2,4,win,20150130_8qqo,0,0,0,0,0.0,,,,0.0,,,2015,2014-15,Yuba,yuba,bryanmurphyoff8,Bryan Murphy
Jan 31,home,Ohlone,L,6-5,6,5,1,win,20150131_5p0n,0,0,0,0,0.0,,,,0.0,,,2015,2014-15,Yuba,yuba,bryanmurphyoff8,Bryan Murphy
Feb 4,home,Lassen,W,10-9,10,9,1,win,20150204_4d8u,0,0,0,0,0.0,,,,0.0,,,2015,2014-15,Yuba,yuba,bryanmurphyoff8,Bryan Murphy
Feb 5,home,Lassen,W,11-3,11,3,8,win,20150205_fcwj,0,0,0,0,0.0,,,,0.0,,,2015,2014-15,Yuba,yuba,bryanmurphyoff8,Bryan Murphy
Feb 5,home,Lassen,W,4-3,4,3,1,win,20150205_168a,0,0,0,0,0.0,,,,0.0,,,2015,2014-15,Yuba,yuba,bryanmurphyoff8,Bryan Murphy
Feb 12,home,Feather River,L,10-1,10,1,9,win,20150212_tioz,0,0,0,0,0.0,,,,0.0,,,2015,2014-15,Yuba,yuba,bryanmurphyoff8,Bryan Murphy
Feb 13,home,Cabrillo,L,10-7,10,7,3,win,20150213_g3ph,0,0,0,0,0.0,,,,0.0,,,2015,2014-15,Yuba,yuba,bryanmurphyoff8,Bryan Murphy
Feb 14,home,West Valley,L,9-3,9,3,6,win,20150214_rdzh,0,0,0,0,0.0,,,,0.0,,,2015,2014-15,Yuba,yuba,bryanmurphyoff8,Bryan Murphy
Feb 19,home,Redwoods,W,5-2,5,2,3,win,20150219_yj0c,0,0,0,0,0.0,,,,0.0,,,2015,2014-15,Yuba,yuba,bryanmurphyoff8,Bryan Murphy
Feb 20,home,Redwoods,W,10-2,10,2,8,win,20150220_k6c5,0,0,0,0,0.0,,,,0.0,,,2015,2014-15,Yuba,yuba,bryanmurphyoff8,Bryan Murphy
Feb 20,home,Redwoods,W,6-2,6,2,4,win,20150220_w0qb,0,0,0,0,0.0,,,,0.0,,,2015,2014-15,Yuba,yuba,bryanmurphyoff8,Bryan Murphy
Feb 24,home,Marin,L,10-8,10,8,2,win,20150224_f8gd,0,0,0,0,0.0,,,,0.0,,,2015,2014-15,Yuba,yuba,bryanmurphyoff8,Bryan Murphy
Feb 26,home,Marin,L,16-4,16,4,12,win,20150226_ejnc,0,0,0,0,0.0,,,,0.0,,,2015,2014-15,Yuba,yuba,bryanmurphyoff8,Bryan Murphy
Feb 28,home,Solano,L,5-4,5,4,1,win,20150228_2k5h,0,0,0,0,0.0,,,,0.0,,,2015,2014-15,Yuba,yuba,bryanmurphyoff8,Bryan Murphy
Mar 3,home,Solano,L,10-5,10,5,5,win,20150303_03ti,0,0,0,0,0.0,,,,0.0,,,2015,2014-15,Yuba,yuba,bryanmurphyoff8,Bryan Murphy
Mar 5,home,Los Medanos,W,7-5,7,5,2,win,20150305_00gv,0,0,0,0,0.0,,,,0.0,,,2015,2014-15,Yuba,yuba,bryanmurphyoff8,Bryan Murphy
Mar 7,home,Los Medanos,L,16-7,16,7,9,win,20150307_9ng1,0,0,0,0,0.0,,,,0.0,,,2015,2014-15,Yuba,yuba,bryanmurphyoff8,Bryan Murphy
Mar 10,home,Folsom Lake,L,13-6,13,6,7,win,20150310_050t,0,0,0,0,0.0,,,,0.0,,,2015,2014-15,Yuba,yuba,bryanmurphyoff8,Bryan Murphy
Mar 12,home,Folsom Lake,W,8-1,8,1,7,win,20150312_tfej,0,0,0,0,0.0,,,,0.0,,,2015,2014-15,Yuba,yuba,bryanmurphyoff8,Bryan Murphy
Mar 14,home,Laney,W,5-3,5,3,2,win,20150314_08r9,0,0,0,0,0.0,,,,0.0,,,2015,2014-15,Yuba,yuba,bryanmurphyoff8,Bryan Murphy
Mar 17,home,Laney,W,14-2,14,2,12,win,20150317_f3b6,0,0,0,0,0.0,,,,0.0,,,2015,2014-15,Yuba,yuba,bryanmurphyoff8,Bryan Murphy
Mar 19,home,Mendocino,L,6-4,6,4,2,win,20150319_hifj,0,0,0,0,0.0,,,,0.0,,,2015,2014-15,Yuba,yuba,bryanmurphyoff8,Bryan Murphy
Mar 21,home,Mendocino,W,6-5,6,5,1,win,20150321_aa6u,0,0,0,0,0.0,,,,0.0,,,2015,2014-15,Yuba,yuba,bryanmurphyoff8,Bryan Murphy
Mar 24,home,Contra Costa,W,9-4,9,4,5,win,20150324_v5k8,0,0,0,0,0.0,,,,0.0,,,2015,2014-15,Yuba,yuba,bryanmurphyoff8,Bryan Murphy
Mar 26,home,Contra Costa,W,15-5,15,5,10,win,20150326_7s50,0,0,0,0,0.0,,,,0.0,,,2015,2014-15,Yuba,yuba,bryanmurphyoff8,Bryan Murphy
Apr 2,home,Napa,L,5-3,5,3,2,win,20150402_cio7,0,0,0,0,0.0,,,,0.0,,,2015,2014-15,Yuba,yuba,bryanmurphyoff8,Bryan Murphy
Apr 3,home,Napa,W,17-7,17,7,10,win,20150403_gco0,0,0,0,0,0.0,,,,0.0,,,2015,2014-15,Yuba,yuba,bryanmurphyoff8,Bryan Murphy
Apr 8,home,Marin,W,4-2,4,2,2,win,20150408_nsce,0,0,0,0,0.0,,,,0.0,,,2015,2014-15,Yuba,yuba,bryanmurphyoff8,Bryan Murphy
Apr 9,home,Solano,L,11-5,11,5,6,win,20150409_g4a9,0,0,0,0,0.0,,,,0.0,,,2015,2014-15,Yuba,yuba,bryanmurphyoff8,Bryan Murphy
Apr 10,home,Los Medanos,L,9-8,9,8,1,win,20150410_xa3j,0,0,0,0,0.0,,,,0.0,,,2015,2014-15,Yuba,yuba,bryanmurphyoff8,Bryan Murphy
Apr 14,home,Folsom Lake,L,6-5,6,5,1,win,20150414_209l,0,0,0,0,0.0,,,,0.0,,,2015,2014-15,Yuba,yuba,bryanmurphyoff8,Bryan Murphy
Apr 16,home,Laney,W,9-2,9,2,7,win,20150416_s0rn,0,0,0,0,0.0,,,,0.0,,,2015,2014-15,Yuba,yuba,bryanmurphyoff8,Bryan Murphy
Apr 21,home,Contra Costa,W,5-2,5,2,3,win,20150421_xez6,0,0,0,0,0.0,,,,0.0,,,2015,2014-15,Yuba,yuba,bryanmurphyoff8,Bryan Murphy
Apr 24,home,Napa,W,4-1,4,1,3,win,20150424_zqtq,0,0,0,0,0.0,,,,0.0,,,2015,2014-15,Yuba,yuba,bryanmurphyoff8,Bryan Murphy
Apr 28,home,Sequoias,L,8-3,8,3,5,win,20150428_ijsw,0,0,0,0,0.0,,,,0.0,,,2015,2014-15,Yuba,yuba,bryanmurphyoff8,Bryan Murphy
Jan 29,home,El Camino,L,8-1,8,1,7,win,20150129_cijw,0,0,0,0,0.0,,,,0.0,,,2015,2014-15,Sequoias,sequoias,blakeedmonsond202,Blake Edmonson
Jan 30,home,Allan Hancock,W,5-0,5,0,5,win,20150130_jn11,0,0,0,0,0.0,,,,0.0,,,2015,2014-15,Sequoias,sequoias,blakeedmonsond202,Blake Edmonson
Jan 31,home,Moorpark,W,11-2,11,2,9,win,20150131_zec9,0,0,0,0,0.0,,,,0.0,,,2015,2014-15,Sequoias,sequoias,blakeedmonsond202,Blake Edmonson
Feb 5,home,Golden West,L,7-3,7,3,4,win,20150205_a6uq,0,0,0,0,0.0,,,,0.0,,,2015,2014-15,Sequoias,sequoias,blakeedmonsond202,Blake Edmonson
Feb 6,home,Marin,L,14-9,14,9,5,win,20150206_9t0k,0,0,0,0,1.0,1.0,,,0.0,,1.0,2015,2014-15,Sequoias,sequoias,blakeedmonsond202,Blake Edmonson
Feb 10,home,Cuesta,L,9-1,9,1,8,win,20150210_8dik,0,0,0,0,0.0,,,,0.0,,,2015,2014-15,Sequoias,sequoias,blakeedmonsond202,Blake Edmonson
Feb 13,home,Bakersfield,W,11-3,11,3,8,win,20150213_btnq,0,0,0,0,0.0,,,,0.0,,,2015,2014-15,Sequoias,sequoias,blakeedmonsond202,Blake Edmonson
Feb 14,home,De Anza,W,12-5,12,5,7,win,20150214_2rxi,0,0,0,0,1.0,,,,0.0,2.0,,2015,2014-15,Sequoias,sequoias,blakeedmonsond202,Blake Edmonson
Feb 19,home,Cosumnes River,L,4-3,4,3,1,win,20150219_pbht,0,0,0,0,0.0,,,,0.0,,,2015,2014-15,Sequoias,sequoias,blakeedmonsond202,Blake Edmonson
Feb 20,home,Cosumnes River,W,4-2,4,2,2,win,20150220_mx1e,0,0,0,1,2.0,2.0,,,0.0,,2.0,2015,2014-15,Sequoias,sequoias,blakeedmonsond202,Blake Edmonson
Feb 24,home,Merced,W,5-1,5,1,4,win,20150224_k05o,0,0,0,1,2.0,2.0,,,0.0,1.0,2.0,2015,2014-15,Sequoias,sequoias,blakeedmonsond202,Blake Edmonson
Feb 26,home,Merced,L,10-2,10,2,8,win,20150226_62m4,0,0,0,0,0.0,,,,0.0,,,2015,2014-15,Sequoias,sequoias,blakeedmonsond202,Blake Edmonson
Feb 28,home,Merced,L,6-3,6,3,3,win,20150228_zq86,0,0,0,0,0.0,,,,0.0,,,2015,2014-15,Sequoias,sequoias,blakeedmonsond202,Blake Edmonson
Mar 3,home,Fresno City,L,10-6,10,6,4,win,20150303_03u2,0,0,0,0,0.0,,,,0.0,,,2015,2014-15,Sequoias,sequoias,blakeedmonsond202,Blake Edmonson
Mar 5,home,Fresno City,W,9-4,9,4,5,win,20150305_h7pf,0,0,0,0,0.0,,,,0.0,,,2015,2014-15,Sequoias,sequoias,blakeedmonsond202,Blake Edmonson
Mar 7,home,Fresno City,L,5-1,5,1,4,win,20150307_e4cq,0,0,0,0,0.0,,,,0.0,,,2015,2014-15,Sequoias,sequoias,blakeedmonsond202,Blake Edmonson
Mar 10,home,Taft,W,5-1,5,1,4,win,20150310_mv0m,0,0,0,0,2.0,,,,0.0,,2.0,2015,2014-15,Sequoias,sequoias,blakeedmonsond202,Blake Edmonson
Mar 12,home,Taft,W,4-3,4,3,1,win,20150312_mgo4,0,0,0,1,1.0,1.0,,,0.0,,,2015,2014-15,Sequoias,sequoias,blakeedmonsond202,Blake Edmonson
Mar 14,home,Taft,W,5-3,5,3,2,win,20150314_63po,0,0,0,1,1.0,,,,0.0,,,2015,2014-15,Sequoias,sequoias,blakeedmonsond202,Blake Edmonson
Mar 17,home,Reedley,W,9-1,9,1,8,win,20150317_u06t,0,0,0,0,0.0,,,,0.0,,,2015,2014-15,Sequoias,sequoias,blakeedmonsond202,Blake Edmonson
Mar 19,home,Reedley,W,8-0,8,0,8,win,20150319_6bw4,0,0,0,0,0.0,,,,0.0,,,2015,2014-15,Sequoias,sequoias,blakeedmonsond202,Blake Edmonson
Mar 21,home,Reedley,L,8-2,8,2,6,win,20150321_50m1,0,0,0,0,0.0,,,,0.0,,,2015,2014-15,Sequoias,sequoias,blakeedmonsond202,Blake Edmonson
Mar 24,home,Porterville,L,2-1,2,1,1,win,20150324_0mtw,0,0,1,0,2.2,4.0,1.0,1.0,3.38,1.0,1.0,2015,2014-15,Sequoias,sequoias,blakeedmonsond202,Blake Edmonson
Mar 26,home,Porterville,W,6-4,6,4,2,win,20150326_3vto,0,0,0,0,0.0,,,,0.0,,,2015,2014-15,Sequoias,sequoias,blakeedmonsond202,Blake Edmonson
Mar 28,home,Porterville,W,6-2,6,2,4,win,20150328_qx9d,0,0,0,0,1.0,1.0,,,0.0,,,2015,2014-15,Sequoias,sequoias,blakeedmonsond202,Blake Edmonson
Mar 31,home,Bakersfield,L,11-1,11,1,10,win,20150331_fnzs,0,0,0,0,0.0,,,,0.0,,,2015,2014-15,Sequoias,sequoias,blakeedmonsond202,Blake Edmonson
Apr 1,home,Saddleback,L,17-3,17,3,14,win,20150401_yon5,0,0,0,0,1.0,2.0,,,0.0,,,2015,2014-15,Sequoias,sequoias,blakeedmonsond202,Blake Edmonson
Apr 7,home,West Hills Coalinga,W,10-0,10,0,10,win,20150407_42tx,0,0,0,0,0.0,,,,0.0,,,2015,2014-15,Sequoias,sequoias,blakeedmonsond202,Blake Edmonson
Apr 9,home,West Hills Coalinga,W,6-2,6,2,4,win,20150409_6czq,0,0,0,0,0.0,,,,0.0,,,2015,2014-15,Sequoias,sequoias,blakeedmonsond202,Blake Edmonson
Apr 11,home,West Hills Coalinga,L,9-7,9,7,2,win,20150411_kkow,0,0,0,0,2.0,2.0,2.0,1.0,4.5,1.0,1.0,2015,2014-15,Sequoias,sequoias,blakeedmonsond202,Blake Edmonson
Apr 14,home,Fresno City,L,14-10,14,10,4,win,20150414_euy1,0,0,0,0,0.0,,,,0.0,,,2015,2014-15,Sequoias,sequoias,blakeedmonsond202,Blake Edmonson
Apr 16,home,West Hills Coalinga,W,5-2,5,2,3,win,20150416_cupf,0,0,0,1,1.0,,,,0.0,,,2015,2014-15,Sequoias,sequoias,blakeedmonsond202,Blake Edmonson
Apr 19,home,Porterville,W,16-4,16,4,12,win,20150419_t0ke,0,0,0,0,0.0,,,,0.0,,,2015,2014-15,Sequoias,sequoias,blakeedmonsond202,Blake Edmonson
Apr 21,home,Taft,L,2-1,2,1,1,win,20150421_qc8k,0,0,1,0,2.0,3.0,1.0,1.0,4.5,1.0,,2015,2014-15,Sequoias,sequoias,blakeedmonsond202,Blake Edmonson
Apr 23,home,Merced,L,5-4,5,4,1,win,20150423_n60a,0,0,0,0,0.0,,,,0.0,,,2015,2014-15,Sequoias,sequoias,blakeedmonsond202,Blake Edmonson
Apr 24,home,Reedley,W,5-2,5,2,3,win,20150424_gh13,0,0,0,1,1.0,,,,0.0,,,2015,2014-15,Sequoias,sequoias,blakeedmonsond202,Blake Edmonson
Apr 28,home,Yuba,W,8-3,8,3,5,win,20150428_ijsw,0,0,0,0,1.0,1.0,,,0.0,,2.0,2015,2014-15,Sequoias,sequoias,blakeedmonsond202,Blake Edmonson
May 1,home,San Joaquin  Delta,L,5-2,5,2,3,win,20150501_2gbp,0,0,0,0,0.0,,,,0.0,,,2015,2014-15,Sequoias,sequoias,blakeedmonsond202,Blake Edmonson
May 2,home,San Joaquin  Delta,W,8-4,8,4,4,win,20150502_pbeg,0,0,0,1,1.0,0.0,0.0,0.0,0.0,0.0,1.0,2015,2014-15,Sequoias,sequoias,blakeedmonsond202,Blake Edmonson
May 2,home,San Joaquin  Delta,L,5-1,5,1,4,win,20150502_hskg,0,0,0,0,0.0,,,,0.0,,,2015,2014-15,Sequoias,sequoias,blakeedmonsond202,Blake Edmonson
Feb 17,home,Cerro Coso,W,19-2,19,2,17,win,20150217_8832,0,0,0,0,0.0,,,,0.0,,,2015,2014-15,Canyons,canyons,jamielrobinson57mt,Jamiel Robinson
Mar 3,home,Antelope Valley,W,5-4,5,4,1,win,20150303_t1a0,0,0,0,0,0.0,,,,0.0,,,2015,2014-15,Canyons,canyons,jamielrobinson57mt,Jamiel Robinson
Mar 10,home,West LA,W,8-0,8,0,8,win,20150310_1jzj,0,0,0,0,0.0,,,,0.0,,,2015,2014-15,Canyons,canyons,jamielrobinson57mt,Jamiel Robinson
Mar 19,home,Antelope Valley,L,3-0,3,0,3,win,20150319_b4ts,0,0,0,0,0.0,,,,0.0,,,2015,2014-15,Canyons,canyons,jamielrobinson57mt,Jamiel Robinson
Jan 27,home,Mission,L,9-7,9,7,2,win,20150127_qfne,0,0,0,0,0.0,,,,0.0,,,2015,2014-15,Hartnell,hartnell,bransonumbargerykwf,Branson Umbarger
Jan 30,home,Marin,L,12-8,12,8,4,win,20150130_ulqo,0,0,0,0,0.0,,,,0.0,,,2015,2014-15,Hartnell,hartnell,bransonumbargerykwf,Branson Umbarger
Jan 31,home,Marin,L,15-3,15,3,12,win,20150131_76kx,0,0,0,0,0.0,,,,0.0,,,2015,2014-15,Hartnell,hartnell,bransonumbargerykwf,Branson Umbarger
Feb 3,home,Laney,L,10-8,10,8,2,win,20150203_craf,0,0,0,0,0.0,,,,0.0,,,2015,2014-15,Hartnell,hartnell,bransonumbargerykwf,Branson Umbarger
Feb 5,home,Reedley,L,5-1,5,1,4,win,20150205_trml,0,0,0,0,0.0,,,,0.0,,,2015,2014-15,Hartnell,hartnell,bransonumbargerykwf,Branson Umbarger
Feb 6,home,Bakersfield,L,11-7,11,7,4,win,20150206_uhin,0,0,0,0,0.0,,,,0.0,,,2015,2014-15,Hartnell,hartnell,bransonumbargerykwf,Branson Umbarger
Feb 7,home,Golden West,L,3-1,3,1,2,win,20150207_f1r5,0,0,0,0,0.0,,,,0.0,,,2015,2014-15,Hartnell,hartnell,bransonumbargerykwf,Branson Umbarger
Feb 13,home,American River,W,10-6,10,6,4,win,20150213_1e5c,0,0,0,0,0.0,,,,0.0,,,2015,2014-15,Hartnell,hartnell,bransonumbargerykwf,Branson Umbarger
Feb 14,home,American River,W,12-1,12,1,11,win,20150214_v1lx,0,0,0,0,0.0,,,,0.0,,,2015,2014-15,Hartnell,hartnell,bransonumbargerykwf,Branson Umbarger
Feb 17,home,Solano,L,12-9,12,9,3,win,20150217_p2g5,0,0,0,0,0.0,,,,0.0,,,2015,2014-15,Hartnell,hartnell,bransonumbargerykwf,Branson Umbarger
Feb 19,home,Contra Costa,L,7-6,7,6,1,win,20150219_63cy,0,0,0,0,0.0,,,,0.0,,,2015,2014-15,Hartnell,hartnell,bransonumbargerykwf,Branson Umbarger
Feb 24,home,Monterey,L,9-4,9,4,5,win,20150224_sgrm,0,0,0,0,0.0,,,,0.0,,,2015,2014-15,Hartnell,hartnell,bransonumbargerykwf,Branson Umbarger
Feb 26,home,Skyline,L,10-3,10,3,7,win,20150226_8y77,0,0,0,0,0.0,,,,0.0,,,2015,2014-15,Hartnell,hartnell,bransonumbargerykwf,Branson Umbarger
Mar 3,home,Cabrillo,W,7-6,7,6,1,win,20150303_u9pc,0,0,0,0,0.0,,,,0.0,,,2015,2014-15,Hartnell,hartnell,bransonumbargerykwf,Branson Umbarger
Mar 12,home,Gavilan,L,8-3,8,3,5,win,20150312_coa7,0,0,0,0,0.0,,,,0.0,,,2015,2014-15,Hartnell,hartnell,bransonumbargerykwf,Branson Umbarger
Mar 14,home,West Valley,L,7-1,7,1,6,win,20150314_bbq4,0,0,0,0,0.0,,,,0.0,,,2015,2014-15,Hartnell,hartnell,bransonumbargerykwf,Branson Umbarger
Mar 17,home,Mission,L,5-4,5,4,1,win,20150317_j0t9,0,0,0,0,0.0,,,,0.0,,,2015,2014-15,Hartnell,hartnell,bransonumbargerykwf,Branson Umbarger
Mar 19,home,Canada,W,5-4,5,4,1,win,20150319_qx9c,0,0,0,0,0.0,,,,0.0,,,2015,2014-15,Hartnell,hartnell,bransonumbargerykwf,Branson Umbarger
Mar 21,home,Skyline,L,4-0,4,0,4,win,20150321_awld,0,0,0,0,0.0,,,,0.0,,,2015,2014-15,Hartnell,hartnell,bransonumbargerykwf,Branson Umbarger
Mar 24,home,Gavilan,W,10-1,10,1,9,win,20150324_urq1,0,0,0,0,0.0,,,,0.0,,,2015,2014-15,Hartnell,hartnell,bransonumbargerykwf,Branson Umbarger
Mar 26,home,San Mateo,L,9-2,9,2,7,win,20150326_8e70,0,0,0,0,0.0,,,,0.0,,,2015,2014-15,Hartnell,hartnell,bransonumbargerykwf,Branson Umbarger
Mar 28,home,Ohlone,L,14-2,14,2,12,win,20150328_0dfj,0,0,0,0,0.0,,,,0.0,,,2015,2014-15,Hartnell,hartnell,bransonumbargerykwf,Branson Umbarger
Apr 4,home,Cabrillo,W,3-2,3,2,1,win,20150404_6fph,0,0,0,0,0.0,,,,0.0,,,2015,2014-15,Hartnell,hartnell,bransonumbargerykwf,Branson Umbarger
Apr 7,home,Chabot,L,5-4,5,4,1,win,20150407_r1qt,0,0,0,0,0.0,,,,0.0,,,2015,2014-15,Hartnell,hartnell,bransonumbargerykwf,Branson Umbarger
Apr 9,home,San Francisco,L,5-2,5,2,3,win,20150409_ybhz,0,0,0,0,0.0,,,,0.0,,,2015,2014-15,Hartnell,hartnell,bransonumbargerykwf,Branson Umbarger
Apr 11,home,Ohlone,L,7-2,7,2,5,win,20150411_vrzu,0,0,0,0,0.0,,,,0.0,,,2015,2014-15,Hartnell,hartnell,bransonumbargerykwf,Branson Umbarger
Apr 14,home,Cabrillo,L,6-4,6,4,2,win,20150414_i3h0,0,0,0,0,0.0,,,,0.0,,,2015,2014-15,Hartnell,hartnell,bransonumbargerykwf,Branson Umbarger
Apr 16,home,Canada,L,6-2,6,2,4,win,20150416_vz4a,0,0,0,0,0.0,,,,0.0,,,2015,2014-15,Hartnell,hartnell,bransonumbargerykwf,Branson Umbarger
Apr 18,home,Monterey,W,12-5,12,5,7,win,20150418_dl5k,0,0,0,0,0.0,,,,0.0,,,2015,2014-15,Hartnell,hartnell,bransonumbargerykwf,Branson Umbarger
Apr 21,home,Skyline,L,5-3,5,3,2,win,20150421_jahm,0,0,0,0,0.0,,,,0.0,,,2015,2014-15,Hartnell,hartnell,bransonumbargerykwf,Branson Umbarger
Apr 23,home,Gavilan,L,10-5,10,5,5,win,20150423_7x2x,0,0,0,0,0.0,,,,0.0,,,2015,2014-15,Hartnell,hartnell,bransonumbargerykwf,Branson Umbarger
Jan 31,home,Palomar,W,11-6,11,6,5,win,20150131_fvls,0,0,0,0,0.0,,,,0.0,,,2015,2014-15,Golden West,goldenwest,philipknappjdk1,Philip Knapp
Feb 5,home,Sequoias,W,7-3,7,3,4,win,20150205_a6uq,0,0,0,0,0.0,,,,0.0,,,2015,2014-15,Golden West,goldenwest,philipknappjdk1,Philip Knapp
Feb 6,home,Reedley,W,7-2,7,2,5,win,20150206_o7yk,0,0,0,0,0.0,,,,0.0,,,2015,2014-15,Golden West,goldenwest,philipknappjdk1,Philip Knapp
Feb 7,home,Hartnell,W,3-1,3,1,2,win,20150207_f1r5,0,0,0,0,0.0,,,,0.0,,,2015,2014-15,Golden West,goldenwest,philipknappjdk1,Philip Knapp
Feb 10,home,Cerritos,W,4-2,4,2,2,win,20150210_l5yf,0,0,0,0,0.0,,,,0.0,,,2015,2014-15,Golden West,goldenwest,philipknappjdk1,Philip Knapp
Feb 12,home,LA Harbor,L,6-2,6,2,4,win,20150212_ib9j,0,0,0,0,0.0,,,,0.0,,,2015,2014-15,Golden West,goldenwest,philipknappjdk1,Philip Knapp
Feb 13,home,LA Harbor,W,8-2,8,2,6,win,20150213_f8nf,0,0,0,0,0.0,,,,0.0,,,2015,2014-15,Golden West,goldenwest,philipknappjdk1,Philip Knapp
Feb 17,home,LA Harbor,L,6-1,6,1,5,win,20150217_iytz,0,0,0,0,0.0,,,,0.0,,,2015,2014-15,Golden West,goldenwest,philipknappjdk1,Philip Knapp
Feb 19,home,Bakersfield,W,4-2,4,2,2,win,20150219_ai2r,0,0,0,0,0.0,,,,0.0,,,2015,2014-15,Golden West,goldenwest,philipknappjdk1,Philip Knapp
Feb 21,home,Bakersfield,L,7-6,7,6,1,win,20150221_zvsx,0,0,0,0,0.0,,,,0.0,,,2015,2014-15,Golden West,goldenwest,philipknappjdk1,Philip Knapp
Feb 24,home,Cerritos,L,3-2,3,2,1,win,20150224_iydm,0,0,0,0,0.0,,,,0.0,,,2015,2014-15,Golden West,goldenwest,philipknappjdk1,Philip Knapp
Feb 26,home,Cypress,W,7-6,7,6,1,win,20150226_pu3e,0,0,0,0,0.0,,,,0.0,,,2015,2014-15,Golden West,goldenwest,philipknappjdk1,Philip Knapp
Feb 28,home,Fullerton,L,7-4,7,4,3,win,20150228_evrf,0,0,0,0,0.0,,,,0.0,,,2015,2014-15,Golden West,goldenwest,philipknappjdk1,Philip Knapp
Mar 3,home,Saddleback,L,9-8,9,8,1,win,20150303_b3r5,0,0,0,0,0.0,,,,0.0,,,2015,2014-15,Golden West,goldenwest,philipknappjdk1,Philip Knapp
Mar 5,home,Irvine Valley,L,7-3,7,3,4,win,20150305_82mc,0,0,0,0,0.0,,,,0.0,,,2015,2014-15,Golden West,goldenwest,philipknappjdk1,Philip Knapp
Mar 7,home,Santa Ana,W,9-3,9,3,6,win,20150307_4ikn,0,0,0,0,0.0,,,,0.0,,,2015,2014-15,Golden West,goldenwest,philipknappjdk1,Philip Knapp
Mar 10,home,Orange Coast,W,5-4,5,4,1,win,20150310_b690,0,0,0,0,0.0,,,,0.0,,,2015,2014-15,Golden West,goldenwest,philipknappjdk1,Philip Knapp
Mar 12,home,Riverside,L,13-0,13,0,13,win,20150312_ugk6,0,0,0,0,0.0,,,,0.0,,,2015,2014-15,Golden West,goldenwest,philipknappjdk1,Philip Knapp
Mar 17,home,Cypress,W,5-4,5,4,1,win,20150317_k9qu,0,0,0,0,0.0,,,,0.0,,,2015,2014-15,Golden West,goldenwest,philipknappjdk1,Philip Knapp
Mar 19,home,Cypress,L,5-1,5,1,4,win,20150319_wg7p,0,0,0,0,0.0,,,,0.0,,,2015,2014-15,Golden West,goldenwest,philipknappjdk1,Philip Knapp
Mar 21,home,Fullerton,W,5-4,5,4,1,win,20150321_ssta,0,0,0,0,0.0,,,,0.0,,,2015,2014-15,Golden West,goldenwest,philipknappjdk1,Philip Knapp
Mar 24,home,Fullerton,L,12-6,12,6,6,win,20150324_4n5o,0,0,0,0,0.0,,,,0.0,,,2015,2014-15,Golden West,goldenwest,philipknappjdk1,Philip Knapp
Mar 27,home,Saddleback,W,7-1,7,1,6,win,20150327_76jd,0,0,0,0,0.0,,,,0.0,,,2015,2014-15,Golden West,goldenwest,philipknappjdk1,Philip Knapp
Mar 31,home,Chaffey,L,6-2,6,2,4,win,20150331_tymd,0,0,0,0,0.0,,,,0.0,,,2015,2014-15,Golden West,goldenwest,philipknappjdk1,Philip Knapp
Apr 2,home,Chaffey,L,6-5,6,5,1,win,20150402_1ikn,0,0,0,0,0.0,,,,0.0,,,2015,2014-15,Golden West,goldenwest,philipknappjdk1,Philip Knapp
Apr 7,home,Irvine Valley,W,15-0,15,0,15,win,20150407_bwyx,0,0,0,0,0.0,,,,0.0,,,2015,2014-15,Golden West,goldenwest,philipknappjdk1,Philip Knapp
Apr 9,home,Irvine Valley,W,2-1,2,1,1,win,20150409_u8uo,0,0,0,0,0.0,,,,0.0,,,2015,2014-15,Golden West,goldenwest,philipknappjdk1,Philip Knapp
Apr 11,home,Santa Ana,W,2-1,2,1,1,win,20150411_onqn,0,0,0,0,0.0,,,,0.0,,,2015,2014-15,Golden West,goldenwest,philipknappjdk1,Philip Knapp
Apr 16,home,Orange Coast,W,5-4,5,4,1,win,20150416_m9hs,0,0,0,0,0.0,,,,0.0,,,2015,2014-15,Golden West,goldenwest,philipknappjdk1,Philip Knapp
May 9,home,Saddleback,L,2-0,2,0,2,win,20150509_n6k9,0,0,0,0,0.0,,,,0.0,,,2015,2014-15,Golden West,goldenwest,philipknappjdk1,Philip Knapp
May 10,home,Saddleback,L,8-7,8,7,1,win,20150510_p3td,0,0,0,0,0.0,,,,0.0,,,2015,2014-15,Golden West,goldenwest,philipknappjdk1,Philip Knapp
Jan 29,home,Chabot,L,7-6,7,6,1,win,20150129_j5ks,0,0,0,0,0.0,,,,0.0,,,2015,2014-15,Santa Rosa,santarosa,mitchellwestclv9,Mitchell West
Jan 31,home,Chabot,W,4-3,4,3,1,win,20150131_mzgs,0,0,0,0,0.0,,,,0.0,,,2015,2014-15,Santa Rosa,santarosa,mitchellwestclv9,Mitchell West
Feb 2,home,De Anza,W,9-1,9,1,8,win,20150202_v2ar,0,0,0,0,0.0,,,,0.0,,,2015,2014-15,Santa Rosa,santarosa,mitchellwestclv9,Mitchell West
Feb 5,home,De Anza,W,10-0,10,0,10,win,20150205_xcfp,0,0,0,0,0.0,,,,0.0,,,2015,2014-15,Santa Rosa,santarosa,mitchellwestclv9,Mitchell West
Feb 7,home,Alumni,W,3-2,3,2,1,win,20150207_9yl9,0,0,0,0,0.0,,,,0.0,,,2015,2014-15,Santa Rosa,santarosa,mitchellwestclv9,Mitchell West
Feb 10,home,Laney,W,9-3,9,3,6,win,20150210_vsc0,0,0,0,0,0.0,,,,0.0,,,2015,2014-15,Santa Rosa,santarosa,mitchellwestclv9,Mitchell West
Feb 12,home,Los Medanos,W,7-5,7,5,2,win,20150212_6kxf,0,0,0,0,0.0,,,,0.0,,,2015,2014-15,Santa Rosa,santarosa,mitchellwestclv9,Mitchell West
Feb 14,home,Los Medanos,W,11-1,11,1,10,win,20150214_2sh8,0,0,0,0,0.0,,,,0.0,,,2015,2014-15,Santa Rosa,santarosa,mitchellwestclv9,Mitchell West
Feb 17,home,Contra Costa,W,4-0,4,0,4,win,20150217_w8ao,0,0,0,0,0.0,,,,0.0,,,2015,2014-15,Santa Rosa,santarosa,mitchellwestclv9,Mitchell West
Feb 19,home,Solano,W,7-2,7,2,5,win,20150219_wf6q,0,0,0,0,0.0,,,,0.0,,,2015,2014-15,Santa Rosa,santarosa,mitchellwestclv9,Mitchell West
Feb 21,home,Solano,L,2-1,2,1,1,win,20150221_ogp7,0,0,0,0,0.0,,,,0.0,,,2015,2014-15,Santa Rosa,santarosa,mitchellwestclv9,Mitchell West
Mar 6,home,Sierra,W,2-0,2,0,2,win,20150306_shmr,0,0,0,0,0.0,,,,0.0,,,2015,2014-15,Santa Rosa,santarosa,mitchellwestclv9,Mitchell West
Mar 10,home,San Joaquin  Delta,L,4-0,4,0,4,win,20150310_fmx4,0,0,0,0,0.0,,,,0.0,,,2015,2014-15,Santa Rosa,santarosa,mitchellwestclv9,Mitchell West
Mar 12,home,San Joaquin  Delta,L,5-1,5,1,4,win,20150312_rxbw,0,0,0,0,0.0,,,,0.0,,,2015,2014-15,Santa Rosa,santarosa,mitchellwestclv9,Mitchell West
Mar 14,home,San Joaquin  Delta,L,10-4,10,4,6,win,20150314_1m79,0,0,0,0,0.0,,,,0.0,,,2015,2014-15,Santa Rosa,santarosa,mitchellwestclv9,Mitchell West
Mar 17,home,Sacramento City,W,6-3,6,3,3,win,20150317_5syx,0,0,0,0,0.0,,,,0.0,,,2015,2014-15,Santa Rosa,santarosa,mitchellwestclv9,Mitchell West
Mar 21,home,Sacramento City,W,8-1,8,1,7,win,20150321_mr56,0,0,0,0,0.0,,,,0.0,,,2015,2014-15,Santa Rosa,santarosa,mitchellwestclv9,Mitchell West
Mar 24,home,Diablo Valley,W,5-4,5,4,1,win,20150324_zdvg,0,0,0,0,0.0,,,,0.0,,,2015,2014-15,Santa Rosa,santarosa,mitchellwestclv9,Mitchell West
Mar 26,home,Diablo Valley,W,11-5,11,5,6,win,20150326_fj6n,0,0,0,0,0.0,,,,0.0,,,2015,2014-15,Santa Rosa,santarosa,mitchellwestclv9,Mitchell West
Mar 27,home,Diablo Valley,W,8-2,8,2,6,win,20150327_3hwl,0,0,0,0,0.0,,,,0.0,,,2015,2014-15,Santa Rosa,santarosa,mitchellwestclv9,Mitchell West
Mar 31,home,Cosumnes River,W,10-5,10,5,5,win,20150331_byci,0,0,0,0,0.0,,,,0.0,,,2015,2014-15,Santa Rosa,santarosa,mitchellwestclv9,Mitchell West
Apr 2,home,Cosumnes River,L,5-4,5,4,1,win,20150402_ss1v,0,0,0,0,0.0,,,,0.0,,,2015,2014-15,Santa Rosa,santarosa,mitchellwestclv9,Mitchell West
Apr 4,home,Cosumnes River,L,2-1,2,1,1,win,20150404_4ydx,0,0,0,0,0.0,,,,0.0,,,2015,2014-15,Santa Rosa,santarosa,mitchellwestclv9,Mitchell West
Apr 8,home,American River,W,8-2,8,2,6,win,20150408_ufu5,0,0,0,0,0.0,,,,0.0,,,2015,2014-15,Santa Rosa,santarosa,mitchellwestclv9,Mitchell West
Apr 9,home,American River,W,10-3,10,3,7,win,20150409_4tkk,0,0,0,0,0.0,,,,0.0,,,2015,2014-15,Santa Rosa,santarosa,mitchellwestclv9,Mitchell West
Apr 11,home,American River,L,3-1,3,1,2,win,20150411_krin,0,0,0,0,0.0,,,,0.0,,,2015,2014-15,Santa Rosa,santarosa,mitchellwestclv9,Mitchell West
Apr 14,home,Modesto,W,5-1,5,1,4,win,20150414_55r1,0,0,0,0,0.0,,,,0.0,,,2015,2014-15,Santa Rosa,santarosa,mitchellwestclv9,Mitchell West
Apr 16,home,Modesto,W,7-1,7,1,6,win,20150416_j73s,0,0,0,0,0.0,,,,0.0,,,2015,2014-15,Santa Rosa,santarosa,mitchellwestclv9,Mitchell West
Apr 17,home,Modesto,W,4-0,4,0,4,win,20150417_1n3q,0,0,0,0,0.0,,,,0.0,,,2015,2014-15,Santa Rosa,santarosa,mitchellwestclv9,Mitchell West
Apr 21,home,Sierra,W,10-1,10,1,9,win,20150421_2o4x,0,0,0,0,0.0,,,,0.0,,,2015,2014-15,Santa Rosa,santarosa,mitchellwestclv9,Mitchell West
Apr 23,home,Sierra,W,8-2,8,2,6,win,20150423_345v,0,0,0,0,0.0,,,,0.0,,,2015,2014-15,Santa Rosa,santarosa,mitchellwestclv9,Mitchell West
Apr 24,home,Sierra,W,2-1,2,1,1,win,20150424_8zmq,0,0,0,0,0.0,,,,0.0,,,2015,2014-15,Santa Rosa,santarosa,mitchellwestclv9,Mitchell West
May 1,home,Butte,W,8-0,8,0,8,win,20150501_kvqv,0,0,0,0,0.0,,,,0.0,,,2015,2014-15,Santa Rosa,santarosa,mitchellwestclv9,Mitchell West
May 2,home,Butte,W,5-1,5,1,4,win,20150502_hk7t,0,0,0,0,0.0,,,,0.0,,,2015,2014-15,Santa Rosa,santarosa,mitchellwestclv9,Mitchell West
May 8,home,San Mateo,L,5-4,5,4,1,win,20150508_140k,0,0,0,0,0.0,,,,0.0,,,2015,2014-15,Santa Rosa,santarosa,mitchellwestclv9,Mitchell West
May 9,home,San Mateo,L,4-1,4,1,3,win,20150509_58x2,0,0,0,0,0.0,,,,0.0,,,2015,2014-15,Santa Rosa,santarosa,mitchellwestclv9,Mitchell West
Jan 27,home,Pasadena,W,7-0,7,0,7,win,20150127_6e3x,0,0,0,0,0.0,,,,0.0,,,2015,2014-15,Oxnard,oxnard,tysonquolasxsys,Tyson Quolas
Jan 29,home,Citrus,W,4-3,4,3,1,win,20150129_2rwa,0,0,0,0,0.0,,,,0.0,,,2015,2014-15,Oxnard,oxnard,tysonquolasxsys,Tyson Quolas
Jan 31,home,LA Mission,L,8-4,8,4,4,win,20150131_fzci,0,0,0,0,2.2,2.0,1.0,1.0,3.38,3.0,2.0,2015,2014-15,Oxnard,oxnard,tysonquolasxsys,Tyson Quolas
Feb 3,home,Pasadena,W,4-3,4,3,1,win,20150203_40wi,0,0,0,0,0.0,,,,0.0,,,2015,2014-15,Oxnard,oxnard,tysonquolasxsys,Tyson Quolas
Feb 5,home,LA Mission,W,4-1,4,1,3,win,20150205_e07d,0,0,0,0,0.0,,,,0.0,,,2015,2014-15,Oxnard,oxnard,tysonquolasxsys,Tyson Quolas
Feb 10,home,Glendale,W,5-0,5,0,5,win,20150210_isdb,0,0,0,0,0.0,,,,0.0,,,2015,2014-15,Oxnard,oxnard,tysonquolasxsys,Tyson Quolas
Feb 12,home,Citrus,T,5-5,5,5,0,tie,20150212_kzcb,0,0,0,0,0.0,,,,0.0,,,2015,2014-15,Oxnard,oxnard,tysonquolasxsys,Tyson Quolas
Feb 14,home,LA Pierce,W,11-7,11,7,4,win,20150214_aa1b,0,0,0,0,0.0,,,,0.0,,,2015,2014-15,Oxnard,oxnard,tysonquolasxsys,Tyson Quolas
Feb 17,home,LA Pierce,W,6-4,6,4,2,win,20150217_6bqb,0,0,0,0,0.0,,,,0.0,,,2015,2014-15,Oxnard,oxnard,tysonquolasxsys,Tyson Quolas
Feb 19,home,Santa Barbara,L,4-3,4,3,1,win,20150219_9mu2,0,0,0,0,0.0,,,,0.0,,,2015,2014-15,Oxnard,oxnard,tysonquolasxsys,Tyson Quolas
Feb 21,home,Santa Barbara,W,6-2,6,2,4,win,20150221_e8yk,0,0,0,0,0.0,,,,0.0,,,2015,2014-15,Oxnard,oxnard,tysonquolasxsys,Tyson Quolas
Feb 28,home,Allan Hancock,W,7-0,7,0,7,win,20150228_7k0r,0,0,0,0,0.0,,,,0.0,,,2015,2014-15,Oxnard,oxnard,tysonquolasxsys,Tyson Quolas
Mar 3,home,Allan Hancock,W,4-3,4,3,1,win,20150303_ucpp,0,0,0,0,0.0,,,,0.0,,,2015,2014-15,Oxnard,oxnard,tysonquolasxsys,Tyson Quolas
Mar 5,home,Moorpark,L,4-3,4,3,1,win,20150305_p8ar,0,0,0,0,0.0,,,,0.0,,,2015,2014-15,Oxnard,oxnard,tysonquolasxsys,Tyson Quolas
Mar 7,home,Moorpark,W,1-0,1,0,1,win,20150307_hdxx,0,0,0,0,0.0,,,,0.0,,,2015,2014-15,Oxnard,oxnard,tysonquolasxsys,Tyson Quolas
Mar 10,home,Cuesta,W,2-1,2,1,1,win,20150310_tqv2,0,0,0,0,0.0,,,,0.0,,,2015,2014-15,Oxnard,oxnard,tysonquolasxsys,Tyson Quolas
Mar 12,home,Cuesta,L,4-0,4,0,4,win,20150312_0jpv,0,0,0,0,0.0,,,,0.0,,,2015,2014-15,Oxnard,oxnard,tysonquolasxsys,Tyson Quolas
Mar 14,home,Ventura,W,9-4,9,4,5,win,20150314_gi3u,0,0,0,0,0.0,,,,0.0,,,2015,2014-15,Oxnard,oxnard,tysonquolasxsys,Tyson Quolas
Mar 17,home,Ventura,W,7-3,7,3,4,win,20150317_9ss6,0,0,0,0,0.0,,,,0.0,,,2015,2014-15,Oxnard,oxnard,tysonquolasxsys,Tyson Quolas
Mar 19,home,LA Pierce,W,3-2,3,2,1,win,20150319_ftf7,0,0,0,0,0.0,,,,0.0,,,2015,2014-15,Oxnard,oxnard,tysonquolasxsys,Tyson Quolas
Mar 21,home,LA Pierce,W,5-3,5,3,2,win,20150321_t1rz,0,0,0,0,0.0,,,,0.0,,,2015,2014-15,Oxnard,oxnard,tysonquolasxsys,Tyson Quolas
Mar 24,home,Santa Barbara,L,13-0,13,0,13,win,20150324_c3m1,0,0,0,0,0.0,,,,0.0,,,2015,2014-15,Oxnard,oxnard,tysonquolasxsys,Tyson Quolas
Mar 26,home,Santa Barbara,W,4-2,4,2,2,win,20150326_lr7d,0,0,0,0,0.0,,,,0.0,,,2015,2014-15,Oxnard,oxnard,tysonquolasxsys,Tyson Quolas
Mar 30,home,Long Beach,W,2-1,2,1,1,win,20150330_tokz,0,0,0,0,0.0,,,,0.0,,,2015,2014-15,Oxnard,oxnard,tysonquolasxsys,Tyson Quolas
Mar 30,home,Long Beach,W,9-8,9,8,1,win,20150330_9mrp,0,0,0,0,0.0,,,,0.0,,,2015,2014-15,Oxnard,oxnard,tysonquolasxsys,Tyson Quolas
Mar 31,home,LA Valley,W,7-3,7,3,4,win,20150331_8qhs,0,0,0,0,2.0,1.0,,,0.0,,1.0,2015,2014-15,Oxnard,oxnard,tysonquolasxsys,Tyson Quolas
Apr 1,home,LA Valley,W,7-2,7,2,5,win,20150401_naho,0,0,0,0,0.0,,,,0.0,,,2015,2014-15,Oxnard,oxnard,tysonquolasxsys,Tyson Quolas
Apr 8,home,Fresno City,L,4-3,4,3,1,win,20150408_adup,0,0,0,0,0.0,,,,0.0,,,2015,2014-15,Oxnard,oxnard,tysonquolasxsys,Tyson Quolas
Apr 9,home,Allan Hancock,W,7-5,7,5,2,win,20150409_z6jy,0,0,0,0,0.0,,,,0.0,,,2015,2014-15,Oxnard,oxnard,tysonquolasxsys,Tyson Quolas
Apr 11,home,Allan Hancock,L,4-3,4,3,1,win,20150411_8dke,0,0,0,0,0.0,,,,0.0,,,2015,2014-15,Oxnard,oxnard,tysonquolasxsys,Tyson Quolas
Apr 14,home,Moorpark,L,4-3,4,3,1,win,20150414_rt6f,0,0,0,0,0.0,,,,0.0,,,2015,2014-15,Oxnard,oxnard,tysonquolasxsys,Tyson Quolas
Apr 16,home,Moorpark,W,11-9,11,9,2,win,20150416_0phf,0,0,0,0,0.0,,,,0.0,,,2015,2014-15,Oxnard,oxnard,tysonquolasxsys,Tyson Quolas
Apr 18,home,Cuesta,W,5-4,5,4,1,win,20150418_x1ay,0,0,0,0,0.0,,,,0.0,,,2015,2014-15,Oxnard,oxnard,tysonquolasxsys,Tyson Quolas
Apr 21,home,Cuesta,L,4-2,4,2,2,win,20150421_agpz,0,0,0,0,0.0,,,,0.0,,,2015,2014-15,Oxnard,oxnard,tysonquolasxsys,Tyson Quolas
Apr 23,home,Ventura,W,8-2,8,2,6,win,20150423_wvo8,0,0,0,0,0.0,,,,0.0,,,2015,2014-15,Oxnard,oxnard,tysonquolasxsys,Tyson Quolas
Apr 24,home,Ventura,W,12-7,12,7,5,win,20150424_b3lg,0,0,0,0,0.0,,,,0.0,,,2015,2014-15,Oxnard,oxnard,tysonquolasxsys,Tyson Quolas
May 1,home,Irvine Valley,L,8-0,8,0,8,win,20150501_m3i7,0,0,0,0,0.0,,,,0.0,,,2015,2014-15,Oxnard,oxnard,tysonquolasxsys,Tyson Quolas
May 2,home,Irvine Valley,L,1-0,1,0,1,win,20150502_htrw,0,0,0,0,0.0,,,,0.0,,,2015,2014-15,Oxnard,oxnard,tysonquolasxsys,Tyson Quolas
Jan 27,home,De Anza,W,11-6,11,6,5,win,20150127_cts9,0,0,0,0,0.0,,,,0.0,,,2015,2014-15,Yuba,yuba,hankpankratzkp3a,Hank Pankratz
Jan 30,home,De Anza,W,6-2,6,2,4,win,20150130_8qqo,0,0,0,0,0.0,,,,0.0,,,2015,2014-15,Yuba,yuba,hankpankratzkp3a,Hank Pankratz
Jan 31,home,Ohlone,L,6-5,6,5,1,win,20150131_5p0n,0,0,0,0,0.0,,,,0.0,,,2015,2014-15,Yuba,yuba,hankpankratzkp3a,Hank Pankratz
Feb 4,home,Lassen,W,10-9,10,9,1,win,20150204_4d8u,0,0,0,0,0.0,,,,0.0,,,2015,2014-15,Yuba,yuba,hankpankratzkp3a,Hank Pankratz
Feb 5,home,Lassen,W,11-3,11,3,8,win,20150205_fcwj,0,0,0,0,0.0,,,,0.0,,,2015,2014-15,Yuba,yuba,hankpankratzkp3a,Hank Pankratz
Feb 5,home,Lassen,W,4-3,4,3,1,win,20150205_168a,0,0,0,0,0.0,,,,0.0,,,2015,2014-15,Yuba,yuba,hankpankratzkp3a,Hank Pankratz
Feb 12,home,Feather River,L,10-1,10,1,9,win,20150212_tioz,0,0,0,0,0.0,,,,0.0,,,2015,2014-15,Yuba,yuba,hankpankratzkp3a,Hank Pankratz
Feb 13,home,Cabrillo,L,10-7,10,7,3,win,20150213_g3ph,0,0,0,0,0.0,,,,0.0,,,2015,2014-15,Yuba,yuba,hankpankratzkp3a,Hank Pankratz
Feb 14,home,West Valley,L,9-3,9,3,6,win,20150214_rdzh,0,0,0,0,0.0,,,,0.0,,,2015,2014-15,Yuba,yuba,hankpankratzkp3a,Hank Pankratz
Feb 19,home,Redwoods,W,5-2,5,2,3,win,20150219_yj0c,0,0,0,0,0.0,,,,0.0,,,2015,2014-15,Yuba,yuba,hankpankratzkp3a,Hank Pankratz
Feb 20,home,Redwoods,W,10-2,10,2,8,win,20150220_k6c5,0,0,0,0,0.0,,,,0.0,,,2015,2014-15,Yuba,yuba,hankpankratzkp3a,Hank Pankratz
Feb 20,home,Redwoods,W,6-2,6,2,4,win,20150220_w0qb,0,0,0,0,0.0,,,,0.0,,,2015,2014-15,Yuba,yuba,hankpankratzkp3a,Hank Pankratz
Feb 24,home,Marin,L,10-8,10,8,2,win,20150224_f8gd,0,0,0,0,0.0,,,,0.0,,,2015,2014-15,Yuba,yuba,hankpankratzkp3a,Hank Pankratz
Feb 26,home,Marin,L,16-4,16,4,12,win,20150226_ejnc,0,0,0,0,0.0,,,,0.0,,,2015,2014-15,Yuba,yuba,hankpankratzkp3a,Hank Pankratz
Feb 28,home,Solano,L,5-4,5,4,1,win,20150228_2k5h,0,0,0,0,0.0,,,,0.0,,,2015,2014-15,Yuba,yuba,hankpankratzkp3a,Hank Pankratz
Mar 3,home,Solano,L,10-5,10,5,5,win,20150303_03ti,0,0,0,0,0.0,,,,0.0,,,2015,2014-15,Yuba,yuba,hankpankratzkp3a,Hank Pankratz
Mar 5,home,Los Medanos,W,7-5,7,5,2,win,20150305_00gv,0,0,0,0,0.0,,,,0.0,,,2015,2014-15,Yuba,yuba,hankpankratzkp3a,Hank Pankratz
Mar 7,home,Los Medanos,L,16-7,16,7,9,win,20150307_9ng1,0,0,0,0,0.0,,,,0.0,,,2015,2014-15,Yuba,yuba,hankpankratzkp3a,Hank Pankratz
Mar 10,home,Folsom Lake,L,13-6,13,6,7,win,20150310_050t,0,0,0,0,0.0,,,,0.0,,,2015,2014-15,Yuba,yuba,hankpankratzkp3a,Hank Pankratz
Mar 12,home,Folsom Lake,W,8-1,8,1,7,win,20150312_tfej,0,0,0,0,0.0,,,,0.0,,,2015,2014-15,Yuba,yuba,hankpankratzkp3a,Hank Pankratz
Mar 14,home,Laney,W,5-3,5,3,2,win,20150314_08r9,0,0,0,0,0.0,,,,0.0,,,2015,2014-15,Yuba,yuba,hankpankratzkp3a,Hank Pankratz
Mar 17,home,Laney,W,14-2,14,2,12,win,20150317_f3b6,0,0,0,0,0.0,,,,0.0,,,2015,2014-15,Yuba,yuba,hankpankratzkp3a,Hank Pankratz
Mar 19,home,Mendocino,L,6-4,6,4,2,win,20150319_hifj,0,0,0,0,0.0,,,,0.0,,,2015,2014-15,Yuba,yuba,hankpankratzkp3a,Hank Pankratz
Mar 21,home,Mendocino,W,6-5,6,5,1,win,20150321_aa6u,0,0,0,0,0.0,,,,0.0,,,2015,2014-15,Yuba,yuba,hankpankratzkp3a,Hank Pankratz
Mar 24,home,Contra Costa,W,9-4,9,4,5,win,20150324_v5k8,0,0,0,0,0.0,,,,0.0,,,2015,2014-15,Yuba,yuba,hankpankratzkp3a,Hank Pankratz
Mar 26,home,Contra Costa,W,15-5,15,5,10,win,20150326_7s50,0,0,0,0,0.0,,,,0.0,,,2015,2014-15,Yuba,yuba,hankpankratzkp3a,Hank Pankratz
Apr 2,home,Napa,L,5-3,5,3,2,win,20150402_cio7,0,0,0,0,0.0,,,,0.0,,,2015,2014-15,Yuba,yuba,hankpankratzkp3a,Hank Pankratz
Apr 3,home,Napa,W,17-7,17,7,10,win,20150403_gco0,0,0,0,0,0.0,,,,0.0,,,2015,2014-15,Yuba,yuba,hankpankratzkp3a,Hank Pankratz
Apr 8,home,Marin,W,4-2,4,2,2,win,20150408_nsce,0,0,0,0,0.0,,,,0.0,,,2015,2014-15,Yuba,yuba,hankpankratzkp3a,Hank Pankratz
Apr 9,home,Solano,L,11-5,11,5,6,win,20150409_g4a9,0,0,0,0,0.0,,,,0.0,,,2015,2014-15,Yuba,yuba,hankpankratzkp3a,Hank Pankratz
Apr 10,home,Los Medanos,L,9-8,9,8,1,win,20150410_xa3j,0,0,0,0,0.0,,,,0.0,,,2015,2014-15,Yuba,yuba,hankpankratzkp3a,Hank Pankratz
Apr 14,home,Folsom Lake,L,6-5,6,5,1,win,20150414_209l,0,0,0,0,0.0,,,,0.0,,,2015,2014-15,Yuba,yuba,hankpankratzkp3a,Hank Pankratz
Apr 16,home,Laney,W,9-2,9,2,7,win,20150416_s0rn,0,0,0,0,0.0,,,,0.0,,,2015,2014-15,Yuba,yuba,hankpankratzkp3a,Hank Pankratz
Apr 17,home,Mendocino,W,11-3,11,3,8,win,20150417_5xn7,0,0,0,0,0.0,,,,0.0,,,2015,2014-15,Yuba,yuba,hankpankratzkp3a,Hank Pankratz
Apr 21,home,Contra Costa,W,5-2,5,2,3,win,20150421_xez6,0,0,0,0,0.0,,,,0.0,,,2015,2014-15,Yuba,yuba,hankpankratzkp3a,Hank Pankratz
Apr 24,home,Napa,W,4-1,4,1,3,win,20150424_zqtq,0,0,0,0,0.0,,,,0.0,,,2015,2014-15,Yuba,yuba,hankpankratzkp3a,Hank Pankratz
Apr 28,home,Sequoias,L,8-3,8,3,5,win,20150428_ijsw,0,0,0,0,0.0,,,,0.0,,,2015,2014-15,Yuba,yuba,hankpankratzkp3a,Hank Pankratz
Jan 27,home,Canada,L,4-2,4,2,2,win,20150127_fr1v,0,0,0,0,0.1,,,,0.0,,,2015,2014-15,Merced,merced,trevorchaney3xub,Trevor Chaney
Jan 29,home,Mission,W,8-7,8,7,1,win,20150129_24r3,0,0,0,0,2.0,2.0,1.0,0.0,0.0,0.0,3.0,2015,2014-15,Merced,merced,trevorchaney3xub,Trevor Chaney
Jan 31,home,Diablo Valley,L,7-6,7,6,1,win,20150131_j4h5,0,0,0,0,2.0,2.0,1.0,1.0,4.5,1.0,,2015,2014-15,Merced,merced,trevorchaney3xub,Trevor Chaney
Feb 3,home,Mission,W,15-11,15,11,4,win,20150203_0glv,0,1,0,0,1.0,1.0,1.0,,0.0,1.0,,2015,2014-15,Merced,merced,trevorchaney3xub,Trevor Chaney
Feb 6,home,Cosumnes River,W,2-0,2,0,2,win,20150206_tccg,0,0,0,1,2.0,1.0,,,0.0,,,2015,2014-15,Merced,merced,trevorchaney3xub,Trevor Chaney
Feb 14,home,Cypress,W,13-12,13,12,1,win,20150214_7zuj,0,0,0,0,1.0,4.0,7.0,6.0,54.0,3.0,1.0,2015,2014-15,Merced,merced,trevorchaney3xub,Trevor Chaney
Feb 21,home,Porterville,W,6-1,6,1,5,win,20150221_tmn5,0,0,0,0,1.0,,,,0.0,,,2015,2014-15,Merced,merced,trevorchaney3xub,Trevor Chaney
Feb 24,home,Sequoias,L,5-1,5,1,4,win,20150224_k05o,0,0,0,0,2.0,4.0,2.0,2.0,9.0,3.0,2.0,2015,2014-15,Merced,merced,trevorchaney3xub,Trevor Chaney
Mar 7,home,Reedley,W,8-7,8,7,1,win,20150307_sx3l,0,0,0,0,0.2,,,,0.0,2.0,1.0,2015,2014-15,Merced,merced,trevorchaney3xub,Trevor Chaney
Mar 14,home,West Hills Coalinga,W,10-5,10,5,5,win,20150314_qspz,0,0,0,0,0.1,,1.0,,0.0,1.0,,2015,2014-15,Merced,merced,trevorchaney3xub,Trevor Chaney
Mar 17,home,Fresno City,L,9-0,9,0,9,win,20150317_zalv,0,0,0,0,1.1,,,,0.0,,2.0,2015,2014-15,Merced,merced,trevorchaney3xub,Trevor Chaney
Mar 21,home,Fresno City,L,13-4,13,4,9,win,20150321_qd6h,0,0,0,0,1.0,,,,0.0,,1.0,2015,2014-15,Merced,merced,trevorchaney3xub,Trevor Chaney
Mar 31,home,Canyons,W,17-5,17,5,12,win,20150331_2fb9,0,0,0,0,0.0,,,,0.0,,,2015,2014-15,Merced,merced,trevorchaney3xub,Trevor Chaney
Apr 1,home,Cerritos,L,10-1,10,1,9,win,20150401_hd07,0,0,0,0,3.0,1.0,,,0.0,2.0,2.0,2015,2014-15,Merced,merced,trevorchaney3xub,Trevor Chaney
Apr 2,home,East Los Angeles,W,7-1,7,1,6,win,20150402_62q7,0,0,0,0,0.0,,,,0.0,,,2015,2014-15,Merced,merced,trevorchaney3xub,Trevor Chaney
Apr 8,home,Taft,W,9-7,9,7,2,win,20150408_rzug,0,0,0,0,0.0,,,,0.0,,,2015,2014-15,Merced,merced,trevorchaney3xub,Trevor Chaney
Apr 9,home,Taft,L,3-1,3,1,2,win,20150409_c190,0,0,0,0,0.0,,,,0.0,,,2015,2014-15,Merced,merced,trevorchaney3xub,Trevor Chaney
Apr 16,home,Taft,W,13-3,13,3,10,win,20150416_jt8o,0,0,0,0,0.0,,,,0.0,,,2015,2014-15,Merced,merced,trevorchaney3xub,Trevor Chaney
Apr 18,home,Porterville,W,7-2,7,2,5,win,20150418_720n,0,0,0,0,1.0,1.0,,,0.0,1.0,1.0,2015,2014-15,Merced,merced,trevorchaney3xub,Trevor Chaney
Apr 21,home,West Hills Coalinga,W,19-4,19,4,15,win,20150421_jeli,0,0,0,0,1.0,1.0,1.0,1.0,9.0,2.0,3.0,2015,2014-15,Merced,merced,trevorchaney3xub,Trevor Chaney
Apr 23,home,Sequoias,W,5-4,5,4,1,win,20150423_n60a,0,0,0,0,1.0,3.0,1.0,1.0,9.0,,1.0,2015,2014-15,Merced,merced,trevorchaney3xub,Trevor Chaney
Apr 24,home,Fresno City,L,14-4,14,4,10,win,20150424_3jm4,0,0,0,0,1.0,2.0,3.0,3.0,27.0,1.0,,2015,2014-15,Merced,merced,trevorchaney3xub,Trevor Chaney
May 2,home,San Mateo,L,6-1,6,1,5,win,20150502_kdgf,0,0,0,0,3.1,3.0,2.0,2.0,5.4,1.0,3.0,2015,2014-15,Merced,merced,trevorchaney3xub,Trevor Chaney
Feb 4,home,Shasta,W,9-1,9,1,8,win,20150204_f3vd,0,0,0,0,0.0,,,,0.0,,,2015,2014-15,American River,americanriver,bryanbabcocku60d,Bryan Babcock
Feb 5,home,Feather River,L,9-3,9,3,6,win,20150205_psel,0,0,0,0,0.0,,,,0.0,,,2015,2014-15,American River,americanriver,bryanbabcocku60d,Bryan Babcock
Feb 10,home,Solano,W,7-4,7,4,3,win,20150210_9wuy,0,0,0,0,0.0,,,,0.0,,,2015,2014-15,American River,americanriver,bryanbabcocku60d,Bryan Babcock
Feb 13,home,Hartnell,L,10-6,10,6,4,win,20150213_1e5c,0,0,0,0,0.0,,,,0.0,,,2015,2014-15,American River,americanriver,bryanbabcocku60d,Bryan Babcock
Feb 17,home,Mission,W,10-0,10,0,10,win,20150217_ngr8,0,0,0,0,0.0,,,,0.0,,,2015,2014-15,American River,americanriver,bryanbabcocku60d,Bryan Babcock
Feb 18,home,Shasta,W,17-6,17,6,11,win,20150218_ppf0,0,0,0,0,0.0,,,,0.0,,,2015,2014-15,American River,americanriver,bryanbabcocku60d,Bryan Babcock
Feb 21,home,Laney,W,10-4,10,4,6,win,20150221_z3ln,0,0,0,0,0.0,,,,0.0,,,2015,2014-15,American River,americanriver,bryanbabcocku60d,Bryan Babcock
Feb 24,home,Solano,W,9-7,9,7,2,win,20150224_736l,0,0,0,0,0.0,,,,0.0,,,2015,2014-15,American River,americanriver,bryanbabcocku60d,Bryan Babcock
Mar 3,home,Modesto,W,2-1,2,1,1,win,20150303_twxj,0,0,0,0,0.0,,,,0.0,,,2015,2014-15,American River,americanriver,bryanbabcocku60d,Bryan Babcock
Mar 5,home,Cosumnes River,L,8-2,8,2,6,win,20150305_ud0a,0,0,0,0,0.0,,,,0.0,,,2015,2014-15,American River,americanriver,bryanbabcocku60d,Bryan Babcock
Mar 6,home,Diablo Valley,W,4-3,4,3,1,win,20150306_ptlm,0,0,0,0,0.0,,,,0.0,,,2015,2014-15,American River,americanriver,bryanbabcocku60d,Bryan Babcock
Mar 10,home,Sacramento City,W,2-1,2,1,1,win,20150310_dmfn,0,0,0,0,0.0,,,,0.0,,,2015,2014-15,American River,americanriver,bryanbabcocku60d,Bryan Babcock
Mar 12,home,Sacramento City,W,12-1,12,1,11,win,20150312_u2ru,0,0,0,0,0.0,,,,0.0,,,2015,2014-15,American River,americanriver,bryanbabcocku60d,Bryan Babcock
Mar 14,home,Sacramento City,L,13-5,13,5,8,win,20150314_ts1b,0,0,0,0,0.0,,,,0.0,,,2015,2014-15,American River,americanriver,bryanbabcocku60d,Bryan Babcock
Mar 17,home,San Joaquin  Delta,L,8-5,8,5,3,win,20150317_rkw8,0,0,0,0,0.0,,,,0.0,,,2015,2014-15,American River,americanriver,bryanbabcocku60d,Bryan Babcock
Mar 19,home,San Joaquin  Delta,L,10-1,10,1,9,win,20150319_c7n5,0,0,0,0,0.0,,,,0.0,,,2015,2014-15,American River,americanriver,bryanbabcocku60d,Bryan Babcock
Mar 24,home,Cosumnes River,L,10-4,10,4,6,win,20150324_eunl,0,0,0,0,0.0,,,,0.0,,,2015,2014-15,American River,americanriver,bryanbabcocku60d,Bryan Babcock
Mar 26,home,Cosumnes River,L,10-3,10,3,7,win,20150326_faul,0,0,0,0,0.0,,,,0.0,,,2015,2014-15,American River,americanriver,bryanbabcocku60d,Bryan Babcock
Mar 31,home,Modesto,W,3-2,3,2,1,win,20150331_sa3d,0,0,0,0,0.0,,,,0.0,,,2015,2014-15,American River,americanriver,bryanbabcocku60d,Bryan Babcock
Apr 2,home,Modesto,L,6-0,6,0,6,win,20150402_u2dl,0,0,0,0,0.0,,,,0.0,,,2015,2014-15,American River,americanriver,bryanbabcocku60d,Bryan Babcock
Apr 4,home,Modesto,W,3-2,3,2,1,win,20150404_d5u0,0,0,0,0,0.0,,,,0.0,,,2015,2014-15,American River,americanriver,bryanbabcocku60d,Bryan Babcock
Apr 8,home,Santa Rosa,L,8-2,8,2,6,win,20150408_ufu5,0,0,0,0,0.0,,,,0.0,,,2015,2014-15,American River,americanriver,bryanbabcocku60d,Bryan Babcock
Apr 9,home,Santa Rosa,L,10-3,10,3,7,win,20150409_4tkk,0,0,0,0,0.0,,,,0.0,,,2015,2014-15,American River,americanriver,bryanbabcocku60d,Bryan Babcock
Apr 11,home,Santa Rosa,W,3-1,3,1,2,win,20150411_krin,0,0,0,0,0.0,,,,0.0,,,2015,2014-15,American River,americanriver,bryanbabcocku60d,Bryan Babcock
Apr 14,home,Sierra,W,4-2,4,2,2,win,20150414_3erk,0,0,0,0,0.0,,,,0.0,,,2015,2014-15,American River,americanriver,bryanbabcocku60d,Bryan Babcock
Apr 16,home,Sierra,W,7-1,7,1,6,win,20150416_ouxq,0,0,0,0,0.0,,,,0.0,,,2015,2014-15,American River,americanriver,bryanbabcocku60d,Bryan Babcock
Apr 17,home,Sierra,L,4-2,4,2,2,win,20150417_xe75,0,0,0,0,0.0,,,,0.0,,,2015,2014-15,American River,americanriver,bryanbabcocku60d,Bryan Babcock
Apr 21,home,Diablo Valley,W,4-1,4,1,3,win,20150421_s4y3,0,0,0,0,0.0,,,,0.0,,,2015,2014-15,American River,americanriver,bryanbabcocku60d,Bryan Babcock
Apr 23,home,Diablo Valley,L,15-7,15,7,8,win,20150423_2ccc,0,0,0,0,0.0,,,,0.0,,,2015,2014-15,American River,americanriver,bryanbabcocku60d,Bryan Babcock
Apr 24,home,Diablo Valley,W,9-8,9,8,1,win,20150424_ww5s,0,0,0,0,0.0,,,,0.0,,,2015,2014-15,American River,americanriver,bryanbabcocku60d,Bryan Babcock
Jan 29,home,Rio Hondo,L,9-4,9,4,5,win,20150129_icbk,0,0,0,0,0.0,,,,0.0,,,2015,2014-15,Mt. San Jacinto,mtsanjacinto,davidalonzoc6rd,David Alonzo
Jan 31,home,East Los Angeles,L,5-2,5,2,3,win,20150131_gwb5,0,0,0,0,0.0,,,,0.0,,,2015,2014-15,Mt. San Jacinto,mtsanjacinto,davidalonzoc6rd,David Alonzo
Feb 5,home,Citrus,W,7-4,7,4,3,win,20150205_jhca,0,0,0,0,0.0,,,,0.0,,,2015,2014-15,Mt. San Jacinto,mtsanjacinto,davidalonzoc6rd,David Alonzo
Feb 7,home,Citrus,L,9-7,9,7,2,win,20150207_ape7,0,0,0,0,0.0,,,,0.0,,,2015,2014-15,Mt. San Jacinto,mtsanjacinto,davidalonzoc6rd,David Alonzo
Feb 10,home,Mt. San Antonio,L,10-2,10,2,8,win,20150210_1xal,0,0,0,0,0.0,,,,0.0,,,2015,2014-15,Mt. San Jacinto,mtsanjacinto,davidalonzoc6rd,David Alonzo
Feb 12,home,Cerritos,W,5-3,5,3,2,win,20150212_aa3a,0,0,0,0,0.0,,,,0.0,,,2015,2014-15,Mt. San Jacinto,mtsanjacinto,davidalonzoc6rd,David Alonzo
Feb 14,home,Cerritos,L,5-4,5,4,1,win,20150214_f9eu,0,0,0,0,0.0,,,,0.0,,,2015,2014-15,Mt. San Jacinto,mtsanjacinto,davidalonzoc6rd,David Alonzo
Feb 17,home,Fullerton,L,12-1,12,1,11,win,20150217_kccc,0,0,0,0,0.0,,,,0.0,,,2015,2014-15,Mt. San Jacinto,mtsanjacinto,davidalonzoc6rd,David Alonzo
Feb 19,home,Riverside,L,9-8,9,8,1,win,20150219_z49w,0,0,0,0,0.0,,,,0.0,,,2015,2014-15,Mt. San Jacinto,mtsanjacinto,davidalonzoc6rd,David Alonzo
Feb 21,home,Imperial Valley,W,8-5,8,5,3,win,20150221_if58,0,0,0,0,0.0,,,,0.0,,,2015,2014-15,Mt. San Jacinto,mtsanjacinto,davidalonzoc6rd,David Alonzo
Feb 24,home,San Diego Mesa,L,18-13,18,13,5,win,20150224_5lq3,0,0,0,0,0.0,,,,0.0,,,2015,2014-15,Mt. San Jacinto,mtsanjacinto,davidalonzoc6rd,David Alonzo
Feb 27,home,Grossmont,W,10-2,10,2,8,win,20150227_8snh,0,0,0,0,0.0,,,,0.0,,,2015,2014-15,Mt. San Jacinto,mtsanjacinto,davidalonzoc6rd,David Alonzo
Mar 5,home,Southwestern,L,10-1,10,1,9,win,20150305_xkak,0,0,0,0,0.0,,,,0.0,,,2015,2014-15,Mt. San Jacinto,mtsanjacinto,davidalonzoc6rd,David Alonzo
Mar 6,home,Palomar,L,7-0,7,0,7,win,20150306_0c1t,0,0,0,0,0.0,,,,0.0,,,2015,2014-15,Mt. San Jacinto,mtsanjacinto,davidalonzoc6rd,David Alonzo
Mar 7,home,San Diego City,W,12-2,12,2,10,win,20150307_k2nd,0,0,0,0,0.0,,,,0.0,,,2015,2014-15,Mt. San Jacinto,mtsanjacinto,davidalonzoc6rd,David Alonzo
Mar 10,home,Imperial Valley,W,13-4,13,4,9,win,20150310_grq5,0,0,0,0,0.0,,,,0.0,,,2015,2014-15,Mt. San Jacinto,mtsanjacinto,davidalonzoc6rd,David Alonzo
Mar 12,home,Imperial Valley,W,11-0,11,0,11,win,20150312_69cg,0,0,0,0,0.0,,,,0.0,,,2015,2014-15,Mt. San Jacinto,mtsanjacinto,davidalonzoc6rd,David Alonzo
Mar 13,home,Imperial Valley,W,9-4,9,4,5,win,20150313_9a35,0,0,0,0,0.0,,,,0.0,,,2015,2014-15,Mt. San Jacinto,mtsanjacinto,davidalonzoc6rd,David Alonzo
Mar 17,home,San Diego Mesa,L,5-4,5,4,1,win,20150317_3sft,0,0,0,0,0.0,,,,0.0,,,2015,2014-15,Mt. San Jacinto,mtsanjacinto,davidalonzoc6rd,David Alonzo
Mar 19,home,San Diego Mesa,L,7-5,7,5,2,win,20150319_0wbi,0,0,0,0,0.0,,,,0.0,,,2015,2014-15,Mt. San Jacinto,mtsanjacinto,davidalonzoc6rd,David Alonzo
Mar 21,home,San Diego Mesa,W,3-2,3,2,1,win,20150321_mbkz,0,0,0,0,0.0,,,,0.0,,,2015,2014-15,Mt. San Jacinto,mtsanjacinto,davidalonzoc6rd,David Alonzo
Mar 31,home,Grossmont,L,9-8,9,8,1,win,20150331_xpc6,0,0,0,0,0.0,,,,0.0,,,2015,2014-15,Mt. San Jacinto,mtsanjacinto,davidalonzoc6rd,David Alonzo
Apr 2,home,Grossmont,L,12-6,12,6,6,win,20150402_yzpu,0,0,0,0,0.0,,,,0.0,,,2015,2014-15,Mt. San Jacinto,mtsanjacinto,davidalonzoc6rd,David Alonzo
Apr 3,home,Grossmont,W,5-0,5,0,5,win,20150403_o101,0,0,0,0,0.0,,,,0.0,,,2015,2014-15,Mt. San Jacinto,mtsanjacinto,davidalonzoc6rd,David Alonzo
Apr 7,home,Palomar,L,3-2,3,2,1,win,20150407_il6b,0,0,0,0,0.0,,,,0.0,,,2015,2014-15,Mt. San Jacinto,mtsanjacinto,davidalonzoc6rd,David Alonzo
Apr 9,home,Palomar,L,9-2,9,2,7,win,20150409_w7ub,0,0,0,0,0.0,,,,0.0,,,2015,2014-15,Mt. San Jacinto,mtsanjacinto,davidalonzoc6rd,David Alonzo
Apr 11,home,Palomar,L,6-2,6,2,4,win,20150411_jhxt,0,0,0,0,0.0,,,,0.0,,,2015,2014-15,Mt. San Jacinto,mtsanjacinto,davidalonzoc6rd,David Alonzo
Apr 14,home,Southwestern,L,4-2,4,2,2,win,20150414_3awm,0,0,0,0,0.0,,,,0.0,,,2015,2014-15,Mt. San Jacinto,mtsanjacinto,davidalonzoc6rd,David Alonzo
Apr 16,home,Southwestern,L,14-8,14,8,6,win,20150416_c5v4,0,0,0,0,0.0,,,,0.0,,,2015,2014-15,Mt. San Jacinto,mtsanjacinto,davidalonzoc6rd,David Alonzo
Apr 18,home,Southwestern,L,11-6,11,6,5,win,20150418_1gar,0,0,0,0,0.0,,,,0.0,,,2015,2014-15,Mt. San Jacinto,mtsanjacinto,davidalonzoc6rd,David Alonzo
Apr 21,home,San Diego City,L,13-7,13,7,6,win,20150421_yxtq,0,0,0,0,0.0,,,,0.0,,,2015,2014-15,Mt. San Jacinto,mtsanjacinto,davidalonzoc6rd,David Alonzo
Apr 23,home,San Diego City,W,2-1,2,1,1,win,20150423_gkne,0,0,0,0,0.0,,,,0.0,,,2015,2014-15,Mt. San Jacinto,mtsanjacinto,davidalonzoc6rd,David Alonzo
Apr 24,home,San Diego City,L,6-3,6,3,3,win,20150424_011h,0,0,0,0,0.0,,,,0.0,,,2015,2014-15,Mt. San Jacinto,mtsanjacinto,davidalonzoc6rd,David Alonzo
Jan 27,home,Canyons,L,8-3,8,3,5,win,20150127_ys4r,0,0,0,0,0.0,,,,0.0,,,2015,2014-15,LA Pierce,lapierce,caseyryan1mnz,Casey Ryan
Jan 28,home,Citrus,L,7-6,7,6,1,win,20150128_ufkz,0,0,0,0,0.0,,,,0.0,,,2015,2014-15,LA Pierce,lapierce,caseyryan1mnz,Casey Ryan
Jan 30,home,East Los Angeles,W,9-6,9,6,3,win,20150130_junl,0,0,0,0,0.0,,,,0.0,,,2015,2014-15,LA Pierce,lapierce,caseyryan1mnz,Casey Ryan
Feb 3,home,Glendale,W,7-2,7,2,5,win,20150203_gcef,0,0,0,0,0.0,,,,0.0,,,2015,2014-15,LA Pierce,lapierce,caseyryan1mnz,Casey Ryan
Feb 5,home,Mt. San Antonio,W,12-11,12,11,1,win,20150205_1j5k,0,0,0,0,0.0,,,,0.0,,,2015,2014-15,LA Pierce,lapierce,caseyryan1mnz,Casey Ryan
Feb 6,home,LA Valley,L,17-4,17,4,13,win,20150206_h4kz,0,0,0,0,0.0,,,,0.0,,,2015,2014-15,LA Pierce,lapierce,caseyryan1mnz,Casey Ryan
Feb 7,home,LA Valley,L,9-7,9,7,2,win,20150207_mgmf,0,0,0,0,0.0,,,,0.0,,,2015,2014-15,LA Pierce,lapierce,caseyryan1mnz,Casey Ryan
Feb 10,home,LA Mission,L,7-4,7,4,3,win,20150210_j6vb,0,0,0,0,0.0,,,,0.0,,,2015,2014-15,LA Pierce,lapierce,caseyryan1mnz,Casey Ryan
Feb 12,home,Glendale,L,6-5,6,5,1,win,20150212_td24,0,0,0,0,0.0,,,,0.0,,,2015,2014-15,LA Pierce,lapierce,caseyryan1mnz,Casey Ryan
Feb 14,home,Oxnard,L,11-7,11,7,4,win,20150214_aa1b,0,0,0,0,0.0,,,,0.0,,,2015,2014-15,LA Pierce,lapierce,caseyryan1mnz,Casey Ryan
Feb 17,home,Oxnard,L,6-4,6,4,2,win,20150217_6bqb,0,0,0,0,0.0,,,,0.0,,,2015,2014-15,LA Pierce,lapierce,caseyryan1mnz,Casey Ryan
Feb 19,home,Moorpark,W,7-1,7,1,6,win,20150219_4qhl,0,0,0,0,0.0,,,,0.0,,,2015,2014-15,LA Pierce,lapierce,caseyryan1mnz,Casey Ryan
Feb 21,home,Moorpark,L,9-4,9,4,5,win,20150221_0lmh,0,0,0,0,0.0,,,,0.0,,,2015,2014-15,LA Pierce,lapierce,caseyryan1mnz,Casey Ryan
Feb 24,home,Allan Hancock,W,6-5,6,5,1,win,20150224_n1tf,0,0,0,0,0.0,,,,0.0,,,2015,2014-15,LA Pierce,lapierce,caseyryan1mnz,Casey Ryan
Feb 26,home,Allan Hancock,W,5-4,5,4,1,win,20150226_lzle,0,0,0,0,0.0,,,,0.0,,,2015,2014-15,LA Pierce,lapierce,caseyryan1mnz,Casey Ryan
Feb 28,home,Ventura,W,6-2,6,2,4,win,20150228_82z4,0,0,0,0,0.0,,,,0.0,,,2015,2014-15,LA Pierce,lapierce,caseyryan1mnz,Casey Ryan
Mar 3,home,Ventura,W,3-2,3,2,1,win,20150303_3vcl,0,0,0,0,0.0,,,,0.0,,,2015,2014-15,LA Pierce,lapierce,caseyryan1mnz,Casey Ryan
Mar 5,home,Santa Barbara,W,4-3,4,3,1,win,20150305_kscp,0,0,0,0,0.0,,,,0.0,,,2015,2014-15,LA Pierce,lapierce,caseyryan1mnz,Casey Ryan
Mar 7,home,Santa Barbara,L,13-2,13,2,11,win,20150307_14fo,0,0,0,0,0.0,,,,0.0,,,2015,2014-15,LA Pierce,lapierce,caseyryan1mnz,Casey Ryan
Mar 14,home,Cuesta,W,7-5,7,5,2,win,20150314_bl32,0,0,0,0,0.0,,,,0.0,,,2015,2014-15,LA Pierce,lapierce,caseyryan1mnz,Casey Ryan
Mar 17,home,Cuesta,L,9-2,9,2,7,win,20150317_eao5,0,0,0,0,0.0,,,,0.0,,,2015,2014-15,LA Pierce,lapierce,caseyryan1mnz,Casey Ryan
Mar 19,home,Oxnard,L,3-2,3,2,1,win,20150319_ftf7,0,0,0,0,0.0,,,,0.0,,,2015,2014-15,LA Pierce,lapierce,caseyryan1mnz,Casey Ryan
Mar 21,home,Oxnard,L,5-3,5,3,2,win,20150321_t1rz,0,0,0,0,0.0,,,,0.0,,,2015,2014-15,LA Pierce,lapierce,caseyryan1mnz,Casey Ryan
Mar 24,home,Moorpark,L,9-6,9,6,3,win,20150324_goci,0,0,0,0,0.0,,,,0.0,,,2015,2014-15,LA Pierce,lapierce,caseyryan1mnz,Casey Ryan
Mar 26,home,Moorpark,L,6-5,6,5,1,win,20150326_mc5u,0,0,0,0,0.0,,,,0.0,,,2015,2014-15,LA Pierce,lapierce,caseyryan1mnz,Casey Ryan
Mar 27,home,Allan Hancock,W,4-2,4,2,2,win,20150327_l034,0,0,0,0,0.0,,,,0.0,,,2015,2014-15,LA Pierce,lapierce,caseyryan1mnz,Casey Ryan
Mar 31,home,LA Mission,W,12-4,12,4,8,win,20150331_3big,0,0,0,0,0.0,,,,0.0,,,2015,2014-15,LA Pierce,lapierce,caseyryan1mnz,Casey Ryan
Apr 2,home,Santa Ana,L,18-3,18,3,15,win,20150402_erm0,0,0,0,0,0.0,,,,0.0,,,2015,2014-15,LA Pierce,lapierce,caseyryan1mnz,Casey Ryan
Apr 3,home,LA Harbor,L,10-3,10,3,7,win,20150403_31wk,0,0,0,0,0.0,,,,0.0,,,2015,2014-15,LA Pierce,lapierce,caseyryan1mnz,Casey Ryan
Apr 8,home,Allan Hancock,L,11-4,11,4,7,win,20150408_7y2s,0,0,0,0,0.0,,,,0.0,,,2015,2014-15,LA Pierce,lapierce,caseyryan1mnz,Casey Ryan
Apr 9,home,Ventura,W,8-1,8,1,7,win,20150409_3wm1,0,0,0,0,0.0,,,,0.0,,,2015,2014-15,LA Pierce,lapierce,caseyryan1mnz,Casey Ryan
Apr 11,home,Ventura,W,9-8,9,8,1,win,20150411_28v7,0,0,0,0,0.0,,,,0.0,,,2015,2014-15,LA Pierce,lapierce,caseyryan1mnz,Casey Ryan
Apr 14,home,Santa Barbara,L,13-2,13,2,11,win,20150414_jyb2,0,0,0,0,0.1,,,,0.0,,,2015,2014-15,LA Pierce,lapierce,caseyryan1mnz,Casey Ryan
Apr 16,home,Santa Barbara,W,5-4,5,4,1,win,20150416_fktu,0,0,0,0,0.0,,,,0.0,,,2015,2014-15,LA Pierce,lapierce,caseyryan1mnz,Casey Ryan
Apr 23,home,Cuesta,L,6-5,6,5,1,win,20150423_6uys,0,0,0,0,0.0,,,,0.0,,,2015,2014-15,LA Pierce,lapierce,caseyryan1mnz,Casey Ryan
Apr 24,home,Cuesta,W,6-5,6,5,1,win,20150424_zkiu,0,1,0,0,2.0,3.0,,,0.0,,1.0,2015,2014-15,LA Pierce,lapierce,caseyryan1mnz,Casey Ryan
Jan 31,home,Sacramento City,W,10-7,10,7,3,win,20150131_229k,0,0,0,1,0.1,,,,0.0,,1.0,2015,2014-15,Fresno City,fresno,deandrehowardea95,Deandre Howard
Feb 6,home,Los Medanos,L,7-6,7,6,1,win,20150206_dnak,0,0,0,0,2.1,3.0,2.0,1.0,3.86,1.0,,2015,2014-15,Fresno City,fresno,deandrehowardea95,Deandre Howard
Feb 19,home,Reedley,W,6-0,6,0,6,win,20150219_azzf,0,0,0,0,0.2,1.0,0.0,0.0,0.0,0.0,1.0,2015,2014-15,Fresno City,fresno,deandrehowardea95,Deandre Howard
Feb 24,home,West Hills Coalinga,W,14-1,14,1,13,win,20150224_x2fb,0,0,0,0,0.0,,,,0.0,,,2015,2014-15,Fresno City,fresno,deandrehowardea95,Deandre Howard
Mar 5,home,Sequoias,L,9-4,9,4,5,win,20150305_h7pf,0,0,0,0,0.2,1.0,2.0,2.0,27.0,2.0,1.0,2015,2014-15,Fresno City,fresno,deandrehowardea95,Deandre Howard
Mar 14,home,Porterville,W,8-1,8,1,7,win,20150314_3v67,0,0,0,0,0.0,,,,0.0,,,2015,2014-15,Fresno City,fresno,deandrehowardea95,Deandre Howard
Mar 21,home,Merced,W,13-4,13,4,9,win,20150321_qd6h,0,0,0,0,0.0,,,,0.0,,,2015,2014-15,Fresno City,fresno,deandrehowardea95,Deandre Howard
Mar 24,home,Taft,W,18-2,18,2,16,win,20150324_sq5j,0,0,0,0,1.0,,,,0.0,2.0,,2015,2014-15,Fresno City,fresno,deandrehowardea95,Deandre Howard
Apr 2,home,Cuesta,L,8-1,8,1,7,win,20150402_12kj,0,0,0,0,0.0,,,,0.0,1.0,,2015,2014-15,Fresno City,fresno,deandrehowardea95,Deandre Howard
Apr 18,home,Reedley,L,9-6,9,6,3,win,20150418_6p1k,0,0,0,0,3.1,0.0,0.0,0.0,0.0,2.0,0.0,2015,2014-15,Fresno City,fresno,deandrehowardea95,Deandre Howard
Apr 24,home,Merced,W,14-4,14,4,10,win,20150424_3jm4,0,0,0,0,0.0,,,,0.0,,,2015,2014-15,Fresno City,fresno,deandrehowardea95,Deandre Howard
May 2,home,Skyline,W,16-6,16,6,10,win,20150502_mk3f,0,0,0,0,0.0,,,,0.0,,,2015,2014-15,Fresno City,fresno,deandrehowardea95,Deandre Howard
Feb 3,home,Diablo Valley,W,1-0,1,0,1,win,20150203_x4de,0,0,0,0,0.0,,,,0.0,,,2015,2014-15,San Mateo,sanmateo,eduardosanchezug78,Eduardo Sanchez
Feb 7,home,Solano,L,8-6,8,6,2,win,20150207_pmgd,0,0,0,0,0.0,,,,0.0,,,2015,2014-15,San Mateo,sanmateo,eduardosanchezug78,Eduardo Sanchez
Feb 10,home,San Joaquin  Delta,L,8-2,8,2,6,win,20150210_m7wq,0,0,0,0,0.0,,,,0.0,,,2015,2014-15,San Mateo,sanmateo,eduardosanchezug78,Eduardo Sanchez
Feb 17,home,Marin,W,8-3,8,3,5,win,20150217_w8b9,0,0,0,0,0.0,,,,0.0,,,2015,2014-15,San Mateo,sanmateo,eduardosanchezug78,Eduardo Sanchez
Mar 5,home,San Francisco,W,9-0,9,0,9,win,20150305_cp01,0,0,0,0,0.0,,,,0.0,,,2015,2014-15,San Mateo,sanmateo,eduardosanchezug78,Eduardo Sanchez
Mar 13,home,San Francisco,W,9-0,9,0,9,win,20150313_iati,0,0,0,0,0.0,,,,0.0,,,2015,2014-15,San Mateo,sanmateo,eduardosanchezug78,Eduardo Sanchez
Mar 19,home,De Anza,L,3-1,3,1,2,win,20150319_v2of,0,0,0,0,0.0,,,,0.0,,,2015,2014-15,San Mateo,sanmateo,eduardosanchezug78,Eduardo Sanchez
Mar 31,home,Ohlone,W,2-1,2,1,1,win,20150331_bubz,0,0,0,0,0.0,,,,0.0,,,2015,2014-15,San Mateo,sanmateo,eduardosanchezug78,Eduardo Sanchez
Apr 2,home,San Francisco,W,8-0,8,0,8,win,20150402_f3zr,0,0,0,0,0.0,,,,0.0,,,2015,2014-15,San Mateo,sanmateo,eduardosanchezug78,Eduardo Sanchez
Apr 11,home,Skyline,L,2-1,2,1,1,win,20150411_vbso,0,0,0,0,0.0,,,,0.0,,,2015,2014-15,San Mateo,sanmateo,eduardosanchezug78,Eduardo Sanchez
Apr 22,home,Chabot,L,15-13,15,13,2,win,20150422_8bl5,0,0,0,0,0.0,,,,0.0,,,2015,2014-15,San Mateo,sanmateo,eduardosanchezug78,Eduardo Sanchez
May 9,home,Santa Rosa,W,4-1,4,1,3,win,20150509_58x2,0,0,0,0,0.0,,,,0.0,,,2015,2014-15,San Mateo,sanmateo,eduardosanchezug78,Eduardo Sanchez
May 16,home,San Joaquin  Delta,L,8-5,8,5,3,win,20150516_npf0,0,0,0,0,0.0,,,,0.0,,,2015,2014-15,San Mateo,sanmateo,eduardosanchezug78,Eduardo Sanchez
May 17,home,San Joaquin  Delta,L,7-2,7,2,5,win,20150517_88lb,0,0,0,0,0.0,,,,0.0,,,2015,2014-15,San Mateo,sanmateo,eduardosanchezug78,Eduardo Sanchez
Jan 31,home,Hartnell,W,15-3,15,3,12,win,20150131_76kx,0,0,0,0,0.0,,,,0.0,,,2015,2014-15,Marin,marin,chrisnorman51ij,Chris Norman
Feb 17,home,San Mateo,L,8-3,8,3,5,win,20150217_w8b9,0,0,0,0,0.2,0.0,0.0,0.0,0.0,0.0,1.0,2015,2014-15,Marin,marin,chrisnorman51ij,Chris Norman
Feb 21,home,Diablo Valley,W,7-6,7,6,1,win,20150221_bnll,0,0,0,0,0.0,,,,0.0,,,2015,2014-15,Marin,marin,chrisnorman51ij,Chris Norman
Feb 28,home,Folsom Lake,L,7-1,7,1,6,win,20150228_ndg2,0,0,0,0,1.0,,,,0.0,,1.0,2015,2014-15,Marin,marin,chrisnorman51ij,Chris Norman
Mar 19,home,Napa,W,15-0,15,0,15,win,20150319_63zh,0,0,0,0,0.0,,,,0.0,,,2015,2014-15,Marin,marin,chrisnorman51ij,Chris Norman
Apr 23,home,Mendocino,W,17-12,17,12,5,win,20150423_ovej,0,0,0,0,0.0,,,,0.0,,,2015,2014-15,Marin,marin,chrisnorman51ij,Chris Norman
Jan 29,home,Solano,W,6-1,6,1,5,win,20150129_goi0,0,0,0,0,0.0,,,,0.0,,,2015,2014-15,Taft,taft,nickkawanonam4,Nick Kawano
Jan 30,home,Feather River,W,3-2,3,2,1,win,20150130_q1vt,0,0,0,0,0.0,,,,0.0,,,2015,2014-15,Taft,taft,nickkawanonam4,Nick Kawano
Jan 31,home,Barstow,L,7-3,7,3,4,win,20150131_l2tm,0,0,0,0,0.0,,,,0.0,,,2015,2014-15,Taft,taft,nickkawanonam4,Nick Kawano
Feb 5,home,Siskiyous,W,3-2,3,2,1,win,20150205_6f4v,0,0,0,0,0.0,,,,0.0,,,2015,2014-15,Taft,taft,nickkawanonam4,Nick Kawano
Feb 6,home,Siskiyous,L,6-3,6,3,3,win,20150206_ecuz,0,0,0,0,0.0,,,,0.0,,,2015,2014-15,Taft,taft,nickkawanonam4,Nick Kawano
Feb 7,home,Folsom Lake,W,17-4,17,4,13,win,20150207_mju4,0,0,0,0,0.0,,,,0.0,,,2015,2014-15,Taft,taft,nickkawanonam4,Nick Kawano
Feb 13,home,Monterey,W,10-3,10,3,7,win,20150213_hmzu,0,0,0,0,0.0,,,,0.0,,,2015,2014-15,Taft,taft,nickkawanonam4,Nick Kawano
Feb 13,home,Monterey,W,8-7,8,7,1,win,20150213_r0g9,0,0,0,0,0.0,,,,0.0,,,2015,2014-15,Taft,taft,nickkawanonam4,Nick Kawano
Feb 14,home,Cerro Coso,W,12-5,12,5,7,win,20150214_d85d,0,0,0,0,0.0,,,,0.0,,,2015,2014-15,Taft,taft,nickkawanonam4,Nick Kawano
Feb 17,home,West Hills Coalinga,W,12-6,12,6,6,win,20150217_22zu,0,0,0,0,0.0,,,,0.0,,,2015,2014-15,Taft,taft,nickkawanonam4,Nick Kawano
Feb 19,home,West Hills Coalinga,W,14-5,14,5,9,win,20150219_cbmt,0,0,0,0,0.0,,,,0.0,,,2015,2014-15,Taft,taft,nickkawanonam4,Nick Kawano
Feb 21,home,West Hills Coalinga,W,4-3,4,3,1,win,20150221_o8g9,0,0,0,0,0.0,,,,0.0,,,2015,2014-15,Taft,taft,nickkawanonam4,Nick Kawano
Feb 24,home,Reedley,L,8-2,8,2,6,win,20150224_ttow,0,0,0,0,0.0,,,,0.0,,,2015,2014-15,Taft,taft,nickkawanonam4,Nick Kawano
Feb 26,home,Reedley,L,8-1,8,1,7,win,20150226_grht,0,0,0,0,0.0,,,,0.0,,,2015,2014-15,Taft,taft,nickkawanonam4,Nick Kawano
Feb 28,home,Reedley,W,6-5,6,5,1,win,20150228_74p6,0,0,0,0,0.0,,,,0.0,,,2015,2014-15,Taft,taft,nickkawanonam4,Nick Kawano
Mar 3,home,Porterville,W,8-7,8,7,1,win,20150303_y1uy,0,0,0,0,0.0,,,,0.0,,,2015,2014-15,Taft,taft,nickkawanonam4,Nick Kawano
Mar 5,home,Porterville,W,6-2,6,2,4,win,20150305_6h0a,0,0,0,0,0.0,,,,0.0,,,2015,2014-15,Taft,taft,nickkawanonam4,Nick Kawano
Mar 12,home,Sequoias,L,4-3,4,3,1,win,20150312_mgo4,0,0,0,0,0.0,,,,0.0,,,2015,2014-15,Taft,taft,nickkawanonam4,Nick Kawano
Mar 14,home,Sequoias,L,5-3,5,3,2,win,20150314_63po,0,0,0,0,0.0,,,,0.0,,,2015,2014-15,Taft,taft,nickkawanonam4,Nick Kawano
Mar 24,home,Fresno City,L,18-2,18,2,16,win,20150324_sq5j,0,0,0,0,0.0,,,,0.0,,,2015,2014-15,Taft,taft,nickkawanonam4,Nick Kawano
Mar 26,home,Fresno City,L,9-6,9,6,3,win,20150326_it3o,0,0,0,0,0.0,,,,0.0,,,2015,2014-15,Taft,taft,nickkawanonam4,Nick Kawano
Mar 28,home,Fresno City,L,10-2,10,2,8,win,20150328_2md6,0,0,0,0,0.0,,,,0.0,,,2015,2014-15,Taft,taft,nickkawanonam4,Nick Kawano
Apr 1,home,Fullerton,L,11-0,11,0,11,win,20150401_q0je,0,0,0,0,0.0,,,,0.0,,,2015,2014-15,Taft,taft,nickkawanonam4,Nick Kawano
Apr 3,home,Moorpark,L,12-4,12,4,8,win,20150403_ujjd,0,0,0,0,0.0,,,,0.0,,,2015,2014-15,Taft,taft,nickkawanonam4,Nick Kawano
Apr 8,home,Merced,L,9-7,9,7,2,win,20150408_rzug,0,0,0,0,0.0,,,,0.0,,,2015,2014-15,Taft,taft,nickkawanonam4,Nick Kawano
Apr 9,home,Merced,W,3-1,3,1,2,win,20150409_c190,0,0,0,0,0.0,,,,0.0,,,2015,2014-15,Taft,taft,nickkawanonam4,Nick Kawano
Apr 11,home,Merced,L,6-4,6,4,2,win,20150411_q2wk,0,0,0,0,0.0,,,,0.0,,,2015,2014-15,Taft,taft,nickkawanonam4,Nick Kawano
Apr 14,home,Porterville,W,9-4,9,4,5,win,20150414_v841,0,0,0,0,0.0,,,,0.0,,,2015,2014-15,Taft,taft,nickkawanonam4,Nick Kawano
Apr 16,home,Merced,L,13-3,13,3,10,win,20150416_jt8o,0,0,0,0,0.0,,,,0.0,,,2015,2014-15,Taft,taft,nickkawanonam4,Nick Kawano
Apr 18,home,West Hills Coalinga,W,6-2,6,2,4,win,20150418_w7nt,0,0,0,0,0.0,,,,0.0,,,2015,2014-15,Taft,taft,nickkawanonam4,Nick Kawano
Apr 19,home,Fresno City,W,4-3,4,3,1,win,20150419_q06i,0,0,0,0,0.0,,,,0.0,,,2015,2014-15,Taft,taft,nickkawanonam4,Nick Kawano
Apr 21,home,Sequoias,W,2-1,2,1,1,win,20150421_qc8k,0,0,0,0,0.0,,,,0.0,,,2015,2014-15,Taft,taft,nickkawanonam4,Nick Kawano
Apr 23,home,Reedley,W,4-2,4,2,2,win,20150423_39h3,0,0,0,0,0.0,,,,0.0,,,2015,2014-15,Taft,taft,nickkawanonam4,Nick Kawano
Jan 29,home,Cuesta,W,6-1,6,1,5,win,20150129_gc0p,0,0,0,0,0.0,,,,0.0,,,2015,2014-15,Riverside,riverside,austinmonteh4eu,Austin Monte
Feb 3,home,Mt. San Jacinto,W,9-6,9,6,3,win,20150203_1dd1,0,0,0,0,0.0,,,,0.0,,,2015,2014-15,Riverside,riverside,austinmonteh4eu,Austin Monte
Feb 7,home,East Los Angeles,W,9-2,9,2,7,win,20150207_tegn,0,0,0,0,0.0,,,,0.0,,,2015,2014-15,Riverside,riverside,austinmonteh4eu,Austin Monte
Feb 10,home,Desert,W,12-5,12,5,7,win,20150210_zvrb,0,0,0,0,0.0,,,,0.0,,,2015,2014-15,Riverside,riverside,austinmonteh4eu,Austin Monte
Feb 13,home,Western Nevada,W,8-1,8,1,7,win,20150213_1tmm,0,0,0,0,0.0,,,,0.0,,,2015,2014-15,Riverside,riverside,austinmonteh4eu,Austin Monte
Feb 14,home,Western Nevada,W,7-1,7,1,6,win,20150214_g58a,0,0,0,0,0.0,,,,0.0,,,2015,2014-15,Riverside,riverside,austinmonteh4eu,Austin Monte
Feb 15,home,Western Nevada,W,8-5,8,5,3,win,20150215_71lo,0,0,0,0,0.0,,,,0.0,,,2015,2014-15,Riverside,riverside,austinmonteh4eu,Austin Monte
Feb 17,home,Mt. San Antonio,L,13-4,13,4,9,win,20150217_pmed,0,0,0,0,0.0,,,,0.0,,,2015,2014-15,Riverside,riverside,austinmonteh4eu,Austin Monte
Feb 24,home,Mt. San Antonio,W,11-4,11,4,7,win,20150224_rv5x,0,0,0,0,0.0,,,,0.0,,,2015,2014-15,Riverside,riverside,austinmonteh4eu,Austin Monte
Feb 28,home,Irvine Valley,L,4-1,4,1,3,win,20150228_i4t0,0,0,0,0,0.0,,,,0.0,,,2015,2014-15,Riverside,riverside,austinmonteh4eu,Austin Monte
Mar 3,home,Santa Ana,W,6-3,6,3,3,win,20150303_rhpf,0,0,0,0,0.0,,,,0.0,,,2015,2014-15,Riverside,riverside,austinmonteh4eu,Austin Monte
Mar 5,home,Saddleback,W,4-1,4,1,3,win,20150305_bpwy,0,0,0,0,0.0,,,,0.0,,,2015,2014-15,Riverside,riverside,austinmonteh4eu,Austin Monte
Mar 7,home,Cypress,L,8-3,8,3,5,win,20150307_nyul,0,0,0,0,0.0,,,,0.0,,,2015,2014-15,Riverside,riverside,austinmonteh4eu,Austin Monte
Mar 12,home,Golden West,W,13-0,13,0,13,win,20150312_ugk6,0,0,0,0,0.0,,,,0.0,,,2015,2014-15,Riverside,riverside,austinmonteh4eu,Austin Monte
Mar 17,home,Orange Coast,L,9-5,9,5,4,win,20150317_f5ng,0,0,0,0,0.0,,,,0.0,,,2015,2014-15,Riverside,riverside,austinmonteh4eu,Austin Monte
Mar 19,home,Orange Coast,L,5-0,5,0,5,win,20150319_etae,0,0,0,0,0.0,,,,0.0,,,2015,2014-15,Riverside,riverside,austinmonteh4eu,Austin Monte
Mar 21,home,Irvine Valley,W,5-0,5,0,5,win,20150321_3ztt,0,0,0,0,0.0,,,,0.0,,,2015,2014-15,Riverside,riverside,austinmonteh4eu,Austin Monte
Mar 24,home,Irvine Valley,L,9-4,9,4,5,win,20150324_gbrm,0,0,0,0,0.0,,,,0.0,,,2015,2014-15,Riverside,riverside,austinmonteh4eu,Austin Monte
Apr 1,home,Santa Barbara,L,5-2,5,2,3,win,20150401_ba1w,0,0,0,0,0.0,,,,0.0,,,2015,2014-15,Riverside,riverside,austinmonteh4eu,Austin Monte
Apr 7,home,Saddleback,L,8-5,8,5,3,win,20150407_tn3k,0,0,0,0,0.0,,,,0.0,,,2015,2014-15,Riverside,riverside,austinmonteh4eu,Austin Monte
Apr 9,home,Saddleback,L,9-4,9,4,5,win,20150409_0f7n,0,0,0,0,0.0,,,,0.0,,,2015,2014-15,Riverside,riverside,austinmonteh4eu,Austin Monte
Apr 11,home,Cypress,W,9-2,9,2,7,win,20150411_36ur,0,0,0,0,0.0,,,,0.0,,,2015,2014-15,Riverside,riverside,austinmonteh4eu,Austin Monte
Apr 14,home,Cypress,L,8-7,8,7,1,win,20150414_x9aj,0,0,0,0,0.0,,,,0.0,,,2015,2014-15,Riverside,riverside,austinmonteh4eu,Austin Monte
Apr 21,home,Golden West,L,4-2,4,2,2,win,20150421_e3mk,0,0,0,0,0.0,,,,0.0,,,2015,2014-15,Riverside,riverside,austinmonteh4eu,Austin Monte
Apr 28,home,Cerritos,W,6-2,6,2,4,win,20150428_bbuq,0,0,0,0,0.0,,,,0.0,,,2015,2014-15,Riverside,riverside,austinmonteh4eu,Austin Monte
May 1,home,Palomar,L,7-3,7,3,4,win,20150501_6ln4,0,0,0,0,0.0,,,,0.0,,,2015,2014-15,Riverside,riverside,austinmonteh4eu,Austin Monte
May 2,home,Palomar,L,4-2,4,2,2,win,20150502_871a,0,0,0,0,0.0,,,,0.0,,,2015,2014-15,Riverside,riverside,austinmonteh4eu,Austin Monte
Jan 27,home,Pasadena,W,7-0,7,0,7,win,20150127_6e3x,0,0,0,0,0.0,,,,0.0,,,2015,2014-15,Oxnard,oxnard,dustyncookr8xc,Dustyn Cook
Jan 29,home,Citrus,W,4-3,4,3,1,win,20150129_2rwa,0,0,0,0,0.0,,,,0.0,,,2015,2014-15,Oxnard,oxnard,dustyncookr8xc,Dustyn Cook
Jan 31,home,LA Mission,L,8-4,8,4,4,win,20150131_fzci,0,0,0,0,0.0,,,,0.0,,,2015,2014-15,Oxnard,oxnard,dustyncookr8xc,Dustyn Cook
Feb 3,home,Pasadena,W,4-3,4,3,1,win,20150203_40wi,0,0,0,0,0.0,,,,0.0,,,2015,2014-15,Oxnard,oxnard,dustyncookr8xc,Dustyn Cook
Feb 5,home,LA Mission,W,4-1,4,1,3,win,20150205_e07d,0,0,0,0,0.0,,,,0.0,,,2015,2014-15,Oxnard,oxnard,dustyncookr8xc,Dustyn Cook
Feb 10,home,Glendale,W,5-0,5,0,5,win,20150210_isdb,0,0,0,0,0.0,,,,0.0,,,2015,2014-15,Oxnard,oxnard,dustyncookr8xc,Dustyn Cook
Feb 12,home,Citrus,T,5-5,5,5,0,tie,20150212_kzcb,0,0,0,0,0.0,,,,0.0,,,2015,2014-15,Oxnard,oxnard,dustyncookr8xc,Dustyn Cook
Feb 14,home,LA Pierce,W,11-7,11,7,4,win,20150214_aa1b,0,0,0,0,0.0,,,,0.0,,,2015,2014-15,Oxnard,oxnard,dustyncookr8xc,Dustyn Cook
Feb 17,home,LA Pierce,W,6-4,6,4,2,win,20150217_6bqb,0,0,0,0,0.0,,,,0.0,,,2015,2014-15,Oxnard,oxnard,dustyncookr8xc,Dustyn Cook
Feb 19,home,Santa Barbara,L,4-3,4,3,1,win,20150219_9mu2,0,0,0,0,0.0,,,,0.0,,,2015,2014-15,Oxnard,oxnard,dustyncookr8xc,Dustyn Cook
Feb 21,home,Santa Barbara,W,6-2,6,2,4,win,20150221_e8yk,0,0,0,0,0.0,,,,0.0,,,2015,2014-15,Oxnard,oxnard,dustyncookr8xc,Dustyn Cook
Feb 28,home,Allan Hancock,W,7-0,7,0,7,win,20150228_7k0r,0,0,0,0,0.0,,,,0.0,,,2015,2014-15,Oxnard,oxnard,dustyncookr8xc,Dustyn Cook
Mar 3,home,Allan Hancock,W,4-3,4,3,1,win,20150303_ucpp,0,0,0,0,0.0,,,,0.0,,,2015,2014-15,Oxnard,oxnard,dustyncookr8xc,Dustyn Cook
Mar 5,home,Moorpark,L,4-3,4,3,1,win,20150305_p8ar,0,0,0,0,0.0,,,,0.0,,,2015,2014-15,Oxnard,oxnard,dustyncookr8xc,Dustyn Cook
Mar 7,home,Moorpark,W,1-0,1,0,1,win,20150307_hdxx,0,0,0,0,0.0,,,,0.0,,,2015,2014-15,Oxnard,oxnard,dustyncookr8xc,Dustyn Cook
Mar 10,home,Cuesta,W,2-1,2,1,1,win,20150310_tqv2,0,0,0,0,0.0,,,,0.0,,,2015,2014-15,Oxnard,oxnard,dustyncookr8xc,Dustyn Cook
Mar 12,home,Cuesta,L,4-0,4,0,4,win,20150312_0jpv,0,0,0,0,0.0,,,,0.0,,,2015,2014-15,Oxnard,oxnard,dustyncookr8xc,Dustyn Cook
Mar 14,home,Ventura,W,9-4,9,4,5,win,20150314_gi3u,0,0,0,0,0.0,,,,0.0,,,2015,2014-15,Oxnard,oxnard,dustyncookr8xc,Dustyn Cook
Mar 17,home,Ventura,W,7-3,7,3,4,win,20150317_9ss6,0,0,0,0,0.0,,,,0.0,,,2015,2014-15,Oxnard,oxnard,dustyncookr8xc,Dustyn Cook
Mar 19,home,LA Pierce,W,3-2,3,2,1,win,20150319_ftf7,0,0,0,0,0.0,,,,0.0,,,2015,2014-15,Oxnard,oxnard,dustyncookr8xc,Dustyn Cook
Mar 21,home,LA Pierce,W,5-3,5,3,2,win,20150321_t1rz,0,0,0,0,0.0,,,,0.0,,,2015,2014-15,Oxnard,oxnard,dustyncookr8xc,Dustyn Cook
Mar 24,home,Santa Barbara,L,13-0,13,0,13,win,20150324_c3m1,0,0,0,0,0.0,,,,0.0,,,2015,2014-15,Oxnard,oxnard,dustyncookr8xc,Dustyn Cook
Mar 26,home,Santa Barbara,W,4-2,4,2,2,win,20150326_lr7d,0,0,0,0,0.0,,,,0.0,,,2015,2014-15,Oxnard,oxnard,dustyncookr8xc,Dustyn Cook
Mar 30,home,Long Beach,W,2-1,2,1,1,win,20150330_tokz,0,0,0,0,0.0,,,,0.0,,,2015,2014-15,Oxnard,oxnard,dustyncookr8xc,Dustyn Cook
Mar 30,home,Long Beach,W,9-8,9,8,1,win,20150330_9mrp,0,0,0,0,0.0,,,,0.0,,,2015,2014-15,Oxnard,oxnard,dustyncookr8xc,Dustyn Cook
Mar 31,home,LA Valley,W,7-3,7,3,4,win,20150331_8qhs,0,0,0,0,0.0,,,,0.0,,,2015,2014-15,Oxnard,oxnard,dustyncookr8xc,Dustyn Cook
Apr 1,home,LA Valley,W,7-2,7,2,5,win,20150401_naho,0,0,0,0,0.0,,,,0.0,,,2015,2014-15,Oxnard,oxnard,dustyncookr8xc,Dustyn Cook
Apr 8,home,Fresno City,L,4-3,4,3,1,win,20150408_adup,0,0,0,0,0.0,,,,0.0,,,2015,2014-15,Oxnard,oxnard,dustyncookr8xc,Dustyn Cook
Apr 9,home,Allan Hancock,W,7-5,7,5,2,win,20150409_z6jy,0,0,0,0,0.0,,,,0.0,,,2015,2014-15,Oxnard,oxnard,dustyncookr8xc,Dustyn Cook
Apr 11,home,Allan Hancock,L,4-3,4,3,1,win,20150411_8dke,0,0,0,0,0.0,,,,0.0,,,2015,2014-15,Oxnard,oxnard,dustyncookr8xc,Dustyn Cook
Apr 14,home,Moorpark,L,4-3,4,3,1,win,20150414_rt6f,0,0,0,0,0.0,,,,0.0,,,2015,2014-15,Oxnard,oxnard,dustyncookr8xc,Dustyn Cook
Apr 16,home,Moorpark,W,11-9,11,9,2,win,20150416_0phf,0,0,0,0,0.0,,,,0.0,,,2015,2014-15,Oxnard,oxnard,dustyncookr8xc,Dustyn Cook
Apr 18,home,Cuesta,W,5-4,5,4,1,win,20150418_x1ay,0,0,0,0,0.0,,,,0.0,,,2015,2014-15,Oxnard,oxnard,dustyncookr8xc,Dustyn Cook
Apr 21,home,Cuesta,L,4-2,4,2,2,win,20150421_agpz,0,0,0,0,0.0,,,,0.0,,,2015,2014-15,Oxnard,oxnard,dustyncookr8xc,Dustyn Cook
Apr 23,home,Ventura,W,8-2,8,2,6,win,20150423_wvo8,0,0,0,0,0.0,,,,0.0,,,2015,2014-15,Oxnard,oxnard,dustyncookr8xc,Dustyn Cook
Apr 24,home,Ventura,W,12-7,12,7,5,win,20150424_b3lg,0,0,0,0,0.0,,,,0.0,,,2015,2014-15,Oxnard,oxnard,dustyncookr8xc,Dustyn Cook
May 1,home,Irvine Valley,L,8-0,8,0,8,win,20150501_m3i7,0,0,0,0,0.0,,,,0.0,,,2015,2014-15,Oxnard,oxnard,dustyncookr8xc,Dustyn Cook
May 2,home,Irvine Valley,L,1-0,1,0,1,win,20150502_htrw,0,0,0,0,0.0,,,,0.0,,,2015,2014-15,Oxnard,oxnard,dustyncookr8xc,Dustyn Cook
Jan 31,home,Fresno City,L,10-7,10,7,3,win,20150131_229k,0,0,0,0,0.0,,,,0.0,,,2015,2014-15,Sacramento City,sacramentocity,brianingramhvyl,Brian Ingram
Feb 3,home,Chabot,L,10-2,10,2,8,win,20150203_pcua,0,0,0,0,0.0,,,,0.0,,,2015,2014-15,Sacramento City,sacramentocity,brianingramhvyl,Brian Ingram
Feb 5,home,Chabot,W,13-7,13,7,6,win,20150205_2a1i,0,0,0,0,0.0,,,,0.0,,,2015,2014-15,Sacramento City,sacramentocity,brianingramhvyl,Brian Ingram
Feb 9,home,Chabot,L,7-6,7,6,1,win,20150209_0nm1,0,0,0,0,0.0,,,,0.0,,,2015,2014-15,Sacramento City,sacramentocity,brianingramhvyl,Brian Ingram
Feb 14,home,Canada,L,12-4,12,4,8,win,20150214_5z1w,0,0,0,0,0.0,,,,0.0,,,2015,2014-15,Sacramento City,sacramentocity,brianingramhvyl,Brian Ingram
Feb 19,home,Butte,W,10-2,10,2,8,win,20150219_cefi,0,0,0,0,0.0,,,,0.0,,,2015,2014-15,Sacramento City,sacramentocity,brianingramhvyl,Brian Ingram
Feb 21,home,Butte,W,9-3,9,3,6,win,20150221_hv9f,0,0,0,0,0.0,,,,0.0,,,2015,2014-15,Sacramento City,sacramentocity,brianingramhvyl,Brian Ingram
Mar 3,home,Diablo Valley,W,14-4,14,4,10,win,20150303_f5ch,0,0,0,0,0.0,,,,0.0,,,2015,2014-15,Sacramento City,sacramentocity,brianingramhvyl,Brian Ingram
Mar 5,home,Sierra,L,10-6,10,6,4,win,20150305_q4cf,0,0,0,0,0.0,,,,0.0,,,2015,2014-15,Sacramento City,sacramentocity,brianingramhvyl,Brian Ingram
Mar 7,home,Modesto,L,6-5,6,5,1,win,20150307_fuom,0,0,0,0,0.0,,,,0.0,,,2015,2014-15,Sacramento City,sacramentocity,brianingramhvyl,Brian Ingram
Mar 12,home,American River,L,12-1,12,1,11,win,20150312_u2ru,0,0,0,0,0.0,,,,0.0,,,2015,2014-15,Sacramento City,sacramentocity,brianingramhvyl,Brian Ingram
Mar 14,home,American River,W,13-5,13,5,8,win,20150314_ts1b,0,0,0,0,0.0,,,,0.0,,,2015,2014-15,Sacramento City,sacramentocity,brianingramhvyl,Brian Ingram
Mar 17,home,Santa Rosa,L,6-3,6,3,3,win,20150317_5syx,0,0,0,0,0.0,,,,0.0,,,2015,2014-15,Sacramento City,sacramentocity,brianingramhvyl,Brian Ingram
Mar 21,home,Santa Rosa,L,8-1,8,1,7,win,20150321_mr56,0,0,0,0,0.0,,,,0.0,,,2015,2014-15,Sacramento City,sacramentocity,brianingramhvyl,Brian Ingram
Mar 24,home,Sierra,W,6-5,6,5,1,win,20150324_xeyz,0,0,0,0,0.0,,,,0.0,,,2015,2014-15,Sacramento City,sacramentocity,brianingramhvyl,Brian Ingram
Mar 26,home,Sierra,L,2-1,2,1,1,win,20150326_ivv6,0,0,0,0,0.0,,,,0.0,,,2015,2014-15,Sacramento City,sacramentocity,brianingramhvyl,Brian Ingram
Mar 28,home,Sierra,L,5-4,5,4,1,win,20150328_wk3h,0,0,0,0,0.0,,,,0.0,,,2015,2014-15,Sacramento City,sacramentocity,brianingramhvyl,Brian Ingram
Apr 16,home,Cosumnes River,L,9-4,9,4,5,win,20150416_cs65,0,0,0,0,0.0,,,,0.0,,,2015,2014-15,Sacramento City,sacramentocity,brianingramhvyl,Brian Ingram
Apr 17,home,Cosumnes River,L,8-7,8,7,1,win,20150417_r2jt,0,0,0,0,0.0,,,,0.0,,,2015,2014-15,Sacramento City,sacramentocity,brianingramhvyl,Brian Ingram
Apr 21,home,Modesto,W,6-0,6,0,6,win,20150421_t32i,0,0,0,0,0.0,,,,0.0,,,2015,2014-15,Sacramento City,sacramentocity,brianingramhvyl,Brian Ingram
Apr 23,home,Modesto,W,5-4,5,4,1,win,20150423_kihm,0,0,0,0,0.0,,,,0.0,,,2015,2014-15,Sacramento City,sacramentocity,brianingramhvyl,Brian Ingram
Apr 24,home,Modesto,W,7-4,7,4,3,win,20150424_cyky,0,0,0,0,0.0,,,,0.0,,,2015,2014-15,Sacramento City,sacramentocity,brianingramhvyl,Brian Ingram
Jan 29,home,Solano,W,6-1,6,1,5,win,20150129_goi0,0,0,0,0,0.0,,,,0.0,,,2015,2014-15,Taft,taft,fabiangutierreznmzw,Fabian Gutierrez
Jan 30,home,Feather River,W,3-2,3,2,1,win,20150130_q1vt,0,0,0,0,0.0,,,,0.0,,,2015,2014-15,Taft,taft,fabiangutierreznmzw,Fabian Gutierrez
Jan 31,home,Barstow,L,7-3,7,3,4,win,20150131_l2tm,0,0,0,0,0.0,,,,0.0,,,2015,2014-15,Taft,taft,fabiangutierreznmzw,Fabian Gutierrez
Feb 5,home,Siskiyous,W,3-2,3,2,1,win,20150205_6f4v,0,0,0,0,0.0,,,,0.0,,,2015,2014-15,Taft,taft,fabiangutierreznmzw,Fabian Gutierrez
Feb 6,home,Siskiyous,L,6-3,6,3,3,win,20150206_ecuz,0,0,0,0,0.0,,,,0.0,,,2015,2014-15,Taft,taft,fabiangutierreznmzw,Fabian Gutierrez
Feb 7,home,Folsom Lake,W,17-4,17,4,13,win,20150207_mju4,0,0,0,0,0.0,,,,0.0,,,2015,2014-15,Taft,taft,fabiangutierreznmzw,Fabian Gutierrez
Feb 13,home,Monterey,W,10-3,10,3,7,win,20150213_hmzu,0,0,0,0,0.0,,,,0.0,,,2015,2014-15,Taft,taft,fabiangutierreznmzw,Fabian Gutierrez
Feb 13,home,Monterey,W,8-7,8,7,1,win,20150213_r0g9,0,0,0,0,0.0,,,,0.0,,,2015,2014-15,Taft,taft,fabiangutierreznmzw,Fabian Gutierrez
Feb 14,home,Cerro Coso,W,12-5,12,5,7,win,20150214_d85d,0,0,0,0,0.0,,,,0.0,,,2015,2014-15,Taft,taft,fabiangutierreznmzw,Fabian Gutierrez
Feb 17,home,West Hills Coalinga,W,12-6,12,6,6,win,20150217_22zu,0,0,0,0,0.0,,,,0.0,,,2015,2014-15,Taft,taft,fabiangutierreznmzw,Fabian Gutierrez
Feb 19,home,West Hills Coalinga,W,14-5,14,5,9,win,20150219_cbmt,0,0,0,0,0.0,,,,0.0,,,2015,2014-15,Taft,taft,fabiangutierreznmzw,Fabian Gutierrez
Feb 21,home,West Hills Coalinga,W,4-3,4,3,1,win,20150221_o8g9,0,0,0,0,0.0,,,,0.0,,,2015,2014-15,Taft,taft,fabiangutierreznmzw,Fabian Gutierrez
Feb 24,home,Reedley,L,8-2,8,2,6,win,20150224_ttow,0,0,0,0,0.0,,,,0.0,,,2015,2014-15,Taft,taft,fabiangutierreznmzw,Fabian Gutierrez
Feb 26,home,Reedley,L,8-1,8,1,7,win,20150226_grht,0,0,0,0,0.0,,,,0.0,,,2015,2014-15,Taft,taft,fabiangutierreznmzw,Fabian Gutierrez
Feb 28,home,Reedley,W,6-5,6,5,1,win,20150228_74p6,0,0,0,0,0.0,,,,0.0,,,2015,2014-15,Taft,taft,fabiangutierreznmzw,Fabian Gutierrez
Mar 3,home,Porterville,W,8-7,8,7,1,win,20150303_y1uy,0,0,0,0,0.0,,,,0.0,,,2015,2014-15,Taft,taft,fabiangutierreznmzw,Fabian Gutierrez
Mar 5,home,Porterville,W,6-2,6,2,4,win,20150305_6h0a,0,0,0,0,0.0,,,,0.0,,,2015,2014-15,Taft,taft,fabiangutierreznmzw,Fabian Gutierrez
Mar 7,home,Porterville,W,8-2,8,2,6,win,20150307_3mzd,0,0,0,0,0.0,,,,0.0,,,2015,2014-15,Taft,taft,fabiangutierreznmzw,Fabian Gutierrez
Mar 10,home,Sequoias,L,5-1,5,1,4,win,20150310_mv0m,0,0,0,0,0.0,,,,0.0,,,2015,2014-15,Taft,taft,fabiangutierreznmzw,Fabian Gutierrez
Mar 24,home,Fresno City,L,18-2,18,2,16,win,20150324_sq5j,0,0,0,0,0.0,,,,0.0,,,2015,2014-15,Taft,taft,fabiangutierreznmzw,Fabian Gutierrez
Apr 3,home,Moorpark,L,12-4,12,4,8,win,20150403_ujjd,0,0,0,0,0.0,,,,0.0,,,2015,2014-15,Taft,taft,fabiangutierreznmzw,Fabian Gutierrez
Apr 9,home,Merced,W,3-1,3,1,2,win,20150409_c190,0,0,0,0,0.0,,,,0.0,,,2015,2014-15,Taft,taft,fabiangutierreznmzw,Fabian Gutierrez
Apr 11,home,Merced,L,6-4,6,4,2,win,20150411_q2wk,0,0,0,0,0.0,,,,0.0,,,2015,2014-15,Taft,taft,fabiangutierreznmzw,Fabian Gutierrez
Apr 14,home,Porterville,W,9-4,9,4,5,win,20150414_v841,0,0,0,0,0.0,,,,0.0,,,2015,2014-15,Taft,taft,fabiangutierreznmzw,Fabian Gutierrez
Apr 16,home,Merced,L,13-3,13,3,10,win,20150416_jt8o,0,0,0,0,0.0,,,,0.0,,,2015,2014-15,Taft,taft,fabiangutierreznmzw,Fabian Gutierrez
Apr 18,home,West Hills Coalinga,W,6-2,6,2,4,win,20150418_w7nt,0,0,0,0,0.0,,,,0.0,,,2015,2014-15,Taft,taft,fabiangutierreznmzw,Fabian Gutierrez
Apr 19,home,Fresno City,W,4-3,4,3,1,win,20150419_q06i,0,0,0,0,0.0,,,,0.0,,,2015,2014-15,Taft,taft,fabiangutierreznmzw,Fabian Gutierrez
Apr 21,home,Sequoias,W,2-1,2,1,1,win,20150421_qc8k,0,0,0,0,0.0,,,,0.0,,,2015,2014-15,Taft,taft,fabiangutierreznmzw,Fabian Gutierrez
Apr 23,home,Reedley,W,4-2,4,2,2,win,20150423_39h3,0,0,0,0,0.0,,,,0.0,,,2015,2014-15,Taft,taft,fabiangutierreznmzw,Fabian Gutierrez
Jan 31,home,Napa,W,4-0,4,0,4,win,20150131_2ly5,0,0,0,0,0.0,,,,0.0,,,2015,2014-15,Santa Barbara,santabarbara,jakegagain6j41,Jake Gagain
Feb 7,home,Saddleback,W,8-5,8,5,3,win,20150207_es91,0,0,0,0,0.0,,,,0.0,,,2015,2014-15,Santa Barbara,santabarbara,jakegagain6j41,Jake Gagain
Feb 17,home,Moorpark,W,17-0,17,0,17,win,20150217_loan,0,0,0,0,0.0,,,,0.0,,,2015,2014-15,Santa Barbara,santabarbara,jakegagain6j41,Jake Gagain
Feb 21,home,Oxnard,L,6-2,6,2,4,win,20150221_e8yk,0,0,0,0,0.0,,,,0.0,,,2015,2014-15,Santa Barbara,santabarbara,jakegagain6j41,Jake Gagain
Mar 7,home,LA Pierce,W,13-2,13,2,11,win,20150307_14fo,0,0,0,0,0.0,,,,0.0,,,2015,2014-15,Santa Barbara,santabarbara,jakegagain6j41,Jake Gagain
Mar 12,home,Ventura,W,12-1,12,1,11,win,20150312_p7ux,0,0,0,0,0.0,,,,0.0,,,2015,2014-15,Santa Barbara,santabarbara,jakegagain6j41,Jake Gagain
Mar 14,home,Allan Hancock,W,2-0,2,0,2,win,20150314_x782,0,0,0,0,0.0,,,,0.0,,,2015,2014-15,Santa Barbara,santabarbara,jakegagain6j41,Jake Gagain
Mar 17,home,Allan Hancock,W,12-4,12,4,8,win,20150317_ri5x,0,0,0,0,0.0,,,,0.0,,,2015,2014-15,Santa Barbara,santabarbara,jakegagain6j41,Jake Gagain
Mar 19,home,Moorpark,W,6-1,6,1,5,win,20150319_l1na,0,0,0,0,0.0,,,,0.0,,,2015,2014-15,Santa Barbara,santabarbara,jakegagain6j41,Jake Gagain
Mar 21,home,Moorpark,W,8-5,8,5,3,win,20150321_56pb,0,0,0,0,0.0,,,,0.0,,,2015,2014-15,Santa Barbara,santabarbara,jakegagain6j41,Jake Gagain
Mar 24,home,Oxnard,W,13-0,13,0,13,win,20150324_c3m1,0,0,0,0,0.0,,,,0.0,,,2015,2014-15,Santa Barbara,santabarbara,jakegagain6j41,Jake Gagain
Mar 26,home,Oxnard,L,4-2,4,2,2,win,20150326_lr7d,0,0,0,0,0.0,,,,0.0,,,2015,2014-15,Santa Barbara,santabarbara,jakegagain6j41,Jake Gagain
Mar 27,home,Cuesta,W,10-1,10,1,9,win,20150327_byno,0,0,0,0,0.0,,,,0.0,,,2015,2014-15,Santa Barbara,santabarbara,jakegagain6j41,Jake Gagain
Mar 31,home,Glendale,W,14-4,14,4,10,win,20150331_1ny7,0,0,0,0,0.0,,,,0.0,,,2015,2014-15,Santa Barbara,santabarbara,jakegagain6j41,Jake Gagain
Apr 1,home,Riverside,W,5-2,5,2,3,win,20150401_ba1w,0,0,0,0,0.0,,,,0.0,,,2015,2014-15,Santa Barbara,santabarbara,jakegagain6j41,Jake Gagain
Apr 3,home,Reedley,W,11-8,11,8,3,win,20150403_1oip,0,0,0,0,0.0,,,,0.0,,,2015,2014-15,Santa Barbara,santabarbara,jakegagain6j41,Jake Gagain
Apr 14,home,LA Pierce,W,13-2,13,2,11,win,20150414_jyb2,0,0,0,0,0.0,,,,0.0,,,2015,2014-15,Santa Barbara,santabarbara,jakegagain6j41,Jake Gagain
Apr 16,home,LA Pierce,L,5-4,5,4,1,win,20150416_fktu,0,0,0,0,0.0,,,,0.0,,,2015,2014-15,Santa Barbara,santabarbara,jakegagain6j41,Jake Gagain
Apr 18,home,Ventura,W,6-5,6,5,1,win,20150418_iioj,0,0,0,0,0.0,,,,0.0,,,2015,2014-15,Santa Barbara,santabarbara,jakegagain6j41,Jake Gagain
Apr 21,home,Ventura,W,5-4,5,4,1,win,20150421_uwfd,0,0,0,0,0.0,,,,0.0,,,2015,2014-15,Santa Barbara,santabarbara,jakegagain6j41,Jake Gagain
Apr 23,home,Allan Hancock,W,14-0,14,0,14,win,20150423_eqgz,0,0,0,0,0.0,,,,0.0,,,2015,2014-15,Santa Barbara,santabarbara,jakegagain6j41,Jake Gagain
Apr 24,home,Allan Hancock,W,3-1,3,1,2,win,20150424_2lmp,0,0,0,0,0.0,,,,0.0,,,2015,2014-15,Santa Barbara,santabarbara,jakegagain6j41,Jake Gagain
May 8,home,Fullerton,L,2-1,2,1,1,win,20150508_3aia,0,0,0,0,0.0,,,,0.0,,,2015,2014-15,Santa Barbara,santabarbara,jakegagain6j41,Jake Gagain
May 16,home,Orange Coast,L,5-2,5,2,3,win,20150516_03ti,0,0,0,0,0.0,,,,0.0,,,2015,2014-15,Santa Barbara,santabarbara,jakegagain6j41,Jake Gagain
Jan 29,home,Mendocino,L,5-4,5,4,1,win,20150129_99bb,0,0,0,0,0.0,,,,0.0,,,2015,2014-15,Redwoods,redwoods,nikgardnerfn1b,Nik Gardner
Jan 31,home,Mendocino,L,4-3,4,3,1,win,20150131_m1ou,0,0,0,0,0.0,,,,0.0,,,2015,2014-15,Redwoods,redwoods,nikgardnerfn1b,Nik Gardner
Feb 13,home,Modesto,W,16-3,16,3,13,win,20150213_ze0p,0,0,0,0,0.0,,,,0.0,,,2015,2014-15,Redwoods,redwoods,nikgardnerfn1b,Nik Gardner
Feb 14,home,Laney,L,10-3,10,3,7,win,20150214_u959,0,0,0,0,0.0,,,,0.0,,,2015,2014-15,Redwoods,redwoods,nikgardnerfn1b,Nik Gardner
Feb 15,home,Contra Costa,W,6-1,6,1,5,win,20150215_iarc,0,0,0,0,0.0,,,,0.0,,,2015,2014-15,Redwoods,redwoods,nikgardnerfn1b,Nik Gardner
Feb 15,home,Skyline,L,7-6,7,6,1,win,20150215_3mbp,0,0,0,0,0.0,,,,0.0,,,2015,2014-15,Redwoods,redwoods,nikgardnerfn1b,Nik Gardner
Feb 19,home,Yuba,L,5-2,5,2,3,win,20150219_yj0c,0,0,0,0,0.0,,,,0.0,,,2015,2014-15,Redwoods,redwoods,nikgardnerfn1b,Nik Gardner
Feb 20,home,Yuba,L,6-2,6,2,4,win,20150220_w0qb,0,0,0,0,0.0,,,,0.0,,,2015,2014-15,Redwoods,redwoods,nikgardnerfn1b,Nik Gardner
Feb 27,home,Butte,L,11-3,11,3,8,win,20150227_nf32,0,0,0,0,0.0,,,,0.0,,,2015,2014-15,Redwoods,redwoods,nikgardnerfn1b,Nik Gardner
Feb 28,home,Butte,L,10-0,10,0,10,win,20150228_rskn,0,0,0,0,0.0,,,,0.0,,,2015,2014-15,Redwoods,redwoods,nikgardnerfn1b,Nik Gardner
Mar 6,home,Feather River,L,7-0,7,0,7,win,20150306_qmnt,0,0,0,0,0.0,,,,0.0,,,2015,2014-15,Redwoods,redwoods,nikgardnerfn1b,Nik Gardner
Mar 6,home,Feather River,L,20-1,20,1,19,win,20150306_fa6w,0,0,0,0,0.0,,,,0.0,,,2015,2014-15,Redwoods,redwoods,nikgardnerfn1b,Nik Gardner
Mar 7,home,Feather River,L,12-8,12,8,4,win,20150307_9d9n,0,0,0,0,0.0,,,,0.0,,,2015,2014-15,Redwoods,redwoods,nikgardnerfn1b,Nik Gardner
Mar 13,home,Siskiyous,L,3-0,3,0,3,win,20150313_2qyk,0,0,0,0,0.0,,,,0.0,,,2015,2014-15,Redwoods,redwoods,nikgardnerfn1b,Nik Gardner
Mar 13,home,Siskiyous,L,7-6,7,6,1,win,20150313_rpb6,0,0,0,0,0.0,,,,0.0,,,2015,2014-15,Redwoods,redwoods,nikgardnerfn1b,Nik Gardner
Mar 14,home,Siskiyous,L,6-5,6,5,1,win,20150314_6qwe,0,0,0,0,0.0,,,,0.0,,,2015,2014-15,Redwoods,redwoods,nikgardnerfn1b,Nik Gardner
Mar 20,home,Shasta,L,8-0,8,0,8,win,20150320_7eu9,0,0,0,0,0.0,,,,0.0,,,2015,2014-15,Redwoods,redwoods,nikgardnerfn1b,Nik Gardner
Jan 30,home,El Camino,L,9-0,9,0,9,win,20150130_ukn8,0,0,0,0,0.0,,,,0.0,,,2015,2014-15,Bakersfield,bakersfield,joshstonepe59,Josh Stone
Feb 1,home,Moorpark,L,5-4,5,4,1,win,20150201_lmqn,0,0,0,0,0.0,,,,0.0,,,2015,2014-15,Bakersfield,bakersfield,joshstonepe59,Josh Stone
Feb 3,home,Fullerton,L,4-3,4,3,1,win,20150203_1uut,0,0,0,0,0.0,,,,0.0,,,2015,2014-15,Bakersfield,bakersfield,joshstonepe59,Josh Stone
Feb 5,home,Marin,W,4-1,4,1,3,win,20150205_luoc,0,0,0,0,0.0,,,,0.0,,,2015,2014-15,Bakersfield,bakersfield,joshstonepe59,Josh Stone
Feb 12,home,Moorpark,L,4-2,4,2,2,win,20150212_h4hg,0,0,0,0,0.0,,,,0.0,,,2015,2014-15,Bakersfield,bakersfield,joshstonepe59,Josh Stone
Feb 13,home,Sequoias,L,11-3,11,3,8,win,20150213_btnq,0,0,0,0,0.0,,,,0.0,,,2015,2014-15,Bakersfield,bakersfield,joshstonepe59,Josh Stone
Feb 20,home,Golden West,L,8-5,8,5,3,win,20150220_t7eh,0,0,0,0,0.0,,,,0.0,,,2015,2014-15,Bakersfield,bakersfield,joshstonepe59,Josh Stone
Feb 21,home,Golden West,W,7-6,7,6,1,win,20150221_zvsx,0,0,0,0,0.0,,,,0.0,,,2015,2014-15,Bakersfield,bakersfield,joshstonepe59,Josh Stone
Mar 5,home,LA Mission,L,6-2,6,2,4,win,20150305_bt7e,0,0,0,0,0.0,,,,0.0,,,2015,2014-15,Bakersfield,bakersfield,joshstonepe59,Josh Stone
Mar 7,home,Glendale,L,5-3,5,3,2,win,20150307_9z9d,0,0,0,0,0.0,,,,0.0,,,2015,2014-15,Bakersfield,bakersfield,joshstonepe59,Josh Stone
Mar 10,home,Antelope Valley,W,7-6,7,6,1,win,20150310_uj4o,0,0,0,0,0.0,,,,0.0,,,2015,2014-15,Bakersfield,bakersfield,joshstonepe59,Josh Stone
Mar 12,home,West LA,W,12-4,12,4,8,win,20150312_czlz,0,0,0,0,0.0,,,,0.0,,,2015,2014-15,Bakersfield,bakersfield,joshstonepe59,Josh Stone
Mar 14,home,Canyons,W,7-6,7,6,1,win,20150314_caf2,0,0,0,0,0.0,,,,0.0,,,2015,2014-15,Bakersfield,bakersfield,joshstonepe59,Josh Stone
Mar 17,home,LA Valley,L,10-7,10,7,3,win,20150317_hvel,0,0,0,0,0.0,,,,0.0,,,2015,2014-15,Bakersfield,bakersfield,joshstonepe59,Josh Stone
Mar 24,home,LA Mission,W,17-8,17,8,9,win,20150324_y48k,0,0,0,0,0.0,,,,0.0,,,2015,2014-15,Bakersfield,bakersfield,joshstonepe59,Josh Stone
Mar 26,home,LA Mission,L,7-2,7,2,5,win,20150326_aogt,0,0,0,0,0.0,,,,0.0,,,2015,2014-15,Bakersfield,bakersfield,joshstonepe59,Josh Stone
Mar 27,home,Glendale,L,6-4,6,4,2,win,20150327_s0uw,0,0,0,0,0.0,,,,0.0,,,2015,2014-15,Bakersfield,bakersfield,joshstonepe59,Josh Stone
Mar 31,home,Sequoias,W,11-1,11,1,10,win,20150331_fnzs,0,0,0,0,0.0,,,,0.0,,,2015,2014-15,Bakersfield,bakersfield,joshstonepe59,Josh Stone
Apr 1,home,Reedley,W,5-3,5,3,2,win,20150401_3t1y,0,0,0,0,0.0,,,,0.0,,,2015,2014-15,Bakersfield,bakersfield,joshstonepe59,Josh Stone
Apr 2,home,Saddleback,L,5-2,5,2,3,win,20150402_rmhw,0,0,0,0,0.0,,,,0.0,,,2015,2014-15,Bakersfield,bakersfield,joshstonepe59,Josh Stone
Apr 7,home,Glendale,L,3-0,3,0,3,win,20150407_muju,0,0,0,0,0.0,,,,0.0,,,2015,2014-15,Bakersfield,bakersfield,joshstonepe59,Josh Stone
Apr 9,home,Antelope Valley,L,6-3,6,3,3,win,20150409_s21y,0,0,0,0,0.0,,,,0.0,,,2015,2014-15,Bakersfield,bakersfield,joshstonepe59,Josh Stone
Apr 18,home,Canyons,W,8-4,8,4,4,win,20150418_i4pe,0,0,0,0,0.0,,,,0.0,,,2015,2014-15,Bakersfield,bakersfield,joshstonepe59,Josh Stone
Apr 21,home,Canyons,L,7-5,7,5,2,win,20150421_rz4d,0,0,0,0,0.0,,,,0.0,,,2015,2014-15,Bakersfield,bakersfield,joshstonepe59,Josh Stone
Apr 23,home,LA Valley,W,6-2,6,2,4,win,20150423_zsyr,0,0,0,0,0.0,,,,0.0,,,2015,2014-15,Bakersfield,bakersfield,joshstonepe59,Josh Stone
Jan 29,home,Sequoias,W,8-1,8,1,7,win,20150129_cijw,0,0,0,0,0.0,,,,0.0,,,2015,2014-15,El Camino,elcamino,darriansylvesterj00x,Darrian Sylvester
Jan 30,home,Bakersfield,W,9-0,9,0,9,win,20150130_ukn8,0,0,0,0,0.0,,,,0.0,,,2015,2014-15,El Camino,elcamino,darriansylvesterj00x,Darrian Sylvester
Jan 31,home,Porterville,W,9-1,9,1,8,win,20150131_zyby,0,0,0,0,0.0,,,,0.0,,,2015,2014-15,El Camino,elcamino,darriansylvesterj00x,Darrian Sylvester
Feb 5,home,Southwestern,L,5-2,5,2,3,win,20150205_5r9o,0,0,0,0,0.0,,,,0.0,,,2015,2014-15,El Camino,elcamino,darriansylvesterj00x,Darrian Sylvester
Feb 7,home,LA Mission,W,3-1,3,1,2,win,20150207_au16,0,0,0,0,0.0,,,,0.0,,,2015,2014-15,El Camino,elcamino,darriansylvesterj00x,Darrian Sylvester
Feb 10,home,San Bernardino,W,16-3,16,3,13,win,20150210_8ekt,0,0,0,0,0.0,,,,0.0,,,2015,2014-15,El Camino,elcamino,darriansylvesterj00x,Darrian Sylvester
Feb 12,home,San Bernardino,W,5-0,5,0,5,win,20150212_2rez,0,0,0,0,0.0,,,,0.0,,,2015,2014-15,El Camino,elcamino,darriansylvesterj00x,Darrian Sylvester
Feb 14,home,San Bernardino,W,5-3,5,3,2,win,20150214_oxs8,0,0,0,0,0.0,,,,0.0,,,2015,2014-15,El Camino,elcamino,darriansylvesterj00x,Darrian Sylvester
Mar 3,home,Long Beach,L,5-4,5,4,1,win,20150303_f75j,0,0,0,0,0.0,,,,0.0,,,2015,2014-15,El Camino,elcamino,darriansylvesterj00x,Darrian Sylvester
Mar 10,home,El Camino-Compton Center,L,13-11,13,11,2,win,20150310_9sd1,0,0,0,0,0.0,,,,0.0,,,2015,2014-15,El Camino,elcamino,darriansylvesterj00x,Darrian Sylvester
Mar 12,home,El Camino-Compton Center,L,11-10,11,10,1,win,20150312_h8tp,0,0,0,0,0.0,,,,0.0,,,2015,2014-15,El Camino,elcamino,darriansylvesterj00x,Darrian Sylvester
Apr 7,home,LA Harbor,W,2-0,2,0,2,win,20150407_2pji,0,0,0,0,0.0,,,,0.0,,,2015,2014-15,El Camino,elcamino,darriansylvesterj00x,Darrian Sylvester
Apr 9,home,LA Harbor,W,10-9,10,9,1,win,20150409_93rf,0,0,0,0,0.0,,,,0.0,,,2015,2014-15,El Camino,elcamino,darriansylvesterj00x,Darrian Sylvester
Apr 11,home,LA Harbor,W,6-4,6,4,2,win,20150411_3bs3,0,0,0,0,0.0,,,,0.0,,,2015,2014-15,El Camino,elcamino,darriansylvesterj00x,Darrian Sylvester
Apr 14,home,Cerritos,W,6-0,6,0,6,win,20150414_se2j,0,0,0,0,0.0,,,,0.0,,,2015,2014-15,El Camino,elcamino,darriansylvesterj00x,Darrian Sylvester
Apr 16,home,Cerritos,L,10-2,10,2,8,win,20150416_e5ss,0,0,0,0,0.0,,,,0.0,,,2015,2014-15,El Camino,elcamino,darriansylvesterj00x,Darrian Sylvester
Apr 21,home,East Los Angeles,W,10-4,10,4,6,win,20150421_lqpx,0,0,0,0,0.0,,,,0.0,,,2015,2014-15,El Camino,elcamino,darriansylvesterj00x,Darrian Sylvester
Jan 27,home,Monterey,W,4-1,4,1,3,win,20150127_9f2m,0,0,0,0,0.0,,,,0.0,,,2015,2014-15,Reedley,reedley,alexsernabdg4,Alex Serna
Feb 3,home,De Anza,L,4-3,4,3,1,win,20150203_ux06,0,0,0,0,0.0,,,,0.0,,,2015,2014-15,Reedley,reedley,alexsernabdg4,Alex Serna
Feb 5,home,Hartnell,W,5-1,5,1,4,win,20150205_trml,0,0,0,0,0.0,,,,0.0,,,2015,2014-15,Reedley,reedley,alexsernabdg4,Alex Serna
Feb 6,home,Golden West,L,7-2,7,2,5,win,20150206_o7yk,0,0,0,0,0.0,,,,0.0,,,2015,2014-15,Reedley,reedley,alexsernabdg4,Alex Serna
Feb 6,home,Marin,W,3-2,3,2,1,win,20150206_ldwm,0,0,0,0,0.0,,,,0.0,,,2015,2014-15,Reedley,reedley,alexsernabdg4,Alex Serna
Feb 12,home,Modesto,L,2-1,2,1,1,win,20150212_2h76,0,0,0,0,0.0,,,,0.0,,,2015,2014-15,Reedley,reedley,alexsernabdg4,Alex Serna
Feb 17,home,Fresno City,L,7-3,7,3,4,win,20150217_p4wd,0,0,0,0,0.0,,,,0.0,,,2015,2014-15,Reedley,reedley,alexsernabdg4,Alex Serna
Feb 19,home,Fresno City,L,6-0,6,0,6,win,20150219_azzf,0,0,0,0,0.0,,,,0.0,,,2015,2014-15,Reedley,reedley,alexsernabdg4,Alex Serna
Feb 21,home,Fresno City,L,6-5,6,5,1,win,20150221_g9y0,0,0,0,0,0.0,,,,0.0,,,2015,2014-15,Reedley,reedley,alexsernabdg4,Alex Serna
Feb 24,home,Taft,W,8-2,8,2,6,win,20150224_ttow,0,0,0,0,0.0,,,,0.0,,,2015,2014-15,Reedley,reedley,alexsernabdg4,Alex Serna
Feb 26,home,Taft,W,8-1,8,1,7,win,20150226_grht,0,0,0,0,0.0,,,,0.0,,,2015,2014-15,Reedley,reedley,alexsernabdg4,Alex Serna
Feb 28,home,Taft,L,6-5,6,5,1,win,20150228_74p6,0,0,0,0,0.0,,,,0.0,,,2015,2014-15,Reedley,reedley,alexsernabdg4,Alex Serna
Mar 3,home,Merced,W,5-4,5,4,1,win,20150303_m2nz,0,0,0,0,0.0,,,,0.0,,,2015,2014-15,Reedley,reedley,alexsernabdg4,Alex Serna
Mar 5,home,Merced,L,4-3,4,3,1,win,20150305_ucfq,0,0,0,0,0.0,,,,0.0,,,2015,2014-15,Reedley,reedley,alexsernabdg4,Alex Serna
Mar 7,home,Merced,L,8-7,8,7,1,win,20150307_sx3l,0,0,0,0,0.0,,,,0.0,,,2015,2014-15,Reedley,reedley,alexsernabdg4,Alex Serna
Mar 17,home,Sequoias,L,9-1,9,1,8,win,20150317_u06t,0,0,0,0,0.0,,,,0.0,,,2015,2014-15,Reedley,reedley,alexsernabdg4,Alex Serna
Mar 19,home,Sequoias,L,8-0,8,0,8,win,20150319_6bw4,0,0,0,0,0.0,,,,0.0,,,2015,2014-15,Reedley,reedley,alexsernabdg4,Alex Serna
Mar 21,home,Sequoias,W,8-2,8,2,6,win,20150321_50m1,0,0,0,0,0.0,,,,0.0,,,2015,2014-15,Reedley,reedley,alexsernabdg4,Alex Serna
Mar 24,home,West Hills Coalinga,W,10-5,10,5,5,win,20150324_9ym4,0,0,0,0,0.0,,,,0.0,,,2015,2014-15,Reedley,reedley,alexsernabdg4,Alex Serna
Mar 26,home,West Hills Coalinga,W,3-2,3,2,1,win,20150326_nesi,0,0,0,0,0.0,,,,0.0,,,2015,2014-15,Reedley,reedley,alexsernabdg4,Alex Serna
Mar 28,home,West Hills Coalinga,W,9-8,9,8,1,win,20150328_33os,0,0,0,0,0.0,,,,0.0,,,2015,2014-15,Reedley,reedley,alexsernabdg4,Alex Serna
Mar 31,home,Saddleback,L,13-7,13,7,6,win,20150331_leeq,0,0,0,0,0.0,,,,0.0,,,2015,2014-15,Reedley,reedley,alexsernabdg4,Alex Serna
Apr 1,home,Bakersfield,L,5-3,5,3,2,win,20150401_3t1y,0,0,0,0,0.0,,,,0.0,,,2015,2014-15,Reedley,reedley,alexsernabdg4,Alex Serna
Apr 3,home,Santa Barbara,L,11-8,11,8,3,win,20150403_1oip,0,0,0,0,0.0,,,,0.0,,,2015,2014-15,Reedley,reedley,alexsernabdg4,Alex Serna
Apr 9,home,Porterville,W,5-2,5,2,3,win,20150409_gudn,0,0,0,0,0.0,,,,0.0,,,2015,2014-15,Reedley,reedley,alexsernabdg4,Alex Serna
Apr 10,home,Porterville,W,11-0,11,0,11,win,20150410_966u,0,0,0,0,0.0,,,,0.0,,,2015,2014-15,Reedley,reedley,alexsernabdg4,Alex Serna
Apr 11,home,Porterville,W,7-2,7,2,5,win,20150411_204e,0,0,0,0,0.0,,,,0.0,,,2015,2014-15,Reedley,reedley,alexsernabdg4,Alex Serna
Apr 14,home,Merced,L,10-5,10,5,5,win,20150414_j11g,0,0,0,0,0.0,,,,0.0,,,2015,2014-15,Reedley,reedley,alexsernabdg4,Alex Serna
Apr 16,home,Porterville,W,7-4,7,4,3,win,20150416_t3eo,0,0,0,0,0.0,,,,0.0,,,2015,2014-15,Reedley,reedley,alexsernabdg4,Alex Serna
Apr 18,home,Fresno City,W,9-6,9,6,3,win,20150418_6p1k,0,0,0,0,0.0,,,,0.0,,,2015,2014-15,Reedley,reedley,alexsernabdg4,Alex Serna
Apr 19,home,West Hills Coalinga,W,14-4,14,4,10,win,20150419_2l75,0,0,0,0,0.0,,,,0.0,,,2015,2014-15,Reedley,reedley,alexsernabdg4,Alex Serna
Apr 23,home,Taft,L,4-2,4,2,2,win,20150423_39h3,0,0,0,0,0.0,,,,0.0,,,2015,2014-15,Reedley,reedley,alexsernabdg4,Alex Serna
Apr 24,home,Sequoias,L,5-2,5,2,3,win,20150424_gh13,0,0,0,0,0.0,,,,0.0,,,2015,2014-15,Reedley,reedley,alexsernabdg4,Alex Serna
Jan 27,home,Citrus,L,9-8,9,8,1,win,20150127_j16s,0,0,0,0,0.0,,,,0.0,,,2015,2014-15,Rio Hondo,riohondo,jacobgrijalvaiqdw,JACOB GRIJALVA
Jan 29,home,Mt. San Jacinto,W,9-4,9,4,5,win,20150129_icbk,0,0,0,0,0.0,,,,0.0,,,2015,2014-15,Rio Hondo,riohondo,jacobgrijalvaiqdw,JACOB GRIJALVA
Jan 31,home,Glendale,W,4-3,4,3,1,win,20150131_9hv8,0,0,0,0,0.0,,,,0.0,,,2015,2014-15,Rio Hondo,riohondo,jacobgrijalvaiqdw,JACOB GRIJALVA
Feb 3,home,Canyons,W,2-1,2,1,1,win,20150203_ey3n,0,0,0,0,0.0,,,,0.0,,,2015,2014-15,Rio Hondo,riohondo,jacobgrijalvaiqdw,JACOB GRIJALVA
Feb 5,home,San Diego Mesa,W,13-3,13,3,10,win,20150205_qotk,0,0,0,0,0.0,,,,0.0,,,2015,2014-15,Rio Hondo,riohondo,jacobgrijalvaiqdw,JACOB GRIJALVA
Feb 7,home,Allan Hancock,W,7-2,7,2,5,win,20150207_rf6k,0,0,0,0,0.0,,,,0.0,,,2015,2014-15,Rio Hondo,riohondo,jacobgrijalvaiqdw,JACOB GRIJALVA
Feb 10,home,San Diego Mesa,W,9-5,9,5,4,win,20150210_bufx,0,0,0,0,0.0,,,,0.0,,,2015,2014-15,Rio Hondo,riohondo,jacobgrijalvaiqdw,JACOB GRIJALVA
Feb 12,home,Merced,W,7-5,7,5,2,win,20150212_yekh,0,0,0,0,0.0,,,,0.0,,,2015,2014-15,Rio Hondo,riohondo,jacobgrijalvaiqdw,JACOB GRIJALVA
Feb 14,home,Pasadena,W,9-4,9,4,5,win,20150214_hg0z,0,0,0,0,0.0,,,,0.0,,,2015,2014-15,Rio Hondo,riohondo,jacobgrijalvaiqdw,JACOB GRIJALVA
Feb 18,home,Mt. San Antonio,L,7-0,7,0,7,win,20150218_ywqz,0,0,0,0,0.0,,,,0.0,,,2015,2014-15,Rio Hondo,riohondo,jacobgrijalvaiqdw,JACOB GRIJALVA
Feb 21,home,Desert,W,13-2,13,2,11,win,20150221_dpqc,0,0,0,0,0.0,,,,0.0,,,2015,2014-15,Rio Hondo,riohondo,jacobgrijalvaiqdw,JACOB GRIJALVA
Feb 26,home,Victor Valley,W,12-9,12,9,3,win,20150226_l0ym,0,0,0,0,0.0,,,,0.0,,,2015,2014-15,Rio Hondo,riohondo,jacobgrijalvaiqdw,JACOB GRIJALVA
Feb 28,home,Barstow,L,9-8,9,8,1,win,20150228_6ifb,0,0,0,0,0.0,,,,0.0,,,2015,2014-15,Rio Hondo,riohondo,jacobgrijalvaiqdw,JACOB GRIJALVA
Mar 3,home,Chaffey,L,8-5,8,5,3,win,20150303_3yps,0,0,0,0,0.0,,,,0.0,,,2015,2014-15,Rio Hondo,riohondo,jacobgrijalvaiqdw,JACOB GRIJALVA
Mar 5,home,Cerro Coso,W,14-3,14,3,11,win,20150305_n0it,0,0,0,0,0.0,,,,0.0,,,2015,2014-15,Rio Hondo,riohondo,jacobgrijalvaiqdw,JACOB GRIJALVA
Mar 7,home,San Bernardino,W,6-5,6,5,1,win,20150307_1he3,0,0,0,0,0.0,,,,0.0,,,2015,2014-15,Rio Hondo,riohondo,jacobgrijalvaiqdw,JACOB GRIJALVA
Mar 10,home,Desert,W,5-1,5,1,4,win,20150310_8f1m,0,0,0,0,0.0,,,,0.0,,,2015,2014-15,Rio Hondo,riohondo,jacobgrijalvaiqdw,JACOB GRIJALVA
Mar 12,home,Desert,W,8-4,8,4,4,win,20150312_ryz8,0,0,0,0,0.0,,,,0.0,,,2015,2014-15,Rio Hondo,riohondo,jacobgrijalvaiqdw,JACOB GRIJALVA
Mar 14,home,Desert,W,11-2,11,2,9,win,20150314_m2cw,0,0,0,0,0.0,,,,0.0,,,2015,2014-15,Rio Hondo,riohondo,jacobgrijalvaiqdw,JACOB GRIJALVA
Mar 17,home,Moorpark,L,6-2,6,2,4,win,20150317_md2u,0,0,0,0,0.0,,,,0.0,,,2015,2014-15,Rio Hondo,riohondo,jacobgrijalvaiqdw,JACOB GRIJALVA
Mar 19,home,Cuesta,L,5-2,5,2,3,win,20150319_3xvf,0,0,0,0,0.0,,,,0.0,,,2015,2014-15,Rio Hondo,riohondo,jacobgrijalvaiqdw,JACOB GRIJALVA
Mar 24,home,Victor Valley,W,7-4,7,4,3,win,20150324_aocf,0,0,0,0,0.0,,,,0.0,,,2015,2014-15,Rio Hondo,riohondo,jacobgrijalvaiqdw,JACOB GRIJALVA
Mar 26,home,Victor Valley,W,12-6,12,6,6,win,20150326_75es,0,0,0,0,0.0,,,,0.0,,,2015,2014-15,Rio Hondo,riohondo,jacobgrijalvaiqdw,JACOB GRIJALVA
Mar 28,home,Victor Valley,W,8-6,8,6,2,win,20150328_3x03,0,0,0,0,0.0,,,,0.0,,,2015,2014-15,Rio Hondo,riohondo,jacobgrijalvaiqdw,JACOB GRIJALVA
Mar 31,home,Barstow,W,6-0,6,0,6,win,20150331_wvgg,0,0,0,0,0.0,,,,0.0,,,2015,2014-15,Rio Hondo,riohondo,jacobgrijalvaiqdw,JACOB GRIJALVA
Apr 2,home,Barstow,W,7-3,7,3,4,win,20150402_q4aa,0,0,0,0,0.0,,,,0.0,,,2015,2014-15,Rio Hondo,riohondo,jacobgrijalvaiqdw,JACOB GRIJALVA
Apr 4,home,Barstow,W,12-3,12,3,9,win,20150404_9imy,0,0,0,0,0.0,,,,0.0,,,2015,2014-15,Rio Hondo,riohondo,jacobgrijalvaiqdw,JACOB GRIJALVA
Apr 7,home,Chaffey,W,13-6,13,6,7,win,20150407_k9ef,0,0,0,0,0.0,,,,0.0,,,2015,2014-15,Rio Hondo,riohondo,jacobgrijalvaiqdw,JACOB GRIJALVA
Apr 9,home,Chaffey,L,6-4,6,4,2,win,20150409_tfim,0,0,0,0,0.0,,,,0.0,,,2015,2014-15,Rio Hondo,riohondo,jacobgrijalvaiqdw,JACOB GRIJALVA
Apr 11,home,Chaffey,L,6-1,6,1,5,win,20150411_rqp1,0,0,0,0,0.0,,,,0.0,,,2015,2014-15,Rio Hondo,riohondo,jacobgrijalvaiqdw,JACOB GRIJALVA
Apr 16,home,Cerro Coso,W,12-3,12,3,9,win,20150416_3nha,0,0,0,0,0.0,,,,0.0,,,2015,2014-15,Rio Hondo,riohondo,jacobgrijalvaiqdw,JACOB GRIJALVA
Apr 18,home,Cerro Coso,W,7-2,7,2,5,win,20150418_041v,0,0,0,0,0.0,,,,0.0,,,2015,2014-15,Rio Hondo,riohondo,jacobgrijalvaiqdw,JACOB GRIJALVA
Apr 21,home,San Bernardino,W,3-1,3,1,2,win,20150421_1hph,0,0,0,0,0.0,,,,0.0,,,2015,2014-15,Rio Hondo,riohondo,jacobgrijalvaiqdw,JACOB GRIJALVA
Apr 23,home,San Bernardino,L,21-7,21,7,14,win,20150423_n3uv,0,0,0,0,0.0,,,,0.0,,,2015,2014-15,Rio Hondo,riohondo,jacobgrijalvaiqdw,JACOB GRIJALVA
Apr 24,home,San Bernardino,L,1-0,1,0,1,win,20150424_pnyk,0,0,0,0,0.0,,,,0.0,,,2015,2014-15,Rio Hondo,riohondo,jacobgrijalvaiqdw,JACOB GRIJALVA
May 2,home,Santa Barbara,L,4-0,4,0,4,win,20150502_6yf4,0,0,0,0,0.0,,,,0.0,,,2015,2014-15,Rio Hondo,riohondo,jacobgrijalvaiqdw,JACOB GRIJALVA
Jan 30,home,San Mateo,W,6-1,6,1,5,win,20150130_3s9s,0,0,0,0,0.0,,,,0.0,,,2015,2014-15,Sierra,sierra,froysmith1yfc,Froy Smith
Feb 5,home,Shasta,L,8-0,8,0,8,win,20150205_zm8n,0,0,0,0,0.0,,,,0.0,,,2015,2014-15,Sierra,sierra,froysmith1yfc,Froy Smith
Feb 14,home,San Mateo,L,15-5,15,5,10,win,20150214_xh9g,0,0,0,0,0.0,,,,0.0,,,2015,2014-15,Sierra,sierra,froysmith1yfc,Froy Smith
Mar 3,home,San Joaquin  Delta,L,16-5,16,5,11,win,20150303_gd2o,0,0,0,0,0.0,,,,0.0,,,2015,2014-15,Sierra,sierra,froysmith1yfc,Froy Smith
Mar 5,home,Sacramento City,W,10-6,10,6,4,win,20150305_q4cf,0,0,0,0,0.0,,,,0.0,,,2015,2014-15,Sierra,sierra,froysmith1yfc,Froy Smith
Mar 6,home,Santa Rosa,L,2-0,2,0,2,win,20150306_shmr,0,0,0,0,0.0,,,,0.0,,,2015,2014-15,Sierra,sierra,froysmith1yfc,Froy Smith
Mar 12,home,Cosumnes River,L,7-1,7,1,6,win,20150312_1qp3,0,0,0,0,0.0,,,,0.0,,,2015,2014-15,Sierra,sierra,froysmith1yfc,Froy Smith
Apr 2,home,San Joaquin  Delta,L,7-1,7,1,6,win,20150402_mf2n,0,0,0,0,0.0,,,,0.0,,,2015,2014-15,Sierra,sierra,froysmith1yfc,Froy Smith
Apr 9,home,Modesto,W,5-4,5,4,1,win,20150409_40tk,0,0,0,0,0.0,,,,0.0,,,2015,2014-15,Sierra,sierra,froysmith1yfc,Froy Smith
Apr 14,home,American River,L,4-2,4,2,2,win,20150414_3erk,0,0,0,0,0.0,,,,0.0,,,2015,2014-15,Sierra,sierra,froysmith1yfc,Froy Smith
Apr 16,home,American River,L,7-1,7,1,6,win,20150416_ouxq,0,0,0,0,0.0,,,,0.0,,,2015,2014-15,Sierra,sierra,froysmith1yfc,Froy Smith
Apr 17,home,American River,W,4-2,4,2,2,win,20150417_xe75,0,0,0,0,0.0,,,,0.0,,,2015,2014-15,Sierra,sierra,froysmith1yfc,Froy Smith
Jan 31,home,Ohlone,L,6-5,6,5,1,win,20150131_5p0n,0,0,0,0,0.0,,,,0.0,,,2015,2014-15,Yuba,yuba,colehummelhtuv,Cole Hummel
Feb 4,home,Lassen,W,10-9,10,9,1,win,20150204_4d8u,0,0,0,0,0.0,,,,0.0,,,2015,2014-15,Yuba,yuba,colehummelhtuv,Cole Hummel
Feb 5,home,Lassen,W,11-3,11,3,8,win,20150205_fcwj,0,0,0,0,0.0,,,,0.0,,,2015,2014-15,Yuba,yuba,colehummelhtuv,Cole Hummel
Feb 5,home,Lassen,W,4-3,4,3,1,win,20150205_168a,0,0,0,0,0.0,,,,0.0,,,2015,2014-15,Yuba,yuba,colehummelhtuv,Cole Hummel
Feb 12,home,Feather River,L,10-1,10,1,9,win,20150212_tioz,0,0,0,0,0.0,,,,0.0,,,2015,2014-15,Yuba,yuba,colehummelhtuv,Cole Hummel
Feb 13,home,Cabrillo,L,10-7,10,7,3,win,20150213_g3ph,0,0,0,0,0.0,,,,0.0,,,2015,2014-15,Yuba,yuba,colehummelhtuv,Cole Hummel
Feb 14,home,West Valley,L,9-3,9,3,6,win,20150214_rdzh,0,0,0,0,0.0,,,,0.0,,,2015,2014-15,Yuba,yuba,colehummelhtuv,Cole Hummel
Feb 19,home,Redwoods,W,5-2,5,2,3,win,20150219_yj0c,0,0,0,0,0.0,,,,0.0,,,2015,2014-15,Yuba,yuba,colehummelhtuv,Cole Hummel
Feb 20,home,Redwoods,W,10-2,10,2,8,win,20150220_k6c5,0,0,0,0,0.0,,,,0.0,,,2015,2014-15,Yuba,yuba,colehummelhtuv,Cole Hummel
Feb 24,home,Marin,L,10-8,10,8,2,win,20150224_f8gd,0,0,0,0,0.0,,,,0.0,,,2015,2014-15,Yuba,yuba,colehummelhtuv,Cole Hummel
Feb 26,home,Marin,L,16-4,16,4,12,win,20150226_ejnc,0,0,0,0,0.0,,,,0.0,,,2015,2014-15,Yuba,yuba,colehummelhtuv,Cole Hummel
Mar 7,home,Los Medanos,L,16-7,16,7,9,win,20150307_9ng1,0,0,0,0,0.0,,,,0.0,,,2015,2014-15,Yuba,yuba,colehummelhtuv,Cole Hummel
Mar 10,home,Folsom Lake,L,13-6,13,6,7,win,20150310_050t,0,0,0,0,0.0,,,,0.0,,,2015,2014-15,Yuba,yuba,colehummelhtuv,Cole Hummel
Mar 26,home,Contra Costa,W,15-5,15,5,10,win,20150326_7s50,0,0,0,0,0.0,,,,0.0,,,2015,2014-15,Yuba,yuba,colehummelhtuv,Cole Hummel
Apr 2,home,Napa,L,5-3,5,3,2,win,20150402_cio7,0,0,0,0,0.0,,,,0.0,,,2015,2014-15,Yuba,yuba,colehummelhtuv,Cole Hummel
Apr 3,home,Napa,W,17-7,17,7,10,win,20150403_gco0,0,0,0,0,0.0,,,,0.0,,,2015,2014-15,Yuba,yuba,colehummelhtuv,Cole Hummel
Apr 10,home,Los Medanos,L,9-8,9,8,1,win,20150410_xa3j,0,0,0,0,0.0,,,,0.0,,,2015,2014-15,Yuba,yuba,colehummelhtuv,Cole Hummel
Apr 16,home,Laney,W,9-2,9,2,7,win,20150416_s0rn,0,0,0,0,0.0,,,,0.0,,,2015,2014-15,Yuba,yuba,colehummelhtuv,Cole Hummel
Jan 30,home,LA Pierce,L,9-6,9,6,3,win,20150130_junl,0,0,0,0,0.0,,,,0.0,,,2015,2014-15,East Los Angeles,eastlosangeles,samuelmedina5w74,Samuel Medina
Jan 31,home,Mt. San Jacinto,W,5-2,5,2,3,win,20150131_gwb5,0,0,0,0,0.0,,,,0.0,,,2015,2014-15,East Los Angeles,eastlosangeles,samuelmedina5w74,Samuel Medina
Feb 3,home,Moorpark,L,12-10,12,10,2,win,20150203_sppj,0,0,0,0,0.0,,,,0.0,,,2015,2014-15,East Los Angeles,eastlosangeles,samuelmedina5w74,Samuel Medina
Feb 6,home,Riverside,L,4-3,4,3,1,win,20150206_9rbe,0,0,0,0,0.0,,,,0.0,,,2015,2014-15,East Los Angeles,eastlosangeles,samuelmedina5w74,Samuel Medina
Feb 7,home,Riverside,L,9-2,9,2,7,win,20150207_tegn,0,0,0,0,0.0,,,,0.0,,,2015,2014-15,East Los Angeles,eastlosangeles,samuelmedina5w74,Samuel Medina
Feb 10,home,Santa Barbara,L,4-1,4,1,3,win,20150210_hwnm,0,0,0,0,0.0,,,,0.0,,,2015,2014-15,East Los Angeles,eastlosangeles,samuelmedina5w74,Samuel Medina
Feb 12,home,Santa Barbara,L,5-0,5,0,5,win,20150212_755v,0,0,0,0,0.0,,,,0.0,,,2015,2014-15,East Los Angeles,eastlosangeles,samuelmedina5w74,Samuel Medina
Feb 14,home,Citrus,W,3-1,3,1,2,win,20150214_lbze,0,0,0,0,0.0,,,,0.0,,,2015,2014-15,East Los Angeles,eastlosangeles,samuelmedina5w74,Samuel Medina
Feb 18,home,Victor Valley,W,11-5,11,5,6,win,20150218_jp05,0,0,0,0,0.0,,,,0.0,,,2015,2014-15,East Los Angeles,eastlosangeles,samuelmedina5w74,Samuel Medina
Feb 19,home,Southwestern,W,6-1,6,1,5,win,20150219_n49o,0,0,0,0,0.0,,,,0.0,,,2015,2014-15,East Los Angeles,eastlosangeles,samuelmedina5w74,Samuel Medina
Feb 20,home,Grossmont,W,5-3,5,3,2,win,20150220_zj06,0,0,0,0,0.0,,,,0.0,,,2015,2014-15,East Los Angeles,eastlosangeles,samuelmedina5w74,Samuel Medina
Feb 24,home,Glendale,W,2-1,2,1,1,win,20150224_2p9z,0,0,0,0,0.0,,,,0.0,,,2015,2014-15,East Los Angeles,eastlosangeles,samuelmedina5w74,Samuel Medina
Mar 3,home,El Camino-Compton Center,L,2-1,2,1,1,win,20150303_4okn,0,0,0,0,0.0,,,,0.0,,,2015,2014-15,East Los Angeles,eastlosangeles,samuelmedina5w74,Samuel Medina
Mar 5,home,El Camino-Compton Center,L,4-0,4,0,4,win,20150305_r3wx,0,0,0,0,0.0,,,,0.0,,,2015,2014-15,East Los Angeles,eastlosangeles,samuelmedina5w74,Samuel Medina
Mar 7,home,El Camino-Compton Center,W,10-3,10,3,7,win,20150307_22es,0,0,0,0,0.0,,,,0.0,,,2015,2014-15,East Los Angeles,eastlosangeles,samuelmedina5w74,Samuel Medina
Mar 10,home,Pasadena,L,8-7,8,7,1,win,20150310_18as,0,0,0,0,0.0,,,,0.0,,,2015,2014-15,East Los Angeles,eastlosangeles,samuelmedina5w74,Samuel Medina
Mar 12,home,Pasadena,L,5-4,5,4,1,win,20150312_trzc,0,0,0,0,0.0,,,,0.0,,,2015,2014-15,East Los Angeles,eastlosangeles,samuelmedina5w74,Samuel Medina
Mar 14,home,Pasadena,W,14-0,14,0,14,win,20150314_ei8a,0,0,0,0,0.0,,,,0.0,,,2015,2014-15,East Los Angeles,eastlosangeles,samuelmedina5w74,Samuel Medina
Mar 17,home,Mt. San Antonio,W,3-2,3,2,1,win,20150317_z9g7,0,0,0,0,0.0,,,,0.0,,,2015,2014-15,East Los Angeles,eastlosangeles,samuelmedina5w74,Samuel Medina
Mar 19,home,Mt. San Antonio,L,12-4,12,4,8,win,20150319_f06b,0,0,0,0,0.0,,,,0.0,,,2015,2014-15,East Los Angeles,eastlosangeles,samuelmedina5w74,Samuel Medina
Mar 21,home,Mt. San Antonio,W,1-0,1,0,1,win,20150321_g55p,0,0,0,0,0.0,,,,0.0,,,2015,2014-15,East Los Angeles,eastlosangeles,samuelmedina5w74,Samuel Medina
Mar 24,home,Long Beach,L,4-3,4,3,1,win,20150324_ktl9,0,0,0,0,0.0,,,,0.0,,,2015,2014-15,East Los Angeles,eastlosangeles,samuelmedina5w74,Samuel Medina
Mar 26,home,Long Beach,W,4-0,4,0,4,win,20150326_dsnu,0,0,0,0,0.0,,,,0.0,,,2015,2014-15,East Los Angeles,eastlosangeles,samuelmedina5w74,Samuel Medina
Mar 28,home,Long Beach,L,4-3,4,3,1,win,20150328_qbzu,0,0,0,0,0.0,,,,0.0,,,2015,2014-15,East Los Angeles,eastlosangeles,samuelmedina5w74,Samuel Medina
Mar 31,home,Allan Hancock,L,12-10,12,10,2,win,20150331_49gs,0,0,0,0,0.0,,,,0.0,,,2015,2014-15,East Los Angeles,eastlosangeles,samuelmedina5w74,Samuel Medina
Apr 1,home,Canyons,L,6-5,6,5,1,win,20150401_uk08,0,0,0,0,0.0,,,,0.0,,,2015,2014-15,East Los Angeles,eastlosangeles,samuelmedina5w74,Samuel Medina
Apr 2,home,Merced,L,7-1,7,1,6,win,20150402_62q7,0,0,0,0,0.0,,,,0.0,,,2015,2014-15,East Los Angeles,eastlosangeles,samuelmedina5w74,Samuel Medina
Apr 7,home,Cerritos,L,3-2,3,2,1,win,20150407_8uos,0,0,0,0,0.0,,,,0.0,,,2015,2014-15,East Los Angeles,eastlosangeles,samuelmedina5w74,Samuel Medina
Apr 9,home,Cerritos,L,6-1,6,1,5,win,20150409_jus8,0,0,0,0,0.0,,,,0.0,,,2015,2014-15,East Los Angeles,eastlosangeles,samuelmedina5w74,Samuel Medina
Apr 11,home,Cerritos,L,9-1,9,1,8,win,20150411_z29t,0,0,0,0,0.0,,,,0.0,,,2015,2014-15,East Los Angeles,eastlosangeles,samuelmedina5w74,Samuel Medina
Apr 14,home,LA Harbor,L,3-1,3,1,2,win,20150414_2tbr,0,0,0,0,0.0,,,,0.0,,,2015,2014-15,East Los Angeles,eastlosangeles,samuelmedina5w74,Samuel Medina
Apr 16,home,LA Harbor,W,5-4,5,4,1,win,20150416_r8d0,0,0,0,0,0.0,,,,0.0,,,2015,2014-15,East Los Angeles,eastlosangeles,samuelmedina5w74,Samuel Medina
Apr 18,home,LA Harbor,L,4-1,4,1,3,win,20150418_ofz1,0,0,0,0,0.0,,,,0.0,,,2015,2014-15,East Los Angeles,eastlosangeles,samuelmedina5w74,Samuel Medina
Apr 21,home,El Camino,L,10-4,10,4,6,win,20150421_lqpx,0,0,0,0,0.0,,,,0.0,,,2015,2014-15,East Los Angeles,eastlosangeles,samuelmedina5w74,Samuel Medina
Apr 23,home,El Camino,L,10-4,10,4,6,win,20150423_tten,0,0,0,0,0.0,,,,0.0,,,2015,2014-15,East Los Angeles,eastlosangeles,samuelmedina5w74,Samuel Medina
Apr 24,home,El Camino,L,9-6,9,6,3,win,20150424_52mz,0,0,0,0,0.0,,,,0.0,,,2015,2014-15,East Los Angeles,eastlosangeles,samuelmedina5w74,Samuel Medina
Jan 30,home,Mt. San Jacinto,W,6-4,6,4,2,win,20150130_3x10,0,0,0,0,0.0,,,,0.0,,,2015,2014-15,Mt. San Antonio,mtsanantonio,alekjimenez81on,Alek Jimenez
Jan 31,home,Canyons,W,6-5,6,5,1,win,20150131_sqg3,0,0,0,0,0.0,,,,0.0,,,2015,2014-15,Mt. San Antonio,mtsanantonio,alekjimenez81on,Alek Jimenez
Feb 5,home,LA Pierce,L,12-11,12,11,1,win,20150205_1j5k,0,0,0,0,0.0,,,,0.0,,,2015,2014-15,Mt. San Antonio,mtsanantonio,alekjimenez81on,Alek Jimenez
Feb 10,home,Mt. San Jacinto,W,10-2,10,2,8,win,20150210_1xal,0,0,0,0,0.0,,,,0.0,,,2015,2014-15,Mt. San Antonio,mtsanantonio,alekjimenez81on,Alek Jimenez
Feb 21,home,Santa Ana,L,5-4,5,4,1,win,20150221_yaeg,0,0,0,0,0.0,,,,0.0,,,2015,2014-15,Mt. San Antonio,mtsanantonio,alekjimenez81on,Alek Jimenez
Feb 23,home,Fullerton,L,5-1,5,1,4,win,20150223_imq0,0,0,0,0,0.0,,,,0.0,,,2015,2014-15,Mt. San Antonio,mtsanantonio,alekjimenez81on,Alek Jimenez
Mar 5,home,LA Harbor,W,9-5,9,5,4,win,20150305_u2v9,0,0,0,0,0.0,,,,0.0,,,2015,2014-15,Mt. San Antonio,mtsanantonio,alekjimenez81on,Alek Jimenez
Mar 7,home,LA Harbor,W,7-4,7,4,3,win,20150307_gzqp,0,0,0,0,0.0,,,,0.0,,,2015,2014-15,Mt. San Antonio,mtsanantonio,alekjimenez81on,Alek Jimenez
Mar 10,home,Cerritos,W,4-1,4,1,3,win,20150310_6krv,0,0,0,0,0.0,,,,0.0,,,2015,2014-15,Mt. San Antonio,mtsanantonio,alekjimenez81on,Alek Jimenez
Mar 12,home,Cerritos,L,1-0,1,0,1,win,20150312_f5ok,0,0,0,0,0.0,,,,0.0,,,2015,2014-15,Mt. San Antonio,mtsanantonio,alekjimenez81on,Alek Jimenez
Mar 14,home,Cerritos,L,4-1,4,1,3,win,20150314_e09f,0,0,0,0,0.0,,,,0.0,,,2015,2014-15,Mt. San Antonio,mtsanantonio,alekjimenez81on,Alek Jimenez
Mar 17,home,East Los Angeles,L,3-2,3,2,1,win,20150317_z9g7,0,0,0,0,0.0,,,,0.0,,,2015,2014-15,Mt. San Antonio,mtsanantonio,alekjimenez81on,Alek Jimenez
Mar 19,home,East Los Angeles,W,12-4,12,4,8,win,20150319_f06b,0,0,0,0,0.0,,,,0.0,,,2015,2014-15,Mt. San Antonio,mtsanantonio,alekjimenez81on,Alek Jimenez
Mar 21,home,East Los Angeles,L,1-0,1,0,1,win,20150321_g55p,0,0,0,0,0.0,,,,0.0,,,2015,2014-15,Mt. San Antonio,mtsanantonio,alekjimenez81on,Alek Jimenez
Mar 24,home,El Camino,L,6-5,6,5,1,win,20150324_8nom,0,0,0,0,0.0,,,,0.0,,,2015,2014-15,Mt. San Antonio,mtsanantonio,alekjimenez81on,Alek Jimenez
Mar 26,home,El Camino,W,4-3,4,3,1,win,20150326_qgjm,0,0,0,0,0.0,,,,0.0,,,2015,2014-15,Mt. San Antonio,mtsanantonio,alekjimenez81on,Alek Jimenez
Mar 28,home,El Camino,L,6-1,6,1,5,win,20150328_d9ru,0,0,0,0,0.0,,,,0.0,,,2015,2014-15,Mt. San Antonio,mtsanantonio,alekjimenez81on,Alek Jimenez
Mar 31,home,Citrus,L,4-2,4,2,2,win,20150331_z0sv,0,0,0,0,0.0,,,,0.0,,,2015,2014-15,Mt. San Antonio,mtsanantonio,alekjimenez81on,Alek Jimenez
Apr 9,home,Long Beach,L,1-0,1,0,1,win,20150409_wdo5,0,0,0,0,0.0,,,,0.0,,,2015,2014-15,Mt. San Antonio,mtsanantonio,alekjimenez81on,Alek Jimenez
Apr 11,home,Long Beach,W,10-8,10,8,2,win,20150411_jyee,0,0,0,0,0.0,,,,0.0,,,2015,2014-15,Mt. San Antonio,mtsanantonio,alekjimenez81on,Alek Jimenez
Apr 14,home,El Camino-Compton Center,W,10-6,10,6,4,win,20150414_tecz,0,0,0,0,0.0,,,,0.0,,,2015,2014-15,Mt. San Antonio,mtsanantonio,alekjimenez81on,Alek Jimenez
Apr 16,home,El Camino-Compton Center,W,7-3,7,3,4,win,20150416_7bjj,0,0,0,0,0.0,,,,0.0,,,2015,2014-15,Mt. San Antonio,mtsanantonio,alekjimenez81on,Alek Jimenez
Apr 18,home,El Camino-Compton Center,L,8-7,8,7,1,win,20150418_ndf8,0,0,0,0,0.0,,,,0.0,,,2015,2014-15,Mt. San Antonio,mtsanantonio,alekjimenez81on,Alek Jimenez
Apr 21,home,Pasadena,L,2-0,2,0,2,win,20150421_6z6p,0,0,0,0,0.0,,,,0.0,,,2015,2014-15,Mt. San Antonio,mtsanantonio,alekjimenez81on,Alek Jimenez
Apr 23,home,Pasadena,L,11-4,11,4,7,win,20150423_x1jh,0,0,0,0,0.0,,,,0.0,,,2015,2014-15,Mt. San Antonio,mtsanantonio,alekjimenez81on,Alek Jimenez
Jan 27,home,Irvine Valley,L,12-0,12,0,12,win,20150127_jb0o,0,0,0,0,0.0,,,,0.0,,,2015,2014-15,Imperial Valley,imperialvalley,stevenpanelawwkw,Steven Panela
Jan 29,home,LA Harbor,L,9-3,9,3,6,win,20150129_l6a5,0,0,0,0,0.0,,,,0.0,,,2015,2014-15,Imperial Valley,imperialvalley,stevenpanelawwkw,Steven Panela
Feb 5,home,Santa Ana,L,18-7,18,7,11,win,20150205_gn8z,0,0,0,0,0.0,,,,0.0,,,2015,2014-15,Imperial Valley,imperialvalley,stevenpanelawwkw,Steven Panela
Feb 6,home,Irvine Valley,W,7-3,7,3,4,win,20150206_ez3z,0,0,0,0,0.0,,,,0.0,,,2015,2014-15,Imperial Valley,imperialvalley,stevenpanelawwkw,Steven Panela
Feb 7,home,Cerro Coso,W,2-0,2,0,2,win,20150207_7yy8,1,1,0,0,7.0,3.0,0.0,0.0,0.0,2.0,5.0,2015,2014-15,Imperial Valley,imperialvalley,stevenpanelawwkw,Steven Panela
Feb 10,home,Cerro Coso,L,14-12,14,12,2,win,20150210_q3mw,0,0,0,0,0.0,,,,0.0,,,2015,2014-15,Imperial Valley,imperialvalley,stevenpanelawwkw,Steven Panela
Feb 12,home,Barstow,L,2-0,2,0,2,win,20150212_q87k,0,0,0,0,0.0,,,,0.0,,,2015,2014-15,Imperial Valley,imperialvalley,stevenpanelawwkw,Steven Panela
Feb 14,home,Barstow,W,4-2,4,2,2,win,20150214_trua,0,0,0,0,1.0,2.0,2.0,2.0,18.0,,,2015,2014-15,Imperial Valley,imperialvalley,stevenpanelawwkw,Steven Panela
Feb 18,home,El Camino-Compton Center,L,6-3,6,3,3,win,20150218_pskx,1,0,1,0,5.2,8.0,4.0,2.0,3.18,0.0,1.0,2015,2014-15,Imperial Valley,imperialvalley,stevenpanelawwkw,Steven Panela
Feb 19,home,El Camino,L,5-3,5,3,2,win,20150219_500q,0,0,0,0,0.0,,,,0.0,,,2015,2014-15,Imperial Valley,imperialvalley,stevenpanelawwkw,Steven Panela
Feb 21,home,Mt. San Jacinto,L,8-5,8,5,3,win,20150221_if58,0,0,0,0,0.0,,,,0.0,,,2015,2014-15,Imperial Valley,imperialvalley,stevenpanelawwkw,Steven Panela
Feb 24,home,Grossmont,L,8-4,8,4,4,win,20150224_8vh8,1,0,0,0,6.2,10.0,7.0,4.0,5.4,2.0,1.0,2015,2014-15,Imperial Valley,imperialvalley,stevenpanelawwkw,Steven Panela
Feb 26,home,Palomar,L,12-1,12,1,11,win,20150226_h4fy,0,0,0,0,0.0,,,,0.0,,,2015,2014-15,Imperial Valley,imperialvalley,stevenpanelawwkw,Steven Panela
Feb 28,home,Southwestern,W,5-4,5,4,1,win,20150228_tzh6,0,0,0,0,0.0,,,,0.0,,,2015,2014-15,Imperial Valley,imperialvalley,stevenpanelawwkw,Steven Panela
Mar 3,home,San Diego Mesa,L,4-3,4,3,1,win,20150303_izuy,1,0,0,0,9.0,7.0,3.0,1.0,1.0,1.0,3.0,2015,2014-15,Imperial Valley,imperialvalley,stevenpanelawwkw,Steven Panela
Mar 5,home,San Diego City,W,5-3,5,3,2,win,20150305_jl50,0,0,0,0,0.0,,,,0.0,,,2015,2014-15,Imperial Valley,imperialvalley,stevenpanelawwkw,Steven Panela
Mar 10,home,Mt. San Jacinto,L,13-4,13,4,9,win,20150310_grq5,0,0,0,0,0.0,,,,0.0,,,2015,2014-15,Imperial Valley,imperialvalley,stevenpanelawwkw,Steven Panela
Mar 12,home,Mt. San Jacinto,L,11-0,11,0,11,win,20150312_69cg,0,0,0,0,0.0,,,,0.0,,,2015,2014-15,Imperial Valley,imperialvalley,stevenpanelawwkw,Steven Panela
Mar 13,home,Mt. San Jacinto,L,9-4,9,4,5,win,20150313_9a35,0,0,0,0,0.0,,,,0.0,,,2015,2014-15,Imperial Valley,imperialvalley,stevenpanelawwkw,Steven Panela
Mar 17,home,Grossmont,W,10-9,10,9,1,win,20150317_loc3,0,0,0,0,0.0,,,,0.0,,,2015,2014-15,Imperial Valley,imperialvalley,stevenpanelawwkw,Steven Panela
Mar 19,home,Grossmont,L,5-1,5,1,4,win,20150319_ml9q,0,0,0,0,0.0,,,,0.0,,,2015,2014-15,Imperial Valley,imperialvalley,stevenpanelawwkw,Steven Panela
Mar 20,home,Grossmont,L,7-4,7,4,3,win,20150320_n7us,0,0,0,0,0.0,,,,0.0,,,2015,2014-15,Imperial Valley,imperialvalley,stevenpanelawwkw,Steven Panela
Mar 24,home,Palomar,L,7-1,7,1,6,win,20150324_kvgr,0,0,0,0,0.0,,,,0.0,,,2015,2014-15,Imperial Valley,imperialvalley,stevenpanelawwkw,Steven Panela
Mar 26,home,Palomar,L,15-3,15,3,12,win,20150326_nq6i,1,0,1,0,5.2,9.0,9.0,9.0,14.29,2.0,0.0,2015,2014-15,Imperial Valley,imperialvalley,stevenpanelawwkw,Steven Panela
Mar 27,home,Palomar,L,2-0,2,0,2,win,20150327_fida,0,0,0,0,0.0,,,,0.0,,,2015,2014-15,Imperial Valley,imperialvalley,stevenpanelawwkw,Steven Panela
Mar 31,home,Southwestern,L,11-0,11,0,11,win,20150331_6xy3,0,0,0,0,0.0,,,,0.0,,,2015,2014-15,Imperial Valley,imperialvalley,stevenpanelawwkw,Steven Panela
Apr 2,home,Southwestern,L,3-1,3,1,2,win,20150402_y38j,0,0,0,0,0.0,,,,0.0,,,2015,2014-15,Imperial Valley,imperialvalley,stevenpanelawwkw,Steven Panela
Apr 3,home,Southwestern,L,14-2,14,2,12,win,20150403_x0od,0,0,0,0,0.0,,,,0.0,,,2015,2014-15,Imperial Valley,imperialvalley,stevenpanelawwkw,Steven Panela
Apr 7,home,San Diego Mesa,W,8-6,8,6,2,win,20150407_j4ha,0,0,0,0,1.0,3.0,4.0,4.0,36.0,,,2015,2014-15,Imperial Valley,imperialvalley,stevenpanelawwkw,Steven Panela
Apr 9,home,San Diego Mesa,L,20-4,20,4,16,win,20150409_69u6,0,0,0,0,0.0,,,,0.0,,,2015,2014-15,Imperial Valley,imperialvalley,stevenpanelawwkw,Steven Panela
Apr 10,home,San Diego Mesa,L,8-4,8,4,4,win,20150410_wb4a,0,0,0,0,0.0,,,,0.0,,,2015,2014-15,Imperial Valley,imperialvalley,stevenpanelawwkw,Steven Panela
Apr 14,home,San Diego City,L,12-7,12,7,5,win,20150414_s13b,0,0,0,0,1.0,2.0,2.0,1.0,9.0,,1.0,2015,2014-15,Imperial Valley,imperialvalley,stevenpanelawwkw,Steven Panela
Apr 16,home,San Diego City,L,7-6,7,6,1,win,20150416_34ea,0,0,0,0,0.0,,,,0.0,,,2015,2014-15,Imperial Valley,imperialvalley,stevenpanelawwkw,Steven Panela
Apr 17,home,San Diego City,L,7-0,7,0,7,win,20150417_7oj3,0,0,0,0,2.0,5.0,4.0,,0.0,,,2015,2014-15,Imperial Valley,imperialvalley,stevenpanelawwkw,Steven Panela
Jan 30,home,Folsom Lake,L,14-9,14,9,5,win,20150130_cke7,0,0,0,0,0.0,,,,0.0,,,2015,2014-15,Butte,butte,ryanrodriguez4dai,Ryan Rodriguez
Jan 31,home,Folsom Lake,L,7-2,7,2,5,win,20150131_nt7f,0,0,0,0,0.0,,,,0.0,,,2015,2014-15,Butte,butte,ryanrodriguez4dai,Ryan Rodriguez
Feb 4,home,Napa,W,8-6,8,6,2,win,20150204_7omn,0,0,0,0,0.0,,,,0.0,,,2015,2014-15,Butte,butte,ryanrodriguez4dai,Ryan Rodriguez
Feb 5,home,Napa,L,6-5,6,5,1,win,20150205_of3h,0,0,0,0,0.0,,,,0.0,,,2015,2014-15,Butte,butte,ryanrodriguez4dai,Ryan Rodriguez
Feb 13,home,Mendocino,W,12-2,12,2,10,win,20150213_55u9,0,0,0,0,0.0,,,,0.0,,,2015,2014-15,Butte,butte,ryanrodriguez4dai,Ryan Rodriguez
Feb 14,home,Mendocino,W,11-3,11,3,8,win,20150214_o7j7,0,0,0,0,0.0,,,,0.0,,,2015,2014-15,Butte,butte,ryanrodriguez4dai,Ryan Rodriguez
Feb 14,home,Mendocino,W,6-5,6,5,1,win,20150214_18a8,0,0,0,0,0.0,,,,0.0,,,2015,2014-15,Butte,butte,ryanrodriguez4dai,Ryan Rodriguez
Feb 19,home,Sacramento City,L,10-2,10,2,8,win,20150219_cefi,0,0,0,0,0.0,,,,0.0,,,2015,2014-15,Butte,butte,ryanrodriguez4dai,Ryan Rodriguez
Feb 20,home,Sacramento City,L,4-2,4,2,2,win,20150220_a6gb,0,0,0,0,0.0,,,,0.0,,,2015,2014-15,Butte,butte,ryanrodriguez4dai,Ryan Rodriguez
Feb 21,home,Sacramento City,L,9-3,9,3,6,win,20150221_hv9f,0,0,0,0,0.0,,,,0.0,,,2015,2014-15,Butte,butte,ryanrodriguez4dai,Ryan Rodriguez
Feb 27,home,Redwoods,W,11-3,11,3,8,win,20150227_nf32,0,0,0,0,0.0,,,,0.0,,,2015,2014-15,Butte,butte,ryanrodriguez4dai,Ryan Rodriguez
Feb 28,home,Redwoods,W,10-0,10,0,10,win,20150228_rskn,0,0,0,0,0.0,,,,0.0,,,2015,2014-15,Butte,butte,ryanrodriguez4dai,Ryan Rodriguez
Feb 28,home,Redwoods,W,15-10,15,10,5,win,20150228_5nxe,0,0,0,0,0.0,,,,0.0,,,2015,2014-15,Butte,butte,ryanrodriguez4dai,Ryan Rodriguez
Mar 6,home,Lassen,W,10-4,10,4,6,win,20150306_psik,0,0,0,0,0.0,,,,0.0,,,2015,2014-15,Butte,butte,ryanrodriguez4dai,Ryan Rodriguez
Mar 7,home,Lassen,W,15-1,15,1,14,win,20150307_zrjh,0,0,0,0,0.0,,,,0.0,,,2015,2014-15,Butte,butte,ryanrodriguez4dai,Ryan Rodriguez
Mar 7,home,Lassen,L,7-5,7,5,2,win,20150307_0f88,0,0,0,0,0.0,,,,0.0,,,2015,2014-15,Butte,butte,ryanrodriguez4dai,Ryan Rodriguez
Mar 13,home,Shasta,L,7-6,7,6,1,win,20150313_zdls,0,0,0,0,0.0,,,,0.0,,,2015,2014-15,Butte,butte,ryanrodriguez4dai,Ryan Rodriguez
Mar 14,home,Shasta,W,11-4,11,4,7,win,20150314_89jr,0,0,0,0,0.0,,,,0.0,,,2015,2014-15,Butte,butte,ryanrodriguez4dai,Ryan Rodriguez
Mar 14,home,Shasta,L,12-4,12,4,8,win,20150314_fqcm,0,0,0,0,0.0,,,,0.0,,,2015,2014-15,Butte,butte,ryanrodriguez4dai,Ryan Rodriguez
Mar 20,home,Feather River,W,13-10,13,10,3,win,20150320_gepq,0,0,0,0,0.0,,,,0.0,,,2015,2014-15,Butte,butte,ryanrodriguez4dai,Ryan Rodriguez
Mar 21,home,Feather River,L,7-1,7,1,6,win,20150321_ybt5,0,0,0,0,0.0,,,,0.0,,,2015,2014-15,Butte,butte,ryanrodriguez4dai,Ryan Rodriguez
Mar 21,home,Feather River,L,6-2,6,2,4,win,20150321_w3ya,0,0,0,0,0.0,,,,0.0,,,2015,2014-15,Butte,butte,ryanrodriguez4dai,Ryan Rodriguez
Mar 26,home,Siskiyous,W,21-8,21,8,13,win,20150326_7s2i,0,0,0,0,0.0,,,,0.0,,,2015,2014-15,Butte,butte,ryanrodriguez4dai,Ryan Rodriguez
Mar 28,home,Siskiyous,W,10-1,10,1,9,win,20150328_43uk,0,0,0,0,0.0,,,,0.0,,,2015,2014-15,Butte,butte,ryanrodriguez4dai,Ryan Rodriguez
Mar 28,home,Siskiyous,W,11-1,11,1,10,win,20150328_8w6x,0,0,0,0,0.0,,,,0.0,,,2015,2014-15,Butte,butte,ryanrodriguez4dai,Ryan Rodriguez
Apr 3,home,Redwoods,W,7-0,7,0,7,win,20150403_ibj9,0,0,0,0,0.0,,,,0.0,,,2015,2014-15,Butte,butte,ryanrodriguez4dai,Ryan Rodriguez
Apr 3,home,Redwoods,L,6-5,6,5,1,win,20150403_a023,0,0,0,0,0.0,,,,0.0,,,2015,2014-15,Butte,butte,ryanrodriguez4dai,Ryan Rodriguez
Apr 8,home,Lassen,W,6-4,6,4,2,win,20150408_s6uz,0,0,0,0,0.0,,,,0.0,,,2015,2014-15,Butte,butte,ryanrodriguez4dai,Ryan Rodriguez
Apr 8,home,Lassen,W,3-1,3,1,2,win,20150408_8iam,0,0,0,0,0.0,,,,0.0,,,2015,2014-15,Butte,butte,ryanrodriguez4dai,Ryan Rodriguez
Apr 11,home,Shasta,W,6-5,6,5,1,win,20150411_5e12,0,0,0,0,0.0,,,,0.0,,,2015,2014-15,Butte,butte,ryanrodriguez4dai,Ryan Rodriguez
Apr 11,home,Shasta,W,11-7,11,7,4,win,20150411_i06c,0,0,0,0,0.0,,,,0.0,,,2015,2014-15,Butte,butte,ryanrodriguez4dai,Ryan Rodriguez
Apr 13,home,Napa,W,17-14,17,14,3,win,20150413_e2kk,0,0,0,0,0.0,,,,0.0,,,2015,2014-15,Butte,butte,ryanrodriguez4dai,Ryan Rodriguez
Apr 18,home,Feather River,W,4-1,4,1,3,win,20150418_77xo,0,0,0,0,0.0,,,,0.0,,,2015,2014-15,Butte,butte,ryanrodriguez4dai,Ryan Rodriguez
Apr 18,home,Feather River,L,5-3,5,3,2,win,20150418_up5q,0,0,0,0,0.0,,,,0.0,,,2015,2014-15,Butte,butte,ryanrodriguez4dai,Ryan Rodriguez
Apr 23,home,Siskiyous,W,4-2,4,2,2,win,20150423_ak0b,0,0,0,0,0.0,,,,0.0,,,2015,2014-15,Butte,butte,ryanrodriguez4dai,Ryan Rodriguez
Apr 23,home,Siskiyous,W,3-2,3,2,1,win,20150423_h1kn,0,0,0,0,0.0,,,,0.0,,,2015,2014-15,Butte,butte,ryanrodriguez4dai,Ryan Rodriguez
May 1,home,Santa Rosa,L,8-0,8,0,8,win,20150501_kvqv,0,0,0,0,0.0,,,,0.0,,,2015,2014-15,Butte,butte,ryanrodriguez4dai,Ryan Rodriguez
May 2,home,Santa Rosa,L,5-1,5,1,4,win,20150502_hk7t,0,0,0,0,0.0,,,,0.0,,,2015,2014-15,Butte,butte,ryanrodriguez4dai,Ryan Rodriguez
Jan 27,home,San Joaquin  Delta,L,3-2,3,2,1,win,20150127_x6vg,0,0,0,0,0.0,,,,0.0,,,2015,2014-15,Gavilan,gavilan,brennanwilson52t2,Brennan Wilson
Jan 29,home,Lassen,W,9-6,9,6,3,win,20150129_pwpb,0,0,0,0,0.0,,,,0.0,,,2015,2014-15,Gavilan,gavilan,brennanwilson52t2,Brennan Wilson
Jan 30,home,Lassen,W,5-1,5,1,4,win,20150130_gk4g,0,0,0,0,0.0,,,,0.0,,,2015,2014-15,Gavilan,gavilan,brennanwilson52t2,Brennan Wilson
Jan 31,home,Lassen,W,3-2,3,2,1,win,20150131_fe5o,0,0,0,0,0.0,,,,0.0,,,2015,2014-15,Gavilan,gavilan,brennanwilson52t2,Brennan Wilson
Feb 3,home,San Francisco,W,1-0,1,0,1,win,20150203_9t67,0,0,0,0,0.0,,,,0.0,,,2015,2014-15,Gavilan,gavilan,brennanwilson52t2,Brennan Wilson
Feb 5,home,Mendocino,W,6-1,6,1,5,win,20150205_uvtn,0,0,0,0,0.0,,,,0.0,,,2015,2014-15,Gavilan,gavilan,brennanwilson52t2,Brennan Wilson
Feb 13,home,Folsom Lake,W,6-0,6,0,6,win,20150213_wmh8,0,0,0,0,0.0,,,,0.0,,,2015,2014-15,Gavilan,gavilan,brennanwilson52t2,Brennan Wilson
Feb 14,home,Folsom Lake,L,13-4,13,4,9,win,20150214_torj,0,0,0,0,0.0,,,,0.0,,,2015,2014-15,Gavilan,gavilan,brennanwilson52t2,Brennan Wilson
Feb 17,home,Folsom Lake,L,6-1,6,1,5,win,20150217_vmww,0,0,0,0,0.0,,,,0.0,,,2015,2014-15,Gavilan,gavilan,brennanwilson52t2,Brennan Wilson
Feb 19,home,San Mateo,W,6-3,6,3,3,win,20150219_0ip0,0,0,0,0,0.0,,,,0.0,,,2015,2014-15,Gavilan,gavilan,brennanwilson52t2,Brennan Wilson
Feb 21,home,San Francisco,W,9-1,9,1,8,win,20150221_4r3t,0,0,0,0,0.0,,,,0.0,,,2015,2014-15,Gavilan,gavilan,brennanwilson52t2,Brennan Wilson
Feb 24,home,Ohlone,W,3-2,3,2,1,win,20150224_4eq2,0,0,0,0,0.0,,,,0.0,,,2015,2014-15,Gavilan,gavilan,brennanwilson52t2,Brennan Wilson
Feb 26,home,Monterey,W,2-0,2,0,2,win,20150226_lxo2,0,0,0,0,0.0,,,,0.0,,,2015,2014-15,Gavilan,gavilan,brennanwilson52t2,Brennan Wilson
Mar 3,home,Canada,W,8-0,8,0,8,win,20150303_51h4,0,0,0,0,0.0,,,,0.0,,,2015,2014-15,Gavilan,gavilan,brennanwilson52t2,Brennan Wilson
Mar 5,home,Skyline,L,3-2,3,2,1,win,20150305_cryd,0,0,0,0,0.0,,,,0.0,,,2015,2014-15,Gavilan,gavilan,brennanwilson52t2,Brennan Wilson
Mar 7,home,San Mateo,L,5-4,5,4,1,win,20150307_gxfm,0,0,0,0,0.0,,,,0.0,,,2015,2014-15,Gavilan,gavilan,brennanwilson52t2,Brennan Wilson
Mar 12,home,Hartnell,W,8-3,8,3,5,win,20150312_coa7,0,0,0,0,0.0,,,,0.0,,,2015,2014-15,Gavilan,gavilan,brennanwilson52t2,Brennan Wilson
Mar 14,home,Cabrillo,W,3-2,3,2,1,win,20150314_0j56,0,0,0,0,0.0,,,,0.0,,,2015,2014-15,Gavilan,gavilan,brennanwilson52t2,Brennan Wilson
Mar 17,home,San Francisco,L,2-1,2,1,1,win,20150317_nlfo,0,0,0,0,0.0,,,,0.0,,,2015,2014-15,Gavilan,gavilan,brennanwilson52t2,Brennan Wilson
Mar 19,home,West Valley,L,14-4,14,4,10,win,20150319_xhws,0,0,0,0,0.0,,,,0.0,,,2015,2014-15,Gavilan,gavilan,brennanwilson52t2,Brennan Wilson
Mar 20,home,Canada,W,8-7,8,7,1,win,20150320_ftp4,0,0,0,0,0.0,,,,0.0,,,2015,2014-15,Gavilan,gavilan,brennanwilson52t2,Brennan Wilson
Mar 26,home,Cabrillo,W,11-10,11,10,1,win,20150326_rpml,0,0,0,0,0.0,,,,0.0,,,2015,2014-15,Gavilan,gavilan,brennanwilson52t2,Brennan Wilson
Mar 28,home,Monterey,W,3-2,3,2,1,win,20150328_rlr0,0,0,0,0,0.0,,,,0.0,,,2015,2014-15,Gavilan,gavilan,brennanwilson52t2,Brennan Wilson
Mar 31,home,Chabot,L,17-11,17,11,6,win,20150330_cog5,0,0,0,0,0.0,,,,0.0,,,2015,2014-15,Gavilan,gavilan,brennanwilson52t2,Brennan Wilson
Apr 4,home,Ohlone,W,2-1,2,1,1,win,20150404_tmdj,0,0,0,0,0.0,,,,0.0,,,2015,2014-15,Gavilan,gavilan,brennanwilson52t2,Brennan Wilson
Apr 9,home,Ohlone,W,5-4,5,4,1,win,20150409_fso3,0,0,0,0,0.0,,,,0.0,,,2015,2014-15,Gavilan,gavilan,brennanwilson52t2,Brennan Wilson
Apr 11,home,Monterey,W,3-1,3,1,2,win,20150411_vmrr,0,0,0,0,0.0,,,,0.0,,,2015,2014-15,Gavilan,gavilan,brennanwilson52t2,Brennan Wilson
Apr 14,home,Canada,W,10-5,10,5,5,win,20150414_7q0s,0,0,0,0,0.0,,,,0.0,,,2015,2014-15,Gavilan,gavilan,brennanwilson52t2,Brennan Wilson
Apr 16,home,Mission,W,11-5,11,5,6,win,20150416_mqgu,0,0,0,0,0.0,,,,0.0,,,2015,2014-15,Gavilan,gavilan,brennanwilson52t2,Brennan Wilson
Apr 18,home,Skyline,W,8-0,8,0,8,win,20150418_aaqe,0,0,0,0,0.0,,,,0.0,,,2015,2014-15,Gavilan,gavilan,brennanwilson52t2,Brennan Wilson
Apr 23,home,Hartnell,W,10-5,10,5,5,win,20150423_7x2x,0,0,0,0,0.0,,,,0.0,,,2015,2014-15,Gavilan,gavilan,brennanwilson52t2,Brennan Wilson
May 1,home,Cosumnes River,L,6-2,6,2,4,win,20150501_l21p,0,0,0,0,0.0,,,,0.0,,,2015,2014-15,Gavilan,gavilan,brennanwilson52t2,Brennan Wilson
May 2,home,Cosumnes River,L,4-2,4,2,2,win,20150502_8j9n,0,0,0,0,0.0,,,,0.0,,,2015,2014-15,Gavilan,gavilan,brennanwilson52t2,Brennan Wilson
Feb 4,home,American River,L,9-1,9,1,8,win,20150204_f3vd,0,0,0,0,0.0,,,,0.0,,,2015,2014-15,Shasta,shasta,lukekellyfgmh,Luke Kelly
Feb 12,home,Skyline,L,14-7,14,7,7,win,20150212_nr7o,0,0,0,0,0.0,,,,0.0,,,2015,2014-15,Shasta,shasta,lukekellyfgmh,Luke Kelly
Feb 14,home,Skyline,L,7-2,7,2,5,win,20150214_awn9,0,0,0,0,0.0,,,,0.0,,,2015,2014-15,Shasta,shasta,lukekellyfgmh,Luke Kelly
Feb 18,home,American River,L,17-6,17,6,11,win,20150218_ppf0,0,0,0,0,0.0,,,,0.0,,,2015,2014-15,Shasta,shasta,lukekellyfgmh,Luke Kelly
Feb 19,home,Napa,W,5-3,5,3,2,win,20150219_8ec2,0,0,0,0,0.0,,,,0.0,,,2015,2014-15,Shasta,shasta,lukekellyfgmh,Luke Kelly
Feb 20,home,Napa,L,11-6,11,6,5,win,20150220_og3o,0,0,0,0,0.0,,,,0.0,,,2015,2014-15,Shasta,shasta,lukekellyfgmh,Luke Kelly
Feb 21,home,Napa,L,6-0,6,0,6,win,20150221_hfhn,0,0,0,0,0.0,,,,0.0,,,2015,2014-15,Shasta,shasta,lukekellyfgmh,Luke Kelly
Feb 24,home,Cosumnes River,L,20-13,20,13,7,win,20150224_yrwb,0,0,0,0,0.0,,,,0.0,,,2015,2014-15,Shasta,shasta,lukekellyfgmh,Luke Kelly
Feb 27,home,Lassen,L,14-2,14,2,12,win,20150227_ig47,0,0,0,0,0.0,,,,0.0,,,2015,2014-15,Shasta,shasta,lukekellyfgmh,Luke Kelly
Feb 28,home,Lassen,L,6-2,6,2,4,win,20150228_l0uq,0,0,0,0,0.0,,,,0.0,,,2015,2014-15,Shasta,shasta,lukekellyfgmh,Luke Kelly
Mar 7,home,Siskiyous,W,6-5,6,5,1,win,20150307_xlxp,0,0,0,0,0.0,,,,0.0,,,2015,2014-15,Shasta,shasta,lukekellyfgmh,Luke Kelly
Mar 7,home,Siskiyous,L,5-4,5,4,1,win,20150307_0ebw,0,0,0,0,0.0,,,,0.0,,,2015,2014-15,Shasta,shasta,lukekellyfgmh,Luke Kelly
Mar 14,home,Butte,L,11-4,11,4,7,win,20150314_89jr,0,0,0,0,0.0,,,,0.0,,,2015,2014-15,Shasta,shasta,lukekellyfgmh,Luke Kelly
Mar 14,home,Butte,W,12-4,12,4,8,win,20150314_fqcm,0,0,0,0,0.0,,,,0.0,,,2015,2014-15,Shasta,shasta,lukekellyfgmh,Luke Kelly
Mar 20,home,Redwoods,W,8-0,8,0,8,win,20150320_7eu9,0,0,0,0,0.0,,,,0.0,,,2015,2014-15,Shasta,shasta,lukekellyfgmh,Luke Kelly
Mar 28,home,Feather River,L,7-2,7,2,5,win,20150328_th3d,0,0,0,0,0.0,,,,0.0,,,2015,2014-15,Shasta,shasta,lukekellyfgmh,Luke Kelly
Mar 29,home,Feather River,W,3-2,3,2,1,win,20150329_6n73,0,0,0,0,0.0,,,,0.0,,,2015,2014-15,Shasta,shasta,lukekellyfgmh,Luke Kelly
Apr 3,home,Lassen,L,1-0,1,0,1,win,20150403_lxe5,0,0,0,0,0.0,,,,0.0,,,2015,2014-15,Shasta,shasta,lukekellyfgmh,Luke Kelly
Apr 9,home,Siskiyous,L,8-3,8,3,5,win,20150409_91jp,0,0,0,0,0.0,,,,0.0,,,2015,2014-15,Shasta,shasta,lukekellyfgmh,Luke Kelly
Apr 11,home,Butte,L,6-5,6,5,1,win,20150411_5e12,0,0,0,0,0.0,,,,0.0,,,2015,2014-15,Shasta,shasta,lukekellyfgmh,Luke Kelly
Apr 17,home,Redwoods,L,4-3,4,3,1,win,20150417_dgyt,0,0,0,0,0.0,,,,0.0,,,2015,2014-15,Shasta,shasta,lukekellyfgmh,Luke Kelly
Apr 18,home,Redwoods,W,15-5,15,5,10,win,20150418_uj76,0,0,0,0,0.0,,,,0.0,,,2015,2014-15,Shasta,shasta,lukekellyfgmh,Luke Kelly
Apr 18,home,Redwoods,W,3-2,3,2,1,win,20150418_f31f,0,0,0,0,0.0,,,,0.0,,,2015,2014-15,Shasta,shasta,lukekellyfgmh,Luke Kelly
Jan 27,home,Gavilan,W,3-2,3,2,1,win,20150127_x6vg,0,0,0,0,0.0,,,,0.0,,,2015,2014-15,San Joaquin  Delta,sanjoaquindelta,zackperugixkm7,Zack Perugi
Jan 30,home,Monterey,W,13-1,13,1,12,win,20150130_t8xt,0,0,0,0,0.0,,,,0.0,,,2015,2014-15,San Joaquin  Delta,sanjoaquindelta,zackperugixkm7,Zack Perugi
Feb 3,home,West Valley,W,12-7,12,7,5,win,20150203_eorq,0,0,0,0,0.0,,,,0.0,,,2015,2014-15,San Joaquin  Delta,sanjoaquindelta,zackperugixkm7,Zack Perugi
Feb 5,home,West Valley,W,2-0,2,0,2,win,20150205_hgd7,0,0,0,0,0.0,,,,0.0,,,2015,2014-15,San Joaquin  Delta,sanjoaquindelta,zackperugixkm7,Zack Perugi
Feb 7,home,West Valley,W,12-6,12,6,6,win,20150207_67yl,0,0,0,0,0.0,,,,0.0,,,2015,2014-15,San Joaquin  Delta,sanjoaquindelta,zackperugixkm7,Zack Perugi
Feb 10,home,San Mateo,W,8-2,8,2,6,win,20150210_m7wq,0,0,0,0,0.0,,,,0.0,,,2015,2014-15,San Joaquin  Delta,sanjoaquindelta,zackperugixkm7,Zack Perugi
Feb 12,home,Solano,W,5-1,5,1,4,win,20150212_4hfu,0,0,0,0,0.0,,,,0.0,,,2015,2014-15,San Joaquin  Delta,sanjoaquindelta,zackperugixkm7,Zack Perugi
Feb 14,home,Solano,W,3-2,3,2,1,win,20150214_s2d3,0,0,0,0,0.0,,,,0.0,,,2015,2014-15,San Joaquin  Delta,sanjoaquindelta,zackperugixkm7,Zack Perugi
Feb 19,home,Cabrillo,W,4-3,4,3,1,win,20150219_tuxo,0,0,0,0,0.0,,,,0.0,,,2015,2014-15,San Joaquin  Delta,sanjoaquindelta,zackperugixkm7,Zack Perugi
Feb 21,home,Cabrillo,W,14-1,14,1,13,win,20150221_v8kd,0,0,0,0,0.0,,,,0.0,,,2015,2014-15,San Joaquin  Delta,sanjoaquindelta,zackperugixkm7,Zack Perugi
Mar 7,home,Cosumnes River,W,5-0,5,0,5,win,20150307_78iu,0,0,0,0,0.0,,,,0.0,,,2015,2014-15,San Joaquin  Delta,sanjoaquindelta,zackperugixkm7,Zack Perugi
Mar 10,home,Santa Rosa,W,4-0,4,0,4,win,20150310_fmx4,0,0,0,0,0.0,,,,0.0,,,2015,2014-15,San Joaquin  Delta,sanjoaquindelta,zackperugixkm7,Zack Perugi
Mar 12,home,Santa Rosa,W,5-1,5,1,4,win,20150312_rxbw,0,0,0,0,0.0,,,,0.0,,,2015,2014-15,San Joaquin  Delta,sanjoaquindelta,zackperugixkm7,Zack Perugi
Mar 14,home,Santa Rosa,W,10-4,10,4,6,win,20150314_1m79,0,0,0,0,0.0,,,,0.0,,,2015,2014-15,San Joaquin  Delta,sanjoaquindelta,zackperugixkm7,Zack Perugi
Mar 17,home,American River,W,8-5,8,5,3,win,20150317_rkw8,0,0,0,0,0.0,,,,0.0,,,2015,2014-15,San Joaquin  Delta,sanjoaquindelta,zackperugixkm7,Zack Perugi
Mar 19,home,American River,W,10-1,10,1,9,win,20150319_c7n5,0,0,0,0,0.0,,,,0.0,,,2015,2014-15,San Joaquin  Delta,sanjoaquindelta,zackperugixkm7,Zack Perugi
Mar 21,home,American River,W,5-4,5,4,1,win,20150321_vecm,0,0,0,0,0.0,,,,0.0,,,2015,2014-15,San Joaquin  Delta,sanjoaquindelta,zackperugixkm7,Zack Perugi
Mar 24,home,Modesto,W,1-0,1,0,1,win,20150324_7h5o,0,0,0,0,0.0,,,,0.0,,,2015,2014-15,San Joaquin  Delta,sanjoaquindelta,zackperugixkm7,Zack Perugi
Mar 26,home,Modesto,W,10-4,10,4,6,win,20150326_k1ue,0,0,0,0,0.0,,,,0.0,,,2015,2014-15,San Joaquin  Delta,sanjoaquindelta,zackperugixkm7,Zack Perugi
Mar 28,home,Modesto,W,3-1,3,1,2,win,20150328_iubq,0,0,0,0,0.0,,,,0.0,,,2015,2014-15,San Joaquin  Delta,sanjoaquindelta,zackperugixkm7,Zack Perugi
Mar 31,home,Sierra,W,7-3,7,3,4,win,20150331_5vvs,0,0,0,0,0.0,,,,0.0,,,2015,2014-15,San Joaquin  Delta,sanjoaquindelta,zackperugixkm7,Zack Perugi
Apr 2,home,Sierra,W,7-1,7,1,6,win,20150402_mf2n,0,0,0,0,0.0,,,,0.0,,,2015,2014-15,San Joaquin  Delta,sanjoaquindelta,zackperugixkm7,Zack Perugi
Apr 4,home,Sierra,W,7-0,7,0,7,win,20150404_yz8o,0,0,0,0,0.0,,,,0.0,,,2015,2014-15,San Joaquin  Delta,sanjoaquindelta,zackperugixkm7,Zack Perugi
Apr 8,home,Sacramento City,W,2-1,2,1,1,win,20150408_vtcy,0,0,0,0,0.0,,,,0.0,,,2015,2014-15,San Joaquin  Delta,sanjoaquindelta,zackperugixkm7,Zack Perugi
Apr 9,home,Sacramento City,W,7-1,7,1,6,win,20150409_0xv5,0,0,0,0,0.0,,,,0.0,,,2015,2014-15,San Joaquin  Delta,sanjoaquindelta,zackperugixkm7,Zack Perugi
Apr 11,home,Sacramento City,L,7-5,7,5,2,win,20150411_s9wt,0,0,0,0,0.0,,,,0.0,,,2015,2014-15,San Joaquin  Delta,sanjoaquindelta,zackperugixkm7,Zack Perugi
Apr 14,home,Diablo Valley,W,8-2,8,2,6,win,20150414_as94,0,0,0,0,0.0,,,,0.0,,,2015,2014-15,San Joaquin  Delta,sanjoaquindelta,zackperugixkm7,Zack Perugi
Apr 16,home,Diablo Valley,W,7-0,7,0,7,win,20150416_tl2k,0,0,0,0,0.0,,,,0.0,,,2015,2014-15,San Joaquin  Delta,sanjoaquindelta,zackperugixkm7,Zack Perugi
Apr 17,home,Diablo Valley,W,1-0,1,0,1,win,20150417_ftss,0,0,0,0,0.0,,,,0.0,,,2015,2014-15,San Joaquin  Delta,sanjoaquindelta,zackperugixkm7,Zack Perugi
Apr 21,home,Cosumnes River,L,8-1,8,1,7,win,20150421_km5k,0,0,0,0,0.0,,,,0.0,,,2015,2014-15,San Joaquin  Delta,sanjoaquindelta,zackperugixkm7,Zack Perugi
Apr 23,home,Cosumnes River,W,8-3,8,3,5,win,20150423_tq2s,0,0,0,0,0.0,,,,0.0,,,2015,2014-15,San Joaquin  Delta,sanjoaquindelta,zackperugixkm7,Zack Perugi
Apr 24,home,Cosumnes River,W,3-1,3,1,2,win,20150424_4qrw,0,0,0,0,0.0,,,,0.0,,,2015,2014-15,San Joaquin  Delta,sanjoaquindelta,zackperugixkm7,Zack Perugi
May 1,home,Sequoias,W,5-2,5,2,3,win,20150501_2gbp,0,0,0,0,0.0,,,,0.0,,,2015,2014-15,San Joaquin  Delta,sanjoaquindelta,zackperugixkm7,Zack Perugi
May 2,home,Sequoias,L,8-4,8,4,4,win,20150502_pbeg,0,0,0,0,0.0,,,,0.0,,,2015,2014-15,San Joaquin  Delta,sanjoaquindelta,zackperugixkm7,Zack Perugi
May 2,home,Sequoias,W,5-1,5,1,4,win,20150502_hskg,0,0,0,0,0.0,,,,0.0,,,2015,2014-15,San Joaquin  Delta,sanjoaquindelta,zackperugixkm7,Zack Perugi
May 8,home,Cabrillo,W,11-0,11,0,11,win,20150508_1q9i,0,0,0,0,0.0,,,,0.0,,,2015,2014-15,San Joaquin  Delta,sanjoaquindelta,zackperugixkm7,Zack Perugi
May 9,home,Cabrillo,W,8-2,8,2,6,win,20150509_7yq3,0,0,0,0,0.0,,,,0.0,,,2015,2014-15,San Joaquin  Delta,sanjoaquindelta,zackperugixkm7,Zack Perugi
May 15,home,San Mateo,L,8-2,8,2,6,win,20150515_60an,0,0,0,0,0.0,,,,0.0,,,2015,2014-15,San Joaquin  Delta,sanjoaquindelta,zackperugixkm7,Zack Perugi
May 16,home,San Mateo,W,8-5,8,5,3,win,20150516_npf0,0,0,0,0,0.0,,,,0.0,,,2015,2014-15,San Joaquin  Delta,sanjoaquindelta,zackperugixkm7,Zack Perugi
May 17,home,San Mateo,W,7-2,7,2,5,win,20150517_88lb,0,0,0,0,0.0,,,,0.0,,,2015,2014-15,San Joaquin  Delta,sanjoaquindelta,zackperugixkm7,Zack Perugi
May 23,home,Orange Coast,L,5-0,5,0,5,win,20150523_nn8n,0,0,0,0,0.0,,,,0.0,,,2015,2014-15,San Joaquin  Delta,sanjoaquindelta,zackperugixkm7,Zack Perugi
May 24,home,Fresno City,W,13-2,13,2,11,win,20150524_fk8o,0,0,0,0,0.0,,,,0.0,,,2015,2014-15,San Joaquin  Delta,sanjoaquindelta,zackperugixkm7,Zack Perugi
May 24,home,Palomar,W,14-7,14,7,7,win,20150524_a76s,0,0,0,0,0.0,,,,0.0,,,2015,2014-15,San Joaquin  Delta,sanjoaquindelta,zackperugixkm7,Zack Perugi
May 25,home,Orange Coast,L,9-4,9,4,5,win,20150525_n47j,0,0,0,0,0.0,,,,0.0,,,2015,2014-15,San Joaquin  Delta,sanjoaquindelta,zackperugixkm7,Zack Perugi
Jan 27,home,Glendale,W,6-5,6,5,1,win,20150127_bqi7,0,0,0,0,0.0,,,,0.0,,,2015,2014-15,Cerritos,cerritos,markpenauim0,Mark Pena
Jan 29,home,Canyons,L,2-0,2,0,2,win,20150129_q9u1,0,0,0,0,0.0,,,,0.0,,,2015,2014-15,Cerritos,cerritos,markpenauim0,Mark Pena
Jan 31,home,Citrus,W,14-6,14,6,8,win,20150131_cq3e,0,0,0,0,0.0,,,,0.0,,,2015,2014-15,Cerritos,cerritos,markpenauim0,Mark Pena
Feb 5,home,Ventura,W,6-4,6,4,2,win,20150205_gcsf,0,0,0,0,0.0,,,,0.0,,,2015,2014-15,Cerritos,cerritos,markpenauim0,Mark Pena
Feb 10,home,Golden West,L,4-2,4,2,2,win,20150210_l5yf,0,0,0,0,0.0,,,,0.0,,,2015,2014-15,Cerritos,cerritos,markpenauim0,Mark Pena
Feb 17,home,Santa Ana,L,7-2,7,2,5,win,20150217_r7yr,0,0,0,0,0.0,,,,0.0,,,2015,2014-15,Cerritos,cerritos,markpenauim0,Mark Pena
Feb 18,home,Palomar,L,7-1,7,1,6,win,20150218_wk2b,0,0,0,0,0.0,,,,0.0,,,2015,2014-15,Cerritos,cerritos,markpenauim0,Mark Pena
Feb 20,home,Fullerton,L,5-1,5,1,4,win,20150220_d0sc,0,0,0,0,0.0,,,,0.0,,,2015,2014-15,Cerritos,cerritos,markpenauim0,Mark Pena
Feb 24,home,Golden West,W,3-2,3,2,1,win,20150224_iydm,0,0,0,0,0.0,,,,0.0,,,2015,2014-15,Cerritos,cerritos,markpenauim0,Mark Pena
Mar 4,home,Pasadena,W,5-4,5,4,1,win,20150304_2ge6,0,0,0,0,0.0,,,,0.0,,,2015,2014-15,Cerritos,cerritos,markpenauim0,Mark Pena
Mar 5,home,Pasadena,W,14-3,14,3,11,win,20150305_q9yo,0,0,0,0,0.0,,,,0.0,,,2015,2014-15,Cerritos,cerritos,markpenauim0,Mark Pena
Mar 7,home,Pasadena,W,5-0,5,0,5,win,20150307_w3ax,0,0,0,0,0.0,,,,0.0,,,2015,2014-15,Cerritos,cerritos,markpenauim0,Mark Pena
Mar 10,home,Mt. San Antonio,L,4-1,4,1,3,win,20150310_6krv,0,0,0,0,0.0,,,,0.0,,,2015,2014-15,Cerritos,cerritos,markpenauim0,Mark Pena
Mar 12,home,Mt. San Antonio,W,1-0,1,0,1,win,20150312_f5ok,0,0,0,0,0.0,,,,0.0,,,2015,2014-15,Cerritos,cerritos,markpenauim0,Mark Pena
Mar 14,home,Mt. San Antonio,W,4-1,4,1,3,win,20150314_e09f,0,0,0,0,0.0,,,,0.0,,,2015,2014-15,Cerritos,cerritos,markpenauim0,Mark Pena
Mar 17,home,Long Beach,L,3-0,3,0,3,win,20150317_311n,0,0,0,0,0.0,,,,0.0,,,2015,2014-15,Cerritos,cerritos,markpenauim0,Mark Pena
Mar 31,home,Fresno City,L,9-0,9,0,9,win,20150331_mkza,0,0,0,0,0.0,,,,0.0,,,2015,2014-15,Cerritos,cerritos,markpenauim0,Mark Pena
Apr 1,home,Merced,W,10-1,10,1,9,win,20150401_hd07,0,0,0,0,0.0,,,,0.0,,,2015,2014-15,Cerritos,cerritos,markpenauim0,Mark Pena
Apr 2,home,Canyons,W,6-5,6,5,1,win,20150402_e3pi,0,0,0,0,0.0,,,,0.0,,,2015,2014-15,Cerritos,cerritos,markpenauim0,Mark Pena
Apr 7,home,East Los Angeles,W,3-2,3,2,1,win,20150407_8uos,0,0,0,0,0.0,,,,0.0,,,2015,2014-15,Cerritos,cerritos,markpenauim0,Mark Pena
Apr 9,home,East Los Angeles,W,6-1,6,1,5,win,20150409_jus8,0,0,0,0,0.0,,,,0.0,,,2015,2014-15,Cerritos,cerritos,markpenauim0,Mark Pena
Apr 11,home,East Los Angeles,W,9-1,9,1,8,win,20150411_z29t,0,0,0,0,0.0,,,,0.0,,,2015,2014-15,Cerritos,cerritos,markpenauim0,Mark Pena
Apr 14,home,El Camino,L,6-0,6,0,6,win,20150414_se2j,0,0,0,0,0.0,,,,0.0,,,2015,2014-15,Cerritos,cerritos,markpenauim0,Mark Pena
Apr 16,home,El Camino,W,10-2,10,2,8,win,20150416_e5ss,0,0,0,0,0.0,,,,0.0,,,2015,2014-15,Cerritos,cerritos,markpenauim0,Mark Pena
Apr 18,home,El Camino,W,7-6,7,6,1,win,20150418_a4y6,0,0,0,0,0.0,,,,0.0,,,2015,2014-15,Cerritos,cerritos,markpenauim0,Mark Pena
Apr 21,home,LA Harbor,L,8-4,8,4,4,win,20150421_kxc2,0,0,0,0,0.0,,,,0.0,,,2015,2014-15,Cerritos,cerritos,markpenauim0,Mark Pena
Apr 23,home,LA Harbor,W,5-1,5,1,4,win,20150423_6yej,0,0,0,0,0.0,,,,0.0,,,2015,2014-15,Cerritos,cerritos,markpenauim0,Mark Pena
Apr 24,home,LA Harbor,W,7-0,7,0,7,win,20150424_xanb,0,0,0,0,0.0,,,,0.0,,,2015,2014-15,Cerritos,cerritos,markpenauim0,Mark Pena
Apr 28,home,Riverside,L,6-2,6,2,4,win,20150428_bbuq,0,0,0,0,0.0,,,,0.0,,,2015,2014-15,Cerritos,cerritos,markpenauim0,Mark Pena
Jan 30,home,Saddleback,L,13-5,13,5,8,win,20150130_dtb0,0,0,0,0,1.2,2.0,4.0,4.0,21.6,4.0,1.0,2015,2014-15,San Diego City,sandiego,jamesklueberq4cf,James Klueber
Feb 3,home,West LA,W,4-3,4,3,1,win,20150203_c3ar,0,1,0,0,0.2,1.0,,,0.0,,,2015,2014-15,San Diego City,sandiego,jamesklueberq4cf,James Klueber
Mar 7,home,Mt. San Jacinto,L,12-2,12,2,10,win,20150307_k2nd,0,0,0,0,2.2,4.0,3.0,3.0,10.13,,,2015,2014-15,San Diego City,sandiego,jamesklueberq4cf,James Klueber
Mar 10,home,Palomar,L,1-0,1,0,1,win,20150310_z920,0,0,0,0,1.0,,,,0.0,,,2015,2014-15,San Diego City,sandiego,jamesklueberq4cf,James Klueber
Mar 14,home,Palomar,L,10-6,10,6,4,win,20150314_j07u,0,0,0,0,2.0,1.0,,,0.0,,,2015,2014-15,San Diego City,sandiego,jamesklueberq4cf,James Klueber
Mar 17,home,Southwestern,L,6-3,6,3,3,win,20150317_ahu2,0,0,0,0,1.0,1.0,1.0,1.0,9.0,2.0,,2015,2014-15,San Diego City,sandiego,jamesklueberq4cf,James Klueber
Mar 21,home,Southwestern,L,3-2,3,2,1,win,20150321_gb20,0,0,1,0,0.1,2.0,1.0,1.0,27.0,,,2015,2014-15,San Diego City,sandiego,jamesklueberq4cf,James Klueber
Mar 26,home,San Diego Mesa,L,11-0,11,0,11,win,20150326_vbgu,0,0,0,0,0.0,,,,0.0,,,2015,2014-15,San Diego City,sandiego,jamesklueberq4cf,James Klueber
Mar 27,home,San Diego Mesa,L,4-2,4,2,2,win,20150327_2fv8,0,0,1,0,4.0,3.0,2.0,2.0,4.5,1.0,2.0,2015,2014-15,San Diego City,sandiego,jamesklueberq4cf,James Klueber
Apr 7,home,Grossmont,L,7-2,7,2,5,win,20150407_pozz,0,0,0,0,4.0,2.0,,,0.0,,3.0,2015,2014-15,San Diego City,sandiego,jamesklueberq4cf,James Klueber
Apr 14,home,Imperial Valley,W,12-7,12,7,5,win,20150414_s13b,1,1,0,0,5.0,9.0,4.0,4.0,7.2,0.0,3.0,2015,2014-15,San Diego City,sandiego,jamesklueberq4cf,James Klueber
Apr 21,home,Mt. San Jacinto,W,13-7,13,7,6,win,20150421_yxtq,0,0,0,0,2.0,1.0,,,0.0,,,2015,2014-15,San Diego City,sandiego,jamesklueberq4cf,James Klueber
Apr 24,home,Mt. San Jacinto,W,6-3,6,3,3,win,20150424_011h,0,0,0,0,1.0,,,,0.0,1.0,2.0,2015,2014-15,San Diego City,sandiego,jamesklueberq4cf,James Klueber
Jan 31,home,Yuba,W,6-5,6,5,1,win,20150131_5p0n,0,0,0,0,0.0,,,,0.0,,,2015,2014-15,Ohlone,ohlone,joeytorresbki9,Joey Torres
Feb 3,home,West Hills Coalinga,W,4-3,4,3,1,win,20150203_kikc,0,0,0,0,0.0,,,,0.0,,,2015,2014-15,Ohlone,ohlone,joeytorresbki9,Joey Torres
Feb 6,home,Porterville,W,8-3,8,3,5,win,20150206_zso5,0,0,0,0,0.0,,,,0.0,,,2015,2014-15,Ohlone,ohlone,joeytorresbki9,Joey Torres
Feb 6,home,Porterville,W,11-4,11,4,7,win,20150206_nbhv,0,0,0,0,0.0,,,,0.0,,,2015,2014-15,Ohlone,ohlone,joeytorresbki9,Joey Torres
Feb 7,home,Porterville,W,4-0,4,0,4,win,20150207_snaq,0,0,0,0,0.0,,,,0.0,,,2015,2014-15,Ohlone,ohlone,joeytorresbki9,Joey Torres
Feb 10,home,West Hills Coalinga,W,6-3,6,3,3,win,20150210_xudq,0,0,0,0,0.0,,,,0.0,,,2015,2014-15,Ohlone,ohlone,joeytorresbki9,Joey Torres
Feb 11,home,West Hills Coalinga,W,14-3,14,3,11,win,20150211_w4ws,0,0,0,0,0.0,,,,0.0,,,2015,2014-15,Ohlone,ohlone,joeytorresbki9,Joey Torres
Feb 14,home,Siskiyous,W,3-1,3,1,2,win,20150214_fzu3,0,0,0,0,0.0,,,,0.0,,,2015,2014-15,Ohlone,ohlone,joeytorresbki9,Joey Torres
Feb 14,home,Siskiyous,W,5-2,5,2,3,win,20150214_g742,0,0,0,0,0.0,,,,0.0,,,2015,2014-15,Ohlone,ohlone,joeytorresbki9,Joey Torres
Feb 18,home,Los Medanos,W,11-3,11,3,8,win,20150218_898a,0,0,0,0,0.0,,,,0.0,,,2015,2014-15,Ohlone,ohlone,joeytorresbki9,Joey Torres
Feb 20,home,Feather River,W,3-2,3,2,1,win,20150220_hj0c,0,0,0,0,0.0,,,,0.0,,,2015,2014-15,Ohlone,ohlone,joeytorresbki9,Joey Torres
Feb 21,home,Los Medanos,L,6-4,6,4,2,win,20150221_ubgt,0,0,0,0,0.0,,,,0.0,,,2015,2014-15,Ohlone,ohlone,joeytorresbki9,Joey Torres
Feb 24,home,Gavilan,L,3-2,3,2,1,win,20150224_4eq2,0,0,0,0,0.0,,,,0.0,,,2015,2014-15,Ohlone,ohlone,joeytorresbki9,Joey Torres
Feb 26,home,Cabrillo,L,9-0,9,0,9,win,20150226_f8v1,0,0,0,0,0.0,,,,0.0,,,2015,2014-15,Ohlone,ohlone,joeytorresbki9,Joey Torres
Mar 3,home,Mission,L,6-4,6,4,2,win,20150303_22s2,0,0,0,0,0.0,,,,0.0,,,2015,2014-15,Ohlone,ohlone,joeytorresbki9,Joey Torres
Mar 5,home,Hartnell,W,17-4,17,4,13,win,20150305_9m5o,0,0,0,0,0.0,,,,0.0,,,2015,2014-15,Ohlone,ohlone,joeytorresbki9,Joey Torres
Mar 7,home,Skyline,W,3-2,3,2,1,win,20150307_it7z,0,0,0,0,0.0,,,,0.0,,,2015,2014-15,Ohlone,ohlone,joeytorresbki9,Joey Torres
Mar 10,home,San Francisco,W,7-1,7,1,6,win,20150310_d7yo,0,0,0,0,0.0,,,,0.0,,,2015,2014-15,Ohlone,ohlone,joeytorresbki9,Joey Torres
Mar 12,home,Canada,W,6-4,6,4,2,win,20150312_k48y,0,0,0,0,0.0,,,,0.0,,,2015,2014-15,Ohlone,ohlone,joeytorresbki9,Joey Torres
Mar 14,home,Monterey,W,6-4,6,4,2,win,20150314_xlmc,0,0,0,0,0.0,,,,0.0,,,2015,2014-15,Ohlone,ohlone,joeytorresbki9,Joey Torres
Mar 17,home,Chabot,L,8-0,8,0,8,win,20150316_l393,0,0,0,0,0.0,,,,0.0,,,2015,2014-15,Ohlone,ohlone,joeytorresbki9,Joey Torres
Mar 19,home,Skyline,W,11-3,11,3,8,win,20150319_i9ba,0,0,0,0,0.0,,,,0.0,,,2015,2014-15,Ohlone,ohlone,joeytorresbki9,Joey Torres
Mar 21,home,Monterey,W,5-3,5,3,2,win,20150321_ugax,0,0,0,0,0.0,,,,0.0,,,2015,2014-15,Ohlone,ohlone,joeytorresbki9,Joey Torres
Mar 24,home,Cabrillo,W,3-1,3,1,2,win,20150324_g52y,0,0,0,0,0.0,,,,0.0,,,2015,2014-15,Ohlone,ohlone,joeytorresbki9,Joey Torres
Mar 26,home,Canada,W,2-0,2,0,2,win,20150326_328r,0,0,0,0,0.0,,,,0.0,,,2015,2014-15,Ohlone,ohlone,joeytorresbki9,Joey Torres
Mar 28,home,Hartnell,W,14-2,14,2,12,win,20150328_0dfj,0,0,0,0,0.0,,,,0.0,,,2015,2014-15,Ohlone,ohlone,joeytorresbki9,Joey Torres
Mar 31,home,San Mateo,L,2-1,2,1,1,win,20150331_bubz,0,0,0,0,0.0,,,,0.0,,,2015,2014-15,Ohlone,ohlone,joeytorresbki9,Joey Torres
Apr 4,home,Gavilan,L,2-1,2,1,1,win,20150404_tmdj,0,0,0,0,0.0,,,,0.0,,,2015,2014-15,Ohlone,ohlone,joeytorresbki9,Joey Torres
Apr 7,home,West Valley,W,8-4,8,4,4,win,20150407_apw4,0,0,0,0,0.0,,,,0.0,,,2015,2014-15,Ohlone,ohlone,joeytorresbki9,Joey Torres
Apr 9,home,Gavilan,L,5-4,5,4,1,win,20150409_fso3,0,0,0,0,0.0,,,,0.0,,,2015,2014-15,Ohlone,ohlone,joeytorresbki9,Joey Torres
Apr 11,home,Hartnell,W,7-2,7,2,5,win,20150411_vrzu,0,0,0,0,0.0,,,,0.0,,,2015,2014-15,Ohlone,ohlone,joeytorresbki9,Joey Torres
Apr 14,home,Skyline,W,13-4,13,4,9,win,20150414_6lrp,0,0,0,0,0.0,,,,0.0,,,2015,2014-15,Ohlone,ohlone,joeytorresbki9,Joey Torres
Apr 16,home,Monterey,L,3-1,3,1,2,win,20150416_aqli,0,0,0,0,0.0,,,,0.0,,,2015,2014-15,Ohlone,ohlone,joeytorresbki9,Joey Torres
Apr 18,home,Cabrillo,L,6-4,6,4,2,win,20150418_1kj4,0,0,0,0,0.0,,,,0.0,,,2015,2014-15,Ohlone,ohlone,joeytorresbki9,Joey Torres
Apr 21,home,De Anza,W,6-2,6,2,4,win,20150421_fmzd,0,0,0,0,0.0,,,,0.0,,,2015,2014-15,Ohlone,ohlone,joeytorresbki9,Joey Torres
Apr 23,home,Canada,W,12-2,12,2,10,win,20150423_erb7,0,0,0,0,0.0,,,,0.0,,,2015,2014-15,Ohlone,ohlone,joeytorresbki9,Joey Torres
May 1,home,Solano,W,5-3,5,3,2,win,20150501_q6iw,0,0,0,0,0.0,,,,0.0,,,2015,2014-15,Ohlone,ohlone,joeytorresbki9,Joey Torres
May 2,home,Solano,W,3-2,3,2,1,win,20150502_9m0n,0,0,0,0,0.0,,,,0.0,,,2015,2014-15,Ohlone,ohlone,joeytorresbki9,Joey Torres
May 8,home,Fresno City,L,7-2,7,2,5,win,20150508_iwo4,0,0,0,0,0.0,,,,0.0,,,2015,2014-15,Ohlone,ohlone,joeytorresbki9,Joey Torres
May 9,home,Fresno City,W,4-3,4,3,1,win,20150509_r2bd,0,0,0,0,0.0,,,,0.0,,,2015,2014-15,Ohlone,ohlone,joeytorresbki9,Joey Torres
May 10,home,Fresno City,L,7-2,7,2,5,win,20150510_px0a,0,0,0,0,0.0,,,,0.0,,,2015,2014-15,Ohlone,ohlone,joeytorresbki9,Joey Torres
Feb 26,home,Feather River,L,23-3,23,3,20,win,20150226_jplh,0,0,0,0,0.1,,,,0.0,,,2015,2014-15,Siskiyous,siskiyous,jeffsherrilybxd,Jeff Sherril
Mar 21,home,Lassen,L,15-6,15,6,9,win,20150321_fg3m,0,0,0,0,2.0,4.0,5.0,3.0,13.5,,,2015,2014-15,Siskiyous,siskiyous,jeffsherrilybxd,Jeff Sherril
Apr 18,home,Lassen,W,5-3,5,3,2,win,20150418_4k3u,0,0,0,0,0.0,,,,0.0,,,2015,2014-15,Siskiyous,siskiyous,jeffsherrilybxd,Jeff Sherril
Apr 18,home,Lassen,L,14-4,14,4,10,win,20150418_dsbv,0,0,0,0,2.1,4.0,1.0,1.0,3.86,1.0,,2015,2014-15,Siskiyous,siskiyous,jeffsherrilybxd,Jeff Sherril
Jan 29,home,West Valley,L,9-5,9,5,4,win,20150129_5wxp,0,0,0,0,0.0,,,,0.0,,,2015,2014-15,American River,americanriver,mattelliottspp7,Matt Elliott
Jan 31,home,West Valley,L,19-11,19,11,8,win,20150131_b3g7,0,0,0,0,0.0,,,,0.0,,,2015,2014-15,American River,americanriver,mattelliottspp7,Matt Elliott
Feb 5,home,Feather River,L,9-3,9,3,6,win,20150205_psel,0,0,0,0,0.0,,,,0.0,,,2015,2014-15,American River,americanriver,mattelliottspp7,Matt Elliott
Feb 10,home,Solano,W,7-4,7,4,3,win,20150210_9wuy,0,0,0,0,0.0,,,,0.0,,,2015,2014-15,American River,americanriver,mattelliottspp7,Matt Elliott
Feb 13,home,Hartnell,L,10-6,10,6,4,win,20150213_1e5c,0,0,0,0,0.0,,,,0.0,,,2015,2014-15,American River,americanriver,mattelliottspp7,Matt Elliott
Feb 14,home,Hartnell,L,12-1,12,1,11,win,20150214_v1lx,0,0,0,0,0.0,,,,0.0,,,2015,2014-15,American River,americanriver,mattelliottspp7,Matt Elliott
Feb 17,home,Mission,W,10-0,10,0,10,win,20150217_ngr8,0,0,0,0,0.0,,,,0.0,,,2015,2014-15,American River,americanriver,mattelliottspp7,Matt Elliott
Feb 18,home,Shasta,W,17-6,17,6,11,win,20150218_ppf0,0,0,0,0,0.0,,,,0.0,,,2015,2014-15,American River,americanriver,mattelliottspp7,Matt Elliott
Feb 26,home,Diablo Valley,L,6-4,6,4,2,win,20150226_736p,0,0,0,0,0.0,,,,0.0,,,2015,2014-15,American River,americanriver,mattelliottspp7,Matt Elliott
Mar 6,home,Diablo Valley,W,4-3,4,3,1,win,20150306_ptlm,0,0,0,0,0.0,,,,0.0,,,2015,2014-15,American River,americanriver,mattelliottspp7,Matt Elliott
Mar 14,home,Sacramento City,L,13-5,13,5,8,win,20150314_ts1b,0,0,0,0,0.0,,,,0.0,,,2015,2014-15,American River,americanriver,mattelliottspp7,Matt Elliott
Mar 19,home,San Joaquin  Delta,L,10-1,10,1,9,win,20150319_c7n5,0,0,0,0,0.0,,,,0.0,,,2015,2014-15,American River,americanriver,mattelliottspp7,Matt Elliott
Mar 21,home,San Joaquin  Delta,L,5-4,5,4,1,win,20150321_vecm,0,0,0,0,0.0,,,,0.0,,,2015,2014-15,American River,americanriver,mattelliottspp7,Matt Elliott
Mar 28,home,Cosumnes River,L,3-2,3,2,1,win,20150328_zf98,0,0,0,0,0.0,,,,0.0,,,2015,2014-15,American River,americanriver,mattelliottspp7,Matt Elliott
Apr 2,home,Modesto,L,6-0,6,0,6,win,20150402_u2dl,0,0,0,0,0.0,,,,0.0,,,2015,2014-15,American River,americanriver,mattelliottspp7,Matt Elliott
Apr 8,home,Santa Rosa,L,8-2,8,2,6,win,20150408_ufu5,0,0,0,0,0.0,,,,0.0,,,2015,2014-15,American River,americanriver,mattelliottspp7,Matt Elliott
Apr 23,home,Diablo Valley,L,15-7,15,7,8,win,20150423_2ccc,0,0,0,0,0.0,,,,0.0,,,2015,2014-15,American River,americanriver,mattelliottspp7,Matt Elliott
Apr 24,home,Diablo Valley,W,9-8,9,8,1,win,20150424_ww5s,0,0,0,0,0.0,,,,0.0,,,2015,2014-15,American River,americanriver,mattelliottspp7,Matt Elliott
Jan 29,home,Imperial Valley,W,9-3,9,3,6,win,20150129_l6a5,0,0,0,0,0.0,,,,0.0,,,2015,2014-15,LA Harbor,laharbor,omaravila0sbe,Omar Avila
Feb 6,home,Grossmont,L,5-3,5,3,2,win,20150206_q7le,0,0,0,0,0.0,,,,0.0,,,2015,2014-15,LA Harbor,laharbor,omaravila0sbe,Omar Avila
Feb 10,home,Irvine Valley,L,6-0,6,0,6,win,20150210_cmuz,0,0,0,0,0.0,,,,0.0,,,2015,2014-15,LA Harbor,laharbor,omaravila0sbe,Omar Avila
Feb 12,home,Golden West,W,6-2,6,2,4,win,20150212_ib9j,0,0,0,0,0.0,,,,0.0,,,2015,2014-15,LA Harbor,laharbor,omaravila0sbe,Omar Avila
Feb 13,home,Golden West,L,8-2,8,2,6,win,20150213_f8nf,0,0,0,0,0.0,,,,0.0,,,2015,2014-15,LA Harbor,laharbor,omaravila0sbe,Omar Avila
Feb 17,home,Golden West,W,6-1,6,1,5,win,20150217_iytz,0,0,0,0,0.0,,,,0.0,,,2015,2014-15,LA Harbor,laharbor,omaravila0sbe,Omar Avila
Feb 20,home,Irvine Valley,W,10-3,10,3,7,win,20150220_t78h,0,0,0,0,0.0,,,,0.0,,,2015,2014-15,LA Harbor,laharbor,omaravila0sbe,Omar Avila
Feb 21,home,Grossmont,W,22-12,22,12,10,win,20150221_ujsj,0,0,0,0,0.0,,,,0.0,,,2015,2014-15,LA Harbor,laharbor,omaravila0sbe,Omar Avila
Feb 24,home,LA Valley,W,3-2,3,2,1,win,20150224_mb1u,0,0,0,0,0.0,,,,0.0,,,2015,2014-15,LA Harbor,laharbor,omaravila0sbe,Omar Avila
Feb 26,home,LA Valley,W,3-2,3,2,1,win,20150226_kr11,0,0,0,0,0.0,,,,0.0,,,2015,2014-15,LA Harbor,laharbor,omaravila0sbe,Omar Avila
Mar 4,home,Mt. San Antonio,W,7-2,7,2,5,win,20150304_4a7r,0,0,0,0,0.0,,,,0.0,,,2015,2014-15,LA Harbor,laharbor,omaravila0sbe,Omar Avila
Mar 5,home,Mt. San Antonio,L,9-5,9,5,4,win,20150305_u2v9,0,0,0,0,0.0,,,,0.0,,,2015,2014-15,LA Harbor,laharbor,omaravila0sbe,Omar Avila
Mar 7,home,Mt. San Antonio,L,7-4,7,4,3,win,20150307_gzqp,0,0,0,0,0.0,,,,0.0,,,2015,2014-15,LA Harbor,laharbor,omaravila0sbe,Omar Avila
Mar 10,home,Long Beach,L,5-4,5,4,1,win,20150310_7g9g,0,0,0,0,0.0,,,,0.0,,,2015,2014-15,LA Harbor,laharbor,omaravila0sbe,Omar Avila
Mar 12,home,Long Beach,L,3-2,3,2,1,win,20150312_1xxj,0,0,0,0,0.0,,,,0.0,,,2015,2014-15,LA Harbor,laharbor,omaravila0sbe,Omar Avila
Mar 14,home,Long Beach,W,7-2,7,2,5,win,20150314_loot,0,0,0,0,0.0,,,,0.0,,,2015,2014-15,LA Harbor,laharbor,omaravila0sbe,Omar Avila
Mar 17,home,El Camino-Compton Center,W,5-2,5,2,3,win,20150317_opfm,0,0,0,0,0.0,,,,0.0,,,2015,2014-15,LA Harbor,laharbor,omaravila0sbe,Omar Avila
Mar 19,home,El Camino-Compton Center,L,10-4,10,4,6,win,20150319_w6un,0,0,0,0,0.0,,,,0.0,,,2015,2014-15,LA Harbor,laharbor,omaravila0sbe,Omar Avila
Mar 24,home,Pasadena,L,11-3,11,3,8,win,20150324_umtk,0,0,0,0,0.0,,,,0.0,,,2015,2014-15,LA Harbor,laharbor,omaravila0sbe,Omar Avila
Mar 26,home,Pasadena,L,11-6,11,6,5,win,20150326_gxt4,0,0,0,0,0.0,,,,0.0,,,2015,2014-15,LA Harbor,laharbor,omaravila0sbe,Omar Avila
Mar 31,home,West LA,W,8-2,8,2,6,win,20150331_6484,0,0,0,0,0.0,,,,0.0,,,2015,2014-15,LA Harbor,laharbor,omaravila0sbe,Omar Avila
Apr 1,home,LA Mission,L,7-4,7,4,3,win,20150401_3n4f,0,0,0,0,0.0,,,,0.0,,,2015,2014-15,LA Harbor,laharbor,omaravila0sbe,Omar Avila
Apr 3,home,LA Pierce,W,10-3,10,3,7,win,20150403_31wk,0,0,0,0,0.0,,,,0.0,,,2015,2014-15,LA Harbor,laharbor,omaravila0sbe,Omar Avila
Apr 7,home,El Camino,L,2-0,2,0,2,win,20150407_2pji,0,0,0,0,0.0,,,,0.0,,,2015,2014-15,LA Harbor,laharbor,omaravila0sbe,Omar Avila
Apr 9,home,El Camino,L,10-9,10,9,1,win,20150409_93rf,0,0,0,0,0.0,,,,0.0,,,2015,2014-15,LA Harbor,laharbor,omaravila0sbe,Omar Avila
Apr 11,home,El Camino,L,6-4,6,4,2,win,20150411_3bs3,0,0,0,0,0.0,,,,0.0,,,2015,2014-15,LA Harbor,laharbor,omaravila0sbe,Omar Avila
Apr 14,home,East Los Angeles,W,3-1,3,1,2,win,20150414_2tbr,0,0,0,0,0.0,,,,0.0,,,2015,2014-15,LA Harbor,laharbor,omaravila0sbe,Omar Avila
Apr 16,home,East Los Angeles,L,5-4,5,4,1,win,20150416_r8d0,0,0,0,0,0.0,,,,0.0,,,2015,2014-15,LA Harbor,laharbor,omaravila0sbe,Omar Avila
Apr 18,home,East Los Angeles,W,4-1,4,1,3,win,20150418_ofz1,0,0,0,0,0.0,,,,0.0,,,2015,2014-15,LA Harbor,laharbor,omaravila0sbe,Omar Avila
Apr 21,home,Cerritos,W,8-4,8,4,4,win,20150421_kxc2,0,0,0,0,0.0,,,,0.0,,,2015,2014-15,LA Harbor,laharbor,omaravila0sbe,Omar Avila
Apr 23,home,Cerritos,L,5-1,5,1,4,win,20150423_6yej,0,0,0,0,0.0,,,,0.0,,,2015,2014-15,LA Harbor,laharbor,omaravila0sbe,Omar Avila
Apr 24,home,Cerritos,L,7-0,7,0,7,win,20150424_xanb,0,0,0,0,0.0,,,,0.0,,,2015,2014-15,LA Harbor,laharbor,omaravila0sbe,Omar Avila
Jan 29,home,Imperial Valley,W,8-2,8,2,6,win,20150129_qcjf,0,0,0,0,0.0,,,,0.0,,,2015,2014-15,LA Harbor,laharbor,eduardofrayrek3ig,Eduardo Frayre
Feb 6,home,Grossmont,L,5-3,5,3,2,win,20150206_q7le,0,0,0,0,0.0,,,,0.0,,,2015,2014-15,LA Harbor,laharbor,eduardofrayrek3ig,Eduardo Frayre
Feb 10,home,Irvine Valley,L,6-0,6,0,6,win,20150210_cmuz,0,0,0,0,0.0,,,,0.0,,,2015,2014-15,LA Harbor,laharbor,eduardofrayrek3ig,Eduardo Frayre
Feb 12,home,Golden West,W,6-2,6,2,4,win,20150212_ib9j,0,0,0,0,0.0,,,,0.0,,,2015,2014-15,LA Harbor,laharbor,eduardofrayrek3ig,Eduardo Frayre
Feb 13,home,Golden West,L,8-2,8,2,6,win,20150213_f8nf,0,0,0,0,0.0,,,,0.0,,,2015,2014-15,LA Harbor,laharbor,eduardofrayrek3ig,Eduardo Frayre
Feb 17,home,Golden West,W,6-1,6,1,5,win,20150217_iytz,0,0,0,0,0.0,,,,0.0,,,2015,2014-15,LA Harbor,laharbor,eduardofrayrek3ig,Eduardo Frayre
Feb 20,home,Irvine Valley,W,10-3,10,3,7,win,20150220_t78h,0,0,0,0,0.0,,,,0.0,,,2015,2014-15,LA Harbor,laharbor,eduardofrayrek3ig,Eduardo Frayre
Feb 21,home,Grossmont,W,22-12,22,12,10,win,20150221_ujsj,0,0,0,0,0.0,,,,0.0,,,2015,2014-15,LA Harbor,laharbor,eduardofrayrek3ig,Eduardo Frayre
Feb 24,home,LA Valley,W,3-2,3,2,1,win,20150224_mb1u,0,0,0,0,0.0,,,,0.0,,,2015,2014-15,LA Harbor,laharbor,eduardofrayrek3ig,Eduardo Frayre
Feb 26,home,LA Valley,W,3-2,3,2,1,win,20150226_kr11,0,0,0,0,0.0,,,,0.0,,,2015,2014-15,LA Harbor,laharbor,eduardofrayrek3ig,Eduardo Frayre
Feb 27,home,LA Valley,L,7-1,7,1,6,win,20150227_hy3k,0,0,0,0,0.0,,,,0.0,,,2015,2014-15,LA Harbor,laharbor,eduardofrayrek3ig,Eduardo Frayre
Mar 4,home,Mt. San Antonio,W,7-2,7,2,5,win,20150304_4a7r,0,0,0,0,0.0,,,,0.0,,,2015,2014-15,LA Harbor,laharbor,eduardofrayrek3ig,Eduardo Frayre
Mar 5,home,Mt. San Antonio,L,9-5,9,5,4,win,20150305_u2v9,0,0,0,0,0.0,,,,0.0,,,2015,2014-15,LA Harbor,laharbor,eduardofrayrek3ig,Eduardo Frayre
Mar 7,home,Mt. San Antonio,L,7-4,7,4,3,win,20150307_gzqp,0,0,0,0,0.0,,,,0.0,,,2015,2014-15,LA Harbor,laharbor,eduardofrayrek3ig,Eduardo Frayre
Mar 10,home,Long Beach,L,5-4,5,4,1,win,20150310_7g9g,0,0,0,0,0.0,,,,0.0,,,2015,2014-15,LA Harbor,laharbor,eduardofrayrek3ig,Eduardo Frayre
Mar 12,home,Long Beach,L,3-2,3,2,1,win,20150312_1xxj,0,0,0,0,0.0,,,,0.0,,,2015,2014-15,LA Harbor,laharbor,eduardofrayrek3ig,Eduardo Frayre
Mar 14,home,Long Beach,W,7-2,7,2,5,win,20150314_loot,0,0,0,0,0.0,,,,0.0,,,2015,2014-15,LA Harbor,laharbor,eduardofrayrek3ig,Eduardo Frayre
Mar 17,home,El Camino-Compton Center,W,5-2,5,2,3,win,20150317_opfm,0,0,0,0,0.0,,,,0.0,,,2015,2014-15,LA Harbor,laharbor,eduardofrayrek3ig,Eduardo Frayre
Mar 19,home,El Camino-Compton Center,L,10-4,10,4,6,win,20150319_w6un,0,0,0,0,0.0,,,,0.0,,,2015,2014-15,LA Harbor,laharbor,eduardofrayrek3ig,Eduardo Frayre
Mar 24,home,Pasadena,L,11-3,11,3,8,win,20150324_umtk,0,0,0,0,0.0,,,,0.0,,,2015,2014-15,LA Harbor,laharbor,eduardofrayrek3ig,Eduardo Frayre
Mar 26,home,Pasadena,L,11-6,11,6,5,win,20150326_gxt4,0,0,0,0,0.0,,,,0.0,,,2015,2014-15,LA Harbor,laharbor,eduardofrayrek3ig,Eduardo Frayre
Mar 31,home,West LA,W,8-2,8,2,6,win,20150331_6484,0,0,0,0,0.0,,,,0.0,,,2015,2014-15,LA Harbor,laharbor,eduardofrayrek3ig,Eduardo Frayre
Apr 1,home,LA Mission,L,7-4,7,4,3,win,20150401_3n4f,0,0,0,0,0.0,,,,0.0,,,2015,2014-15,LA Harbor,laharbor,eduardofrayrek3ig,Eduardo Frayre
Apr 3,home,LA Pierce,W,10-3,10,3,7,win,20150403_31wk,0,0,0,0,0.0,,,,0.0,,,2015,2014-15,LA Harbor,laharbor,eduardofrayrek3ig,Eduardo Frayre
Apr 7,home,El Camino,L,2-0,2,0,2,win,20150407_2pji,0,0,0,0,0.0,,,,0.0,,,2015,2014-15,LA Harbor,laharbor,eduardofrayrek3ig,Eduardo Frayre
Apr 9,home,El Camino,L,10-9,10,9,1,win,20150409_93rf,0,0,0,0,0.0,,,,0.0,,,2015,2014-15,LA Harbor,laharbor,eduardofrayrek3ig,Eduardo Frayre
Apr 11,home,El Camino,L,6-4,6,4,2,win,20150411_3bs3,0,0,0,0,0.0,,,,0.0,,,2015,2014-15,LA Harbor,laharbor,eduardofrayrek3ig,Eduardo Frayre
Apr 14,home,East Los Angeles,W,3-1,3,1,2,win,20150414_2tbr,0,0,0,0,0.0,,,,0.0,,,2015,2014-15,LA Harbor,laharbor,eduardofrayrek3ig,Eduardo Frayre
Apr 16,home,East Los Angeles,L,5-4,5,4,1,win,20150416_r8d0,0,0,0,0,0.0,,,,0.0,,,2015,2014-15,LA Harbor,laharbor,eduardofrayrek3ig,Eduardo Frayre
Apr 18,home,East Los Angeles,W,4-1,4,1,3,win,20150418_ofz1,0,0,0,0,0.0,,,,0.0,,,2015,2014-15,LA Harbor,laharbor,eduardofrayrek3ig,Eduardo Frayre
Apr 21,home,Cerritos,W,8-4,8,4,4,win,20150421_kxc2,0,0,0,0,0.0,,,,0.0,,,2015,2014-15,LA Harbor,laharbor,eduardofrayrek3ig,Eduardo Frayre
Apr 23,home,Cerritos,L,5-1,5,1,4,win,20150423_6yej,0,0,0,0,0.0,,,,0.0,,,2015,2014-15,LA Harbor,laharbor,eduardofrayrek3ig,Eduardo Frayre
Apr 24,home,Cerritos,L,7-0,7,0,7,win,20150424_xanb,0,0,0,0,0.0,,,,0.0,,,2015,2014-15,LA Harbor,laharbor,eduardofrayrek3ig,Eduardo Frayre
Jan 27,home,Glendale,W,6-5,6,5,1,win,20150127_bqi7,0,0,0,0,0.0,,,,0.0,,,2015,2014-15,Cerritos,cerritos,justinwalshx4gs,Justin Walsh
Jan 29,home,Canyons,L,2-0,2,0,2,win,20150129_q9u1,0,0,0,0,0.0,,,,0.0,,,2015,2014-15,Cerritos,cerritos,justinwalshx4gs,Justin Walsh
Jan 31,home,Citrus,W,14-6,14,6,8,win,20150131_cq3e,0,0,0,0,0.0,,,,0.0,,,2015,2014-15,Cerritos,cerritos,justinwalshx4gs,Justin Walsh
Feb 5,home,Ventura,W,6-4,6,4,2,win,20150205_gcsf,0,0,0,0,0.0,,,,0.0,,,2015,2014-15,Cerritos,cerritos,justinwalshx4gs,Justin Walsh
Feb 7,home,Santa Ana,W,2-0,2,0,2,win,20150207_ic3l,0,0,0,0,0.0,,,,0.0,,,2015,2014-15,Cerritos,cerritos,justinwalshx4gs,Justin Walsh
Feb 10,home,Golden West,L,4-2,4,2,2,win,20150210_l5yf,0,0,0,0,0.0,,,,0.0,,,2015,2014-15,Cerritos,cerritos,justinwalshx4gs,Justin Walsh
Feb 12,home,Mt. San Jacinto,L,5-3,5,3,2,win,20150212_aa3a,0,0,0,0,0.0,,,,0.0,,,2015,2014-15,Cerritos,cerritos,justinwalshx4gs,Justin Walsh
Feb 14,home,Mt. San Jacinto,W,5-4,5,4,1,win,20150214_f9eu,0,0,0,0,0.0,,,,0.0,,,2015,2014-15,Cerritos,cerritos,justinwalshx4gs,Justin Walsh
Feb 17,home,Santa Ana,L,7-2,7,2,5,win,20150217_r7yr,0,0,0,0,0.0,,,,0.0,,,2015,2014-15,Cerritos,cerritos,justinwalshx4gs,Justin Walsh
Feb 18,home,Palomar,L,7-1,7,1,6,win,20150218_wk2b,0,0,0,0,0.0,,,,0.0,,,2015,2014-15,Cerritos,cerritos,justinwalshx4gs,Justin Walsh
Feb 20,home,Fullerton,L,5-1,5,1,4,win,20150220_d0sc,0,0,0,0,0.0,,,,0.0,,,2015,2014-15,Cerritos,cerritos,justinwalshx4gs,Justin Walsh
Feb 24,home,Golden West,W,3-2,3,2,1,win,20150224_iydm,0,0,0,0,0.0,,,,0.0,,,2015,2014-15,Cerritos,cerritos,justinwalshx4gs,Justin Walsh
Mar 4,home,Pasadena,W,5-4,5,4,1,win,20150304_2ge6,0,0,0,0,0.0,,,,0.0,,,2015,2014-15,Cerritos,cerritos,justinwalshx4gs,Justin Walsh
Mar 5,home,Pasadena,W,14-3,14,3,11,win,20150305_q9yo,0,0,0,0,0.0,,,,0.0,,,2015,2014-15,Cerritos,cerritos,justinwalshx4gs,Justin Walsh
Mar 7,home,Pasadena,W,5-0,5,0,5,win,20150307_w3ax,0,0,0,0,0.0,,,,0.0,,,2015,2014-15,Cerritos,cerritos,justinwalshx4gs,Justin Walsh
Mar 10,home,Mt. San Antonio,L,4-1,4,1,3,win,20150310_6krv,0,0,0,0,0.0,,,,0.0,,,2015,2014-15,Cerritos,cerritos,justinwalshx4gs,Justin Walsh
Mar 12,home,Mt. San Antonio,W,1-0,1,0,1,win,20150312_f5ok,0,0,0,0,0.0,,,,0.0,,,2015,2014-15,Cerritos,cerritos,justinwalshx4gs,Justin Walsh
Mar 14,home,Mt. San Antonio,W,4-1,4,1,3,win,20150314_e09f,0,0,0,0,0.0,,,,0.0,,,2015,2014-15,Cerritos,cerritos,justinwalshx4gs,Justin Walsh
Mar 17,home,Long Beach,L,3-0,3,0,3,win,20150317_311n,0,0,0,0,0.0,,,,0.0,,,2015,2014-15,Cerritos,cerritos,justinwalshx4gs,Justin Walsh
Mar 19,home,Long Beach,W,11-2,11,2,9,win,20150319_pksn,0,0,0,0,0.0,,,,0.0,,,2015,2014-15,Cerritos,cerritos,justinwalshx4gs,Justin Walsh
Mar 21,home,Long Beach,L,3-2,3,2,1,win,20150321_560e,0,0,0,0,0.0,,,,0.0,,,2015,2014-15,Cerritos,cerritos,justinwalshx4gs,Justin Walsh
Mar 24,home,El Camino-Compton Center,W,1-0,1,0,1,win,20150324_830h,0,0,0,0,0.0,,,,0.0,,,2015,2014-15,Cerritos,cerritos,justinwalshx4gs,Justin Walsh
Mar 26,home,El Camino-Compton Center,L,5-1,5,1,4,win,20150326_shcq,0,0,0,0,0.0,,,,0.0,,,2015,2014-15,Cerritos,cerritos,justinwalshx4gs,Justin Walsh
Mar 28,home,El Camino-Compton Center,L,2-1,2,1,1,win,20150328_1ngb,0,0,0,0,0.0,,,,0.0,,,2015,2014-15,Cerritos,cerritos,justinwalshx4gs,Justin Walsh
Mar 31,home,Fresno City,L,9-0,9,0,9,win,20150331_mkza,0,0,0,0,0.0,,,,0.0,,,2015,2014-15,Cerritos,cerritos,justinwalshx4gs,Justin Walsh
Apr 1,home,Merced,W,10-1,10,1,9,win,20150401_hd07,0,0,0,0,0.0,,,,0.0,,,2015,2014-15,Cerritos,cerritos,justinwalshx4gs,Justin Walsh
Jan 30,home,Sacramento City,L,3-1,3,1,2,win,20150130_adfq,0,0,0,0,0.0,,,,0.0,,,2015,2014-15,Fresno City,fresno,rjhartmanniuj5,Rj Hartmann
Jan 31,home,Sacramento City,W,10-7,10,7,3,win,20150131_229k,0,0,0,0,0.0,,,,0.0,,,2015,2014-15,Fresno City,fresno,rjhartmanniuj5,Rj Hartmann
Feb 5,home,Los Medanos,W,9-2,9,2,7,win,20150205_wcrn,0,0,0,0,0.0,,,,0.0,,,2015,2014-15,Fresno City,fresno,rjhartmanniuj5,Rj Hartmann
Feb 5,home,Los Medanos,W,8-2,8,2,6,win,20150205_f2g7,0,0,0,0,0.0,,,,0.0,,,2015,2014-15,Fresno City,fresno,rjhartmanniuj5,Rj Hartmann
Feb 6,home,Los Medanos,L,7-6,7,6,1,win,20150206_dnak,0,0,0,0,0.0,,,,0.0,,,2015,2014-15,Fresno City,fresno,rjhartmanniuj5,Rj Hartmann
Feb 13,home,Chabot,W,5-1,5,1,4,win,20150213_2d9r,0,0,0,0,0.0,,,,0.0,,,2015,2014-15,Fresno City,fresno,rjhartmanniuj5,Rj Hartmann
Feb 14,home,Chabot,W,4-3,4,3,1,win,20150214_5ax4,0,0,0,0,0.0,,,,0.0,,,2015,2014-15,Fresno City,fresno,rjhartmanniuj5,Rj Hartmann
Feb 17,home,Reedley,W,7-3,7,3,4,win,20150217_p4wd,0,0,0,0,0.0,,,,0.0,,,2015,2014-15,Fresno City,fresno,rjhartmanniuj5,Rj Hartmann
Feb 19,home,Reedley,W,6-0,6,0,6,win,20150219_azzf,0,0,0,0,0.0,,,,0.0,,,2015,2014-15,Fresno City,fresno,rjhartmanniuj5,Rj Hartmann
Feb 21,home,Reedley,W,6-5,6,5,1,win,20150221_g9y0,0,0,0,0,0.0,,,,0.0,,,2015,2014-15,Fresno City,fresno,rjhartmanniuj5,Rj Hartmann
Feb 24,home,West Hills Coalinga,W,14-1,14,1,13,win,20150224_x2fb,0,0,0,0,0.0,,,,0.0,,,2015,2014-15,Fresno City,fresno,rjhartmanniuj5,Rj Hartmann
Feb 26,home,West Hills Coalinga,W,4-2,4,2,2,win,20150226_jx3o,0,0,0,0,0.0,,,,0.0,,,2015,2014-15,Fresno City,fresno,rjhartmanniuj5,Rj Hartmann
Feb 27,home,West Hills Coalinga,W,7-3,7,3,4,win,20150227_1q3q,0,0,0,0,0.0,,,,0.0,,,2015,2014-15,Fresno City,fresno,rjhartmanniuj5,Rj Hartmann
Mar 3,home,Sequoias,W,10-6,10,6,4,win,20150303_03u2,0,0,0,0,0.0,,,,0.0,,,2015,2014-15,Fresno City,fresno,rjhartmanniuj5,Rj Hartmann
Mar 5,home,Sequoias,L,9-4,9,4,5,win,20150305_h7pf,0,0,0,0,0.0,,,,0.0,,,2015,2014-15,Fresno City,fresno,rjhartmanniuj5,Rj Hartmann
Mar 7,home,Sequoias,W,5-1,5,1,4,win,20150307_e4cq,0,0,0,0,0.0,,,,0.0,,,2015,2014-15,Fresno City,fresno,rjhartmanniuj5,Rj Hartmann
Mar 10,home,Porterville,W,7-0,7,0,7,win,20150310_ypgw,0,0,0,0,0.0,,,,0.0,,,2015,2014-15,Fresno City,fresno,rjhartmanniuj5,Rj Hartmann
Mar 12,home,Porterville,W,8-5,8,5,3,win,20150312_meia,0,0,0,0,0.0,,,,0.0,,,2015,2014-15,Fresno City,fresno,rjhartmanniuj5,Rj Hartmann
Mar 14,home,Porterville,W,8-1,8,1,7,win,20150314_3v67,0,0,0,0,0.0,,,,0.0,,,2015,2014-15,Fresno City,fresno,rjhartmanniuj5,Rj Hartmann
Mar 17,home,Merced,W,9-0,9,0,9,win,20150317_zalv,0,0,0,0,0.0,,,,0.0,,,2015,2014-15,Fresno City,fresno,rjhartmanniuj5,Rj Hartmann
Mar 19,home,Merced,W,4-3,4,3,1,win,20150319_1uty,0,0,0,0,0.0,,,,0.0,,,2015,2014-15,Fresno City,fresno,rjhartmanniuj5,Rj Hartmann
Mar 21,home,Merced,W,13-4,13,4,9,win,20150321_qd6h,0,0,0,0,0.0,,,,0.0,,,2015,2014-15,Fresno City,fresno,rjhartmanniuj5,Rj Hartmann
Mar 24,home,Taft,W,18-2,18,2,16,win,20150324_sq5j,0,0,0,0,0.0,,,,0.0,,,2015,2014-15,Fresno City,fresno,rjhartmanniuj5,Rj Hartmann
Mar 26,home,Taft,W,9-6,9,6,3,win,20150326_it3o,0,0,0,0,0.0,,,,0.0,,,2015,2014-15,Fresno City,fresno,rjhartmanniuj5,Rj Hartmann
Mar 28,home,Taft,W,10-2,10,2,8,win,20150328_2md6,0,0,0,0,0.0,,,,0.0,,,2015,2014-15,Fresno City,fresno,rjhartmanniuj5,Rj Hartmann
Mar 31,home,Cerritos,W,9-0,9,0,9,win,20150331_mkza,0,0,0,0,0.0,,,,0.0,,,2015,2014-15,Fresno City,fresno,rjhartmanniuj5,Rj Hartmann
Apr 1,home,Cypress,W,14-6,14,6,8,win,20150401_lmv2,0,0,0,0,0.0,,,,0.0,,,2015,2014-15,Fresno City,fresno,rjhartmanniuj5,Rj Hartmann
Apr 2,home,Cuesta,L,8-1,8,1,7,win,20150402_12kj,0,0,0,0,0.0,,,,0.0,,,2015,2014-15,Fresno City,fresno,rjhartmanniuj5,Rj Hartmann
Apr 8,home,Oxnard,W,4-3,4,3,1,win,20150408_adup,0,0,0,0,0.0,,,,0.0,,,2015,2014-15,Fresno City,fresno,rjhartmanniuj5,Rj Hartmann
Apr 9,home,Santa Barbara,L,5-3,5,3,2,win,20150409_pia0,0,0,0,0,0.0,,,,0.0,,,2015,2014-15,Fresno City,fresno,rjhartmanniuj5,Rj Hartmann
Apr 14,home,Sequoias,W,14-10,14,10,4,win,20150414_euy1,0,0,0,0,0.0,,,,0.0,,,2015,2014-15,Fresno City,fresno,rjhartmanniuj5,Rj Hartmann
Apr 18,home,Reedley,L,9-6,9,6,3,win,20150418_6p1k,0,0,0,0,0.0,,,,0.0,,,2015,2014-15,Fresno City,fresno,rjhartmanniuj5,Rj Hartmann
Apr 19,home,Taft,L,4-3,4,3,1,win,20150419_q06i,0,0,0,0,0.0,,,,0.0,,,2015,2014-15,Fresno City,fresno,rjhartmanniuj5,Rj Hartmann
Apr 21,home,Porterville,W,7-0,7,0,7,win,20150421_mgi5,0,0,0,0,0.0,,,,0.0,,,2015,2014-15,Fresno City,fresno,rjhartmanniuj5,Rj Hartmann
Apr 23,home,West Hills Coalinga,W,4-0,4,0,4,win,20150423_qqvz,0,0,0,0,0.0,,,,0.0,,,2015,2014-15,Fresno City,fresno,rjhartmanniuj5,Rj Hartmann
Apr 24,home,Merced,W,14-4,14,4,10,win,20150424_3jm4,0,0,0,0,0.0,,,,0.0,,,2015,2014-15,Fresno City,fresno,rjhartmanniuj5,Rj Hartmann
May 1,home,Skyline,L,5-3,5,3,2,win,20150501_27to,0,0,0,0,0.0,,,,0.0,,,2015,2014-15,Fresno City,fresno,rjhartmanniuj5,Rj Hartmann
May 2,home,Skyline,W,16-6,16,6,10,win,20150502_mk3f,0,0,0,0,0.0,,,,0.0,,,2015,2014-15,Fresno City,fresno,rjhartmanniuj5,Rj Hartmann
May 2,home,Skyline,W,11-8,11,8,3,win,20150502_sraw,0,0,0,0,0.0,,,,0.0,,,2015,2014-15,Fresno City,fresno,rjhartmanniuj5,Rj Hartmann
May 8,home,Ohlone,W,7-2,7,2,5,win,20150508_iwo4,0,0,0,0,0.0,,,,0.0,,,2015,2014-15,Fresno City,fresno,rjhartmanniuj5,Rj Hartmann
May 9,home,Ohlone,L,4-3,4,3,1,win,20150509_r2bd,0,0,0,0,0.0,,,,0.0,,,2015,2014-15,Fresno City,fresno,rjhartmanniuj5,Rj Hartmann
May 10,home,Ohlone,W,7-2,7,2,5,win,20150510_px0a,0,0,0,0,0.0,,,,0.0,,,2015,2014-15,Fresno City,fresno,rjhartmanniuj5,Rj Hartmann
May 15,home,Feather River,W,2-1,2,1,1,win,20150515_ofyn,0,0,0,0,0.0,,,,0.0,,,2015,2014-15,Fresno City,fresno,rjhartmanniuj5,Rj Hartmann
May 16,home,Feather River,W,9-7,9,7,2,win,20150516_5yt2,0,0,0,0,0.0,,,,0.0,,,2015,2014-15,Fresno City,fresno,rjhartmanniuj5,Rj Hartmann
May 23,home,Palomar,L,7-3,7,3,4,win,20150523_vaq4,0,0,0,0,0.0,,,,0.0,,,2015,2014-15,Fresno City,fresno,rjhartmanniuj5,Rj Hartmann
May 24,home,San Joaquin  Delta,L,13-2,13,2,11,win,20150524_fk8o,0,0,0,0,0.0,,,,0.0,,,2015,2014-15,Fresno City,fresno,rjhartmanniuj5,Rj Hartmann
Jan 29,home,Mendocino,L,5-4,5,4,1,win,20150129_99bb,0,0,0,0,0.0,,,,0.0,,,2015,2014-15,Redwoods,redwoods,calebleendmk,Caleb Lee
Jan 31,home,Mendocino,L,4-3,4,3,1,win,20150131_m1ou,0,0,1,0,3.0,1.0,1.0,1.0,3.0,,,2015,2014-15,Redwoods,redwoods,calebleendmk,Caleb Lee
Feb 14,home,Laney,L,10-3,10,3,7,win,20150214_u959,0,0,0,0,1.1,2.0,2.0,1.0,6.75,1.0,0.0,2015,2014-15,Redwoods,redwoods,calebleendmk,Caleb Lee
Feb 15,home,Contra Costa,W,6-1,6,1,5,win,20150215_iarc,0,0,0,0,0.0,,,,0.0,,,2015,2014-15,Redwoods,redwoods,calebleendmk,Caleb Lee
Feb 15,home,Skyline,L,7-6,7,6,1,win,20150215_3mbp,0,0,0,0,0.0,,,,0.0,,,2015,2014-15,Redwoods,redwoods,calebleendmk,Caleb Lee
Feb 20,home,Yuba,L,10-2,10,2,8,win,20150220_k6c5,0,0,0,0,0.0,,,,0.0,,,2015,2014-15,Redwoods,redwoods,calebleendmk,Caleb Lee
Feb 27,home,Butte,L,11-3,11,3,8,win,20150227_nf32,0,0,0,0,0.0,,,,0.0,,,2015,2014-15,Redwoods,redwoods,calebleendmk,Caleb Lee
Feb 28,home,Butte,L,10-0,10,0,10,win,20150228_rskn,0,0,0,0,0.0,,,,0.0,,,2015,2014-15,Redwoods,redwoods,calebleendmk,Caleb Lee
Feb 28,home,Butte,L,15-10,15,10,5,win,20150228_5nxe,0,0,0,0,0.1,1.0,,,0.0,,,2015,2014-15,Redwoods,redwoods,calebleendmk,Caleb Lee
Mar 6,home,Feather River,L,7-0,7,0,7,win,20150306_qmnt,0,0,0,0,0.0,,,,0.0,,,2015,2014-15,Redwoods,redwoods,calebleendmk,Caleb Lee
Mar 6,home,Feather River,L,20-1,20,1,19,win,20150306_fa6w,0,0,0,0,3.1,2.0,3.0,3.0,8.1,5.0,2.0,2015,2014-15,Redwoods,redwoods,calebleendmk,Caleb Lee
Mar 7,home,Feather River,L,12-8,12,8,4,win,20150307_9d9n,0,0,0,0,0.0,,,,0.0,,,2015,2014-15,Redwoods,redwoods,calebleendmk,Caleb Lee
Mar 13,home,Siskiyous,L,3-0,3,0,3,win,20150313_2qyk,0,0,0,0,0.0,,,,0.0,,,2015,2014-15,Redwoods,redwoods,calebleendmk,Caleb Lee
Mar 13,home,Siskiyous,L,7-6,7,6,1,win,20150313_rpb6,0,0,0,0,0.0,,,,0.0,,,2015,2014-15,Redwoods,redwoods,calebleendmk,Caleb Lee
Mar 14,home,Siskiyous,L,6-5,6,5,1,win,20150314_6qwe,0,0,0,0,0.0,,,,0.0,,,2015,2014-15,Redwoods,redwoods,calebleendmk,Caleb Lee
Mar 20,home,Shasta,L,8-0,8,0,8,win,20150320_7eu9,0,0,0,0,1.0,2.0,2.0,2.0,18.0,1.0,,2015,2014-15,Redwoods,redwoods,calebleendmk,Caleb Lee
Mar 20,home,Shasta,L,5-1,5,1,4,win,20150320_zxrh,0,0,0,0,0.0,,,,0.0,,,2015,2014-15,Redwoods,redwoods,calebleendmk,Caleb Lee
Mar 27,home,Lassen,L,21-8,21,8,13,win,20150327_toe5,0,0,0,0,0.0,,,,0.0,,,2015,2014-15,Redwoods,redwoods,calebleendmk,Caleb Lee
Mar 28,home,Lassen,W,8-7,8,7,1,win,20150328_g7pz,0,0,0,0,0.0,,,,0.0,,,2015,2014-15,Redwoods,redwoods,calebleendmk,Caleb Lee
Mar 28,home,Lassen,L,11-3,11,3,8,win,20150328_8wod,0,0,0,0,0.2,,,,0.0,,,2015,2014-15,Redwoods,redwoods,calebleendmk,Caleb Lee
Apr 3,home,Butte,L,7-0,7,0,7,win,20150403_ibj9,0,0,0,0,0.0,,,,0.0,,,2015,2014-15,Redwoods,redwoods,calebleendmk,Caleb Lee
Apr 3,home,Butte,W,6-5,6,5,1,win,20150403_a023,0,0,0,0,0.0,,,,0.0,,,2015,2014-15,Redwoods,redwoods,calebleendmk,Caleb Lee
Apr 13,home,Siskiyous,L,3-0,3,0,3,win,20150413_nr2s,0,0,0,0,0.0,,,,0.0,,,2015,2014-15,Redwoods,redwoods,calebleendmk,Caleb Lee
Apr 13,home,Siskiyous,W,10-4,10,4,6,win,20150413_txey,0,0,0,0,0.0,,,,0.0,,,2015,2014-15,Redwoods,redwoods,calebleendmk,Caleb Lee
Apr 18,home,Shasta,L,15-5,15,5,10,win,20150418_uj76,0,0,0,0,0.0,,,,0.0,,,2015,2014-15,Redwoods,redwoods,calebleendmk,Caleb Lee
Apr 23,home,Lassen,L,6-5,6,5,1,win,20150423_1cj0,0,0,0,0,0.0,,,,0.0,,,2015,2014-15,Redwoods,redwoods,calebleendmk,Caleb Lee
Apr 23,home,Lassen,L,9-4,9,4,5,win,20150423_tv2m,0,0,0,0,0.0,,,,0.0,,,2015,2014-15,Redwoods,redwoods,calebleendmk,Caleb Lee
Jan 27,home,San Bernardino,W,10-7,10,7,3,win,20150127_wati,0,0,0,0,0.0,,,,0.0,,,2015,2014-15,LA Mission,lamission,tannermarcoeia0v,Tanner Marcoe
Jan 29,home,San Bernardino,W,6-2,6,2,4,win,20150129_2srr,0,0,0,0,0.0,,,,0.0,,,2015,2014-15,LA Mission,lamission,tannermarcoeia0v,Tanner Marcoe
Jan 31,home,Oxnard,W,8-4,8,4,4,win,20150131_fzci,0,0,0,0,0.0,,,,0.0,,,2015,2014-15,LA Mission,lamission,tannermarcoeia0v,Tanner Marcoe
Feb 3,home,Santa Ana,L,9-1,9,1,8,win,20150203_7oz0,0,0,0,0,0.0,,,,0.0,,,2015,2014-15,LA Mission,lamission,tannermarcoeia0v,Tanner Marcoe
Feb 5,home,Oxnard,L,4-1,4,1,3,win,20150205_e07d,0,0,0,0,0.0,,,,0.0,,,2015,2014-15,LA Mission,lamission,tannermarcoeia0v,Tanner Marcoe
Feb 7,home,El Camino,L,3-1,3,1,2,win,20150207_au16,0,0,0,0,0.0,,,,0.0,,,2015,2014-15,LA Mission,lamission,tannermarcoeia0v,Tanner Marcoe
Feb 10,home,LA Pierce,W,7-4,7,4,3,win,20150210_j6vb,0,0,0,0,0.0,,,,0.0,,,2015,2014-15,LA Mission,lamission,tannermarcoeia0v,Tanner Marcoe
Feb 19,home,Fullerton,W,3-1,3,1,2,win,20150219_4vsm,0,0,0,0,0.0,,,,0.0,,,2015,2014-15,LA Mission,lamission,tannermarcoeia0v,Tanner Marcoe
Feb 25,home,Pasadena,W,7-0,7,0,7,win,20150225_z2gz,0,0,0,0,0.0,,,,0.0,,,2015,2014-15,LA Mission,lamission,tannermarcoeia0v,Tanner Marcoe
Mar 3,home,LA Valley,L,6-5,6,5,1,win,20150303_qc4i,0,0,0,0,0.0,,,,0.0,,,2015,2014-15,LA Mission,lamission,tannermarcoeia0v,Tanner Marcoe
Mar 5,home,Bakersfield,W,6-2,6,2,4,win,20150305_bt7e,0,0,0,0,0.0,,,,0.0,,,2015,2014-15,LA Mission,lamission,tannermarcoeia0v,Tanner Marcoe
Mar 7,home,West LA,W,9-3,9,3,6,win,20150307_u5d9,0,0,0,0,0.0,,,,0.0,,,2015,2014-15,LA Mission,lamission,tannermarcoeia0v,Tanner Marcoe
Mar 12,home,Canyons,L,3-2,3,2,1,win,20150312_8drc,0,0,0,0,0.0,,,,0.0,,,2015,2014-15,LA Mission,lamission,tannermarcoeia0v,Tanner Marcoe
Mar 14,home,Citrus,W,4-3,4,3,1,win,20150314_0ckv,0,0,0,0,0.0,,,,0.0,,,2015,2014-15,LA Mission,lamission,tannermarcoeia0v,Tanner Marcoe
Mar 17,home,Antelope Valley,W,8-6,8,6,2,win,20150317_8nsr,0,0,0,0,0.0,,,,0.0,,,2015,2014-15,LA Mission,lamission,tannermarcoeia0v,Tanner Marcoe
Mar 19,home,LA Valley,L,5-1,5,1,4,win,20150319_3y7n,0,0,0,0,0.0,,,,0.0,,,2015,2014-15,LA Mission,lamission,tannermarcoeia0v,Tanner Marcoe
Mar 21,home,LA Valley,L,11-4,11,4,7,win,20150321_883o,0,0,0,0,0.0,,,,0.0,,,2015,2014-15,LA Mission,lamission,tannermarcoeia0v,Tanner Marcoe
Mar 24,home,Bakersfield,L,17-8,17,8,9,win,20150324_y48k,0,0,0,0,0.0,,,,0.0,,,2015,2014-15,LA Mission,lamission,tannermarcoeia0v,Tanner Marcoe
Mar 26,home,Bakersfield,W,7-2,7,2,5,win,20150326_aogt,0,0,0,0,0.0,,,,0.0,,,2015,2014-15,LA Mission,lamission,tannermarcoeia0v,Tanner Marcoe
Mar 31,home,LA Pierce,L,12-4,12,4,8,win,20150331_3big,0,0,0,0,0.0,,,,0.0,,,2015,2014-15,LA Mission,lamission,tannermarcoeia0v,Tanner Marcoe
Apr 1,home,LA Harbor,W,7-4,7,4,3,win,20150401_3n4f,0,0,0,0,0.0,,,,0.0,,,2015,2014-15,LA Mission,lamission,tannermarcoeia0v,Tanner Marcoe
Apr 2,home,El Camino-Compton Center,W,3-2,3,2,1,win,20150402_i759,0,0,0,0,0.0,,,,0.0,,,2015,2014-15,LA Mission,lamission,tannermarcoeia0v,Tanner Marcoe
Apr 7,home,West LA,W,8-5,8,5,3,win,20150407_yxmn,0,0,0,0,0.0,,,,0.0,,,2015,2014-15,LA Mission,lamission,tannermarcoeia0v,Tanner Marcoe
Apr 9,home,Glendale,W,6-0,6,0,6,win,20150409_tutd,0,0,0,0,0.0,,,,0.0,,,2015,2014-15,LA Mission,lamission,tannermarcoeia0v,Tanner Marcoe
Apr 11,home,Glendale,W,21-7,21,7,14,win,20150411_w9gu,0,0,0,0,0.0,,,,0.0,,,2015,2014-15,LA Mission,lamission,tannermarcoeia0v,Tanner Marcoe
Apr 14,home,Canyons,W,9-7,9,7,2,win,20150414_q2ld,0,0,0,0,0.0,,,,0.0,,,2015,2014-15,LA Mission,lamission,tannermarcoeia0v,Tanner Marcoe
Apr 16,home,Canyons,W,3-0,3,0,3,win,20150416_70b9,0,0,0,0,0.0,,,,0.0,,,2015,2014-15,LA Mission,lamission,tannermarcoeia0v,Tanner Marcoe
Apr 18,home,Citrus,L,10-9,10,9,1,win,20150418_51yc,0,0,0,0,0.0,,,,0.0,,,2015,2014-15,LA Mission,lamission,tannermarcoeia0v,Tanner Marcoe
Apr 21,home,Citrus,W,4-3,4,3,1,win,20150421_fedi,0,0,0,0,0.0,,,,0.0,,,2015,2014-15,LA Mission,lamission,tannermarcoeia0v,Tanner Marcoe
Apr 23,home,Antelope Valley,W,12-8,12,8,4,win,20150423_4zx7,0,0,0,0,0.0,,,,0.0,,,2015,2014-15,LA Mission,lamission,tannermarcoeia0v,Tanner Marcoe
Apr 24,home,Antelope Valley,W,3-2,3,2,1,win,20150424_iswo,0,0,0,0,0.0,,,,0.0,,,2015,2014-15,LA Mission,lamission,tannermarcoeia0v,Tanner Marcoe
Apr 28,home,Irvine Valley,L,16-6,16,6,10,win,20150428_qtpd,0,0,0,0,0.0,,,,0.0,,,2015,2014-15,LA Mission,lamission,tannermarcoeia0v,Tanner Marcoe
Jan 27,home,Mission,L,9-7,9,7,2,win,20150127_qfne,0,0,0,0,0.0,,,,0.0,,,2015,2014-15,Hartnell,hartnell,donatogallanohfv1,Donato Gallano
Jan 30,home,Marin,L,12-8,12,8,4,win,20150130_ulqo,0,0,0,0,0.2,0.0,0.0,0.0,0.0,1.0,0.0,2015,2014-15,Hartnell,hartnell,donatogallanohfv1,Donato Gallano
Jan 31,home,Marin,L,15-3,15,3,12,win,20150131_76kx,0,0,0,0,0.0,,,,0.0,,,2015,2014-15,Hartnell,hartnell,donatogallanohfv1,Donato Gallano
Feb 3,home,Laney,L,10-8,10,8,2,win,20150203_craf,0,0,1,0,1.1,2.0,1.0,1.0,6.75,1.0,2.0,2015,2014-15,Hartnell,hartnell,donatogallanohfv1,Donato Gallano
Feb 5,home,Reedley,L,5-1,5,1,4,win,20150205_trml,0,0,0,0,0.0,,,,0.0,,,2015,2014-15,Hartnell,hartnell,donatogallanohfv1,Donato Gallano
Feb 6,home,Bakersfield,L,11-7,11,7,4,win,20150206_uhin,0,0,0,0,1.0,2.0,3.0,1.0,9.0,1.0,2.0,2015,2014-15,Hartnell,hartnell,donatogallanohfv1,Donato Gallano
Feb 7,home,Golden West,L,3-1,3,1,2,win,20150207_f1r5,0,0,0,0,0.0,,,,0.0,,,2015,2014-15,Hartnell,hartnell,donatogallanohfv1,Donato Gallano
Feb 13,home,American River,W,10-6,10,6,4,win,20150213_1e5c,0,0,0,0,0.0,,,,0.0,,,2015,2014-15,Hartnell,hartnell,donatogallanohfv1,Donato Gallano
Feb 14,home,American River,W,12-1,12,1,11,win,20150214_v1lx,0,0,0,0,0.0,,,,0.0,,,2015,2014-15,Hartnell,hartnell,donatogallanohfv1,Donato Gallano
Feb 17,home,Solano,L,12-9,12,9,3,win,20150217_p2g5,0,0,0,0,0.0,,,,0.0,,,2015,2014-15,Hartnell,hartnell,donatogallanohfv1,Donato Gallano
Feb 19,home,Contra Costa,L,7-6,7,6,1,win,20150219_63cy,0,0,0,0,0.0,,,,0.0,,,2015,2014-15,Hartnell,hartnell,donatogallanohfv1,Donato Gallano
Feb 24,home,Monterey,L,9-4,9,4,5,win,20150224_sgrm,0,0,0,0,0.0,,,,0.0,,,2015,2014-15,Hartnell,hartnell,donatogallanohfv1,Donato Gallano
Feb 26,home,Skyline,L,10-3,10,3,7,win,20150226_8y77,0,0,0,0,1.0,1.0,1.0,1.0,9.0,0.0,1.0,2015,2014-15,Hartnell,hartnell,donatogallanohfv1,Donato Gallano
Mar 3,home,Cabrillo,W,7-6,7,6,1,win,20150303_u9pc,0,0,0,1,0.2,0.0,0.0,0.0,0.0,0.0,0.0,2015,2014-15,Hartnell,hartnell,donatogallanohfv1,Donato Gallano
Mar 5,home,Ohlone,L,17-4,17,4,13,win,20150305_9m5o,0,0,0,0,0.0,,,,0.0,,,2015,2014-15,Hartnell,hartnell,donatogallanohfv1,Donato Gallano
Mar 7,home,Canada,L,9-1,9,1,8,win,20150307_203t,0,0,0,0,0.0,,,,0.0,,,2015,2014-15,Hartnell,hartnell,donatogallanohfv1,Donato Gallano
Mar 10,home,De Anza,L,5-1,5,1,4,win,20150310_9lq8,0,0,0,0,0.0,,,,0.0,,,2015,2014-15,Hartnell,hartnell,donatogallanohfv1,Donato Gallano
Mar 12,home,Gavilan,L,8-3,8,3,5,win,20150312_coa7,0,0,0,0,0.0,,,,0.0,,,2015,2014-15,Hartnell,hartnell,donatogallanohfv1,Donato Gallano
Mar 14,home,West Valley,L,7-1,7,1,6,win,20150314_bbq4,0,0,0,0,1.0,0.0,0.0,0.0,0.0,0.0,1.0,2015,2014-15,Hartnell,hartnell,donatogallanohfv1,Donato Gallano
Mar 17,home,Mission,L,5-4,5,4,1,win,20150317_j0t9,0,0,0,0,0.0,,,,0.0,,,2015,2014-15,Hartnell,hartnell,donatogallanohfv1,Donato Gallano
Mar 19,home,Canada,W,5-4,5,4,1,win,20150319_qx9c,0,0,0,0,0.0,,,,0.0,,,2015,2014-15,Hartnell,hartnell,donatogallanohfv1,Donato Gallano
Mar 21,home,Skyline,L,4-0,4,0,4,win,20150321_awld,0,0,0,0,0.0,,,,0.0,,,2015,2014-15,Hartnell,hartnell,donatogallanohfv1,Donato Gallano
Mar 24,home,Gavilan,W,10-1,10,1,9,win,20150324_urq1,0,0,0,0,0.0,,,,0.0,,,2015,2014-15,Hartnell,hartnell,donatogallanohfv1,Donato Gallano
Mar 26,home,San Mateo,L,9-2,9,2,7,win,20150326_8e70,0,0,0,0,0.0,,,,0.0,,,2015,2014-15,Hartnell,hartnell,donatogallanohfv1,Donato Gallano
Apr 2,home,Monterey,W,6-4,6,4,2,win,20150402_bloy,0,0,0,0,0.0,,,,0.0,,,2015,2014-15,Hartnell,hartnell,donatogallanohfv1,Donato Gallano
Apr 4,home,Cabrillo,W,3-2,3,2,1,win,20150404_6fph,0,0,0,0,0.0,,,,0.0,,,2015,2014-15,Hartnell,hartnell,donatogallanohfv1,Donato Gallano
Apr 7,home,Chabot,L,5-4,5,4,1,win,20150407_r1qt,0,0,0,0,0.0,,,,0.0,,,2015,2014-15,Hartnell,hartnell,donatogallanohfv1,Donato Gallano
Apr 9,home,San Francisco,L,5-2,5,2,3,win,20150409_ybhz,0,0,0,0,0.0,,,,0.0,,,2015,2014-15,Hartnell,hartnell,donatogallanohfv1,Donato Gallano
Apr 11,home,Ohlone,L,7-2,7,2,5,win,20150411_vrzu,0,0,0,0,0.0,,,,0.0,,,2015,2014-15,Hartnell,hartnell,donatogallanohfv1,Donato Gallano
Apr 14,home,Cabrillo,L,6-4,6,4,2,win,20150414_i3h0,0,0,0,0,0.0,,,,0.0,,,2015,2014-15,Hartnell,hartnell,donatogallanohfv1,Donato Gallano
Apr 16,home,Canada,L,6-2,6,2,4,win,20150416_vz4a,0,0,0,0,0.0,,,,0.0,,,2015,2014-15,Hartnell,hartnell,donatogallanohfv1,Donato Gallano
Apr 18,home,Monterey,W,12-5,12,5,7,win,20150418_dl5k,0,0,0,0,0.0,,,,0.0,,,2015,2014-15,Hartnell,hartnell,donatogallanohfv1,Donato Gallano
Apr 23,home,Gavilan,L,10-5,10,5,5,win,20150423_7x2x,0,0,0,0,0.0,,,,0.0,,,2015,2014-15,Hartnell,hartnell,donatogallanohfv1,Donato Gallano
Feb 6,home,Marin,L,14-9,14,9,5,win,20150206_9t0k,0,0,0,0,0.0,,,,0.0,,,2015,2014-15,Sequoias,sequoias,elijahholguin2a8w,Elijah Holguin
Feb 13,home,Bakersfield,W,11-3,11,3,8,win,20150213_btnq,0,0,0,0,0.0,,,,0.0,,,2015,2014-15,Sequoias,sequoias,elijahholguin2a8w,Elijah Holguin
Feb 14,home,De Anza,W,12-5,12,5,7,win,20150214_2rxi,0,0,0,0,0.0,,,,0.0,,,2015,2014-15,Sequoias,sequoias,elijahholguin2a8w,Elijah Holguin
Feb 20,home,Cosumnes River,W,4-2,4,2,2,win,20150220_mx1e,0,0,0,0,0.0,,,,0.0,,,2015,2014-15,Sequoias,sequoias,elijahholguin2a8w,Elijah Holguin
Feb 24,home,Merced,W,5-1,5,1,4,win,20150224_k05o,0,0,0,0,0.0,,,,0.0,,,2015,2014-15,Sequoias,sequoias,elijahholguin2a8w,Elijah Holguin
Feb 26,home,Merced,L,10-2,10,2,8,win,20150226_62m4,0,0,0,0,0.0,,,,0.0,,,2015,2014-15,Sequoias,sequoias,elijahholguin2a8w,Elijah Holguin
Mar 5,home,Fresno City,W,9-4,9,4,5,win,20150305_h7pf,0,0,0,0,0.0,,,,0.0,,,2015,2014-15,Sequoias,sequoias,elijahholguin2a8w,Elijah Holguin
Mar 10,home,Taft,W,5-1,5,1,4,win,20150310_mv0m,0,0,0,0,0.0,,,,0.0,,,2015,2014-15,Sequoias,sequoias,elijahholguin2a8w,Elijah Holguin
Mar 12,home,Taft,W,4-3,4,3,1,win,20150312_mgo4,0,0,0,0,0.0,,,,0.0,,,2015,2014-15,Sequoias,sequoias,elijahholguin2a8w,Elijah Holguin
Mar 14,home,Taft,W,5-3,5,3,2,win,20150314_63po,0,0,0,0,0.0,,,,0.0,,,2015,2014-15,Sequoias,sequoias,elijahholguin2a8w,Elijah Holguin
Mar 17,home,Reedley,W,9-1,9,1,8,win,20150317_u06t,0,0,0,0,0.0,,,,0.0,,,2015,2014-15,Sequoias,sequoias,elijahholguin2a8w,Elijah Holguin
Mar 19,home,Reedley,W,8-0,8,0,8,win,20150319_6bw4,0,0,0,0,0.0,,,,0.0,,,2015,2014-15,Sequoias,sequoias,elijahholguin2a8w,Elijah Holguin
Mar 21,home,Reedley,L,8-2,8,2,6,win,20150321_50m1,0,0,0,0,0.0,,,,0.0,,,2015,2014-15,Sequoias,sequoias,elijahholguin2a8w,Elijah Holguin
Mar 24,home,Porterville,L,2-1,2,1,1,win,20150324_0mtw,0,0,0,0,0.0,,,,0.0,,,2015,2014-15,Sequoias,sequoias,elijahholguin2a8w,Elijah Holguin
Mar 28,home,Porterville,W,6-2,6,2,4,win,20150328_qx9d,0,0,0,0,0.0,,,,0.0,,,2015,2014-15,Sequoias,sequoias,elijahholguin2a8w,Elijah Holguin
Mar 31,home,Bakersfield,L,11-1,11,1,10,win,20150331_fnzs,0,0,0,0,0.0,,,,0.0,,,2015,2014-15,Sequoias,sequoias,elijahholguin2a8w,Elijah Holguin
Apr 1,home,Saddleback,L,17-3,17,3,14,win,20150401_yon5,0,0,0,0,0.0,,,,0.0,,,2015,2014-15,Sequoias,sequoias,elijahholguin2a8w,Elijah Holguin
Apr 7,home,West Hills Coalinga,W,10-0,10,0,10,win,20150407_42tx,0,0,0,0,0.0,,,,0.0,,,2015,2014-15,Sequoias,sequoias,elijahholguin2a8w,Elijah Holguin
Apr 11,home,West Hills Coalinga,L,9-7,9,7,2,win,20150411_kkow,0,0,0,0,0.0,,,,0.0,,,2015,2014-15,Sequoias,sequoias,elijahholguin2a8w,Elijah Holguin
Apr 14,home,Fresno City,L,14-10,14,10,4,win,20150414_euy1,0,0,0,0,0.0,,,,0.0,,,2015,2014-15,Sequoias,sequoias,elijahholguin2a8w,Elijah Holguin
Apr 16,home,West Hills Coalinga,W,5-2,5,2,3,win,20150416_cupf,0,0,0,0,0.0,,,,0.0,,,2015,2014-15,Sequoias,sequoias,elijahholguin2a8w,Elijah Holguin
Apr 19,home,Porterville,W,16-4,16,4,12,win,20150419_t0ke,0,0,0,0,0.0,,,,0.0,,,2015,2014-15,Sequoias,sequoias,elijahholguin2a8w,Elijah Holguin
Apr 21,home,Taft,L,2-1,2,1,1,win,20150421_qc8k,0,0,0,0,0.0,,,,0.0,,,2015,2014-15,Sequoias,sequoias,elijahholguin2a8w,Elijah Holguin
Apr 23,home,Merced,L,5-4,5,4,1,win,20150423_n60a,0,0,0,0,0.0,,,,0.0,,,2015,2014-15,Sequoias,sequoias,elijahholguin2a8w,Elijah Holguin
May 1,home,San Joaquin  Delta,L,5-2,5,2,3,win,20150501_2gbp,0,0,0,0,0.0,,,,0.0,,,2015,2014-15,Sequoias,sequoias,elijahholguin2a8w,Elijah Holguin
Jan 30,home,Southwestern,L,9-3,9,3,6,win,20150130_6o3o,0,0,0,0,0.0,,,,0.0,,,2015,2014-15,Orange Coast,orangecoast,chadferreiraa7cm,Chad Ferreira
Jan 31,home,Desert,L,5-4,5,4,1,win,20150131_7b4w,0,0,0,0,0.0,,,,0.0,,,2015,2014-15,Orange Coast,orangecoast,chadferreiraa7cm,Chad Ferreira
Feb 3,home,Palomar,L,4-3,4,3,1,win,20150203_inmu,0,0,0,0,0.0,,,,0.0,,,2015,2014-15,Orange Coast,orangecoast,chadferreiraa7cm,Chad Ferreira
Feb 5,home,Cuesta,W,9-1,9,1,8,win,20150205_c9df,0,0,0,0,0.0,,,,0.0,,,2015,2014-15,Orange Coast,orangecoast,chadferreiraa7cm,Chad Ferreira
Jan 29,home,Redwoods,W,5-4,5,4,1,win,20150129_99bb,0,1,0,0,2.0,2.0,,,0.0,1.0,3.0,2015,2014-15,Mendocino,mendocino,zachvisinonihi6e,Zach Visinoni
Jan 31,home,Redwoods,W,4-3,4,3,1,win,20150131_m1ou,0,0,0,1,2.0,,,,0.0,,3.0,2015,2014-15,Mendocino,mendocino,zachvisinonihi6e,Zach Visinoni
Feb 4,home,Diablo Valley,W,6-5,6,5,1,win,20150204_wf87,0,0,0,1,2.0,1.0,,,0.0,,,2015,2014-15,Mendocino,mendocino,zachvisinonihi6e,Zach Visinoni
Feb 5,home,Gavilan,L,6-1,6,1,5,win,20150205_uvtn,0,0,0,0,0.2,1.0,0.0,0.0,0.0,0.0,1.0,2015,2014-15,Mendocino,mendocino,zachvisinonihi6e,Zach Visinoni
Feb 14,home,Butte,L,6-5,6,5,1,win,20150214_18a8,0,0,0,0,3.0,3.0,1.0,1.0,3.0,,1.0,2015,2014-15,Mendocino,mendocino,zachvisinonihi6e,Zach Visinoni
Feb 19,home,Siskiyous,W,5-4,5,4,1,win,20150219_9awr,0,1,0,0,3.0,1.0,,,0.0,2.0,,2015,2014-15,Mendocino,mendocino,zachvisinonihi6e,Zach Visinoni
Feb 24,home,Laney,W,3-2,3,2,1,win,20150224_n725,0,0,0,1,1.0,4.0,2.0,2.0,18.0,1.0,0.0,2015,2014-15,Mendocino,mendocino,zachvisinonihi6e,Zach Visinoni
Feb 26,home,Laney,W,8-5,8,5,3,win,20150226_pb1z,0,0,0,1,1.0,,,,0.0,,,2015,2014-15,Mendocino,mendocino,zachvisinonihi6e,Zach Visinoni
Feb 28,home,Contra Costa,W,7-4,7,4,3,win,20150228_u3bl,0,0,0,1,1.0,1.0,,,0.0,,,2015,2014-15,Mendocino,mendocino,zachvisinonihi6e,Zach Visinoni
Mar 7,home,Napa,L,11-3,11,3,8,win,20150307_77f6,0,0,0,0,1.0,,,,0.0,,1.0,2015,2014-15,Mendocino,mendocino,zachvisinonihi6e,Zach Visinoni
Mar 14,home,Folsom Lake,W,7-6,7,6,1,win,20150314_g0a9,0,0,0,0,1.0,4.0,3.0,1.0,9.0,,,2015,2014-15,Mendocino,mendocino,zachvisinonihi6e,Zach Visinoni
Mar 19,home,Yuba,W,6-4,6,4,2,win,20150319_hifj,0,0,0,1,2.0,1.0,,,0.0,,2.0,2015,2014-15,Mendocino,mendocino,zachvisinonihi6e,Zach Visinoni
Mar 21,home,Yuba,L,6-5,6,5,1,win,20150321_aa6u,0,0,1,0,1.2,4.0,4.0,2.0,10.8,,,2015,2014-15,Mendocino,mendocino,zachvisinonihi6e,Zach Visinoni
Apr 2,home,Solano,L,7-3,7,3,4,win,20150402_x3g7,0,0,0,0,1.1,,,,0.0,,2.0,2015,2014-15,Mendocino,mendocino,zachvisinonihi6e,Zach Visinoni
Apr 3,home,Solano,L,8-7,8,7,1,win,20150403_rnlo,0,0,1,0,2.0,5.0,3.0,3.0,13.5,,1.0,2015,2014-15,Mendocino,mendocino,zachvisinonihi6e,Zach Visinoni
Apr 9,home,Contra Costa,W,4-3,4,3,1,win,20150409_0oty,0,0,0,1,1.0,,,,0.0,,1.0,2015,2014-15,Mendocino,mendocino,zachvisinonihi6e,Zach Visinoni
Apr 10,home,Napa,W,5-3,5,3,2,win,20150410_noyn,0,1,0,0,3.0,1.0,,,0.0,,3.0,2015,2014-15,Mendocino,mendocino,zachvisinonihi6e,Zach Visinoni
Apr 14,home,Los Medanos,L,7-5,7,5,2,win,20150414_7n5t,0,0,0,0,5.0,6.0,1.0,1.0,1.8,,2.0,2015,2014-15,Mendocino,mendocino,zachvisinonihi6e,Zach Visinoni
Apr 23,home,Marin,L,17-12,17,12,5,win,20150423_ovej,0,0,0,0,1.0,1.0,,,0.0,1.0,3.0,2015,2014-15,Mendocino,mendocino,zachvisinonihi6e,Zach Visinoni
Apr 24,home,Solano,L,7-5,7,5,2,win,20150424_u8k4,0,0,0,0,2.0,2.0,2.0,,0.0,,2.0,2015,2014-15,Mendocino,mendocino,zachvisinonihi6e,Zach Visinoni
Jan 29,home,Laney,W,12-6,12,6,6,win,20150129_a9wz,0,0,0,0,0.0,,,,0.0,,,2015,2014-15,Skyline,skyline,brettberghammeridq6,Brett Berghammer
Jan 31,home,Cosumnes River,W,6-5,6,5,1,win,20150131_7itl,0,0,0,0,0.0,,,,0.0,,,2015,2014-15,Skyline,skyline,brettberghammeridq6,Brett Berghammer
Feb 3,home,Cosumnes River,L,11-6,11,6,5,win,20150203_7ev3,0,0,0,0,0.0,,,,0.0,,,2015,2014-15,Skyline,skyline,brettberghammeridq6,Brett Berghammer
Feb 12,home,Shasta,W,14-7,14,7,7,win,20150212_nr7o,0,0,0,0,0.0,,,,0.0,,,2015,2014-15,Skyline,skyline,brettberghammeridq6,Brett Berghammer
Feb 13,home,Shasta,L,11-7,11,7,4,win,20150213_6du8,0,0,0,0,0.0,,,,0.0,,,2015,2014-15,Skyline,skyline,brettberghammeridq6,Brett Berghammer
Feb 14,home,Shasta,W,7-2,7,2,5,win,20150214_awn9,0,0,0,0,0.0,,,,0.0,,,2015,2014-15,Skyline,skyline,brettberghammeridq6,Brett Berghammer
Feb 15,home,Redwoods,W,7-6,7,6,1,win,20150215_3mbp,0,0,0,0,0.0,,,,0.0,,,2015,2014-15,Skyline,skyline,brettberghammeridq6,Brett Berghammer
Feb 19,home,San Diego Mesa,L,8-3,8,3,5,win,20150219_to8c,0,0,0,0,0.0,,,,0.0,,,2015,2014-15,Skyline,skyline,brettberghammeridq6,Brett Berghammer
Feb 20,home,San Diego Mesa,W,5-3,5,3,2,win,20150220_zggm,0,0,0,0,0.0,,,,0.0,,,2015,2014-15,Skyline,skyline,brettberghammeridq6,Brett Berghammer
Feb 26,home,Hartnell,W,10-3,10,3,7,win,20150226_8y77,0,0,0,0,0.0,,,,0.0,,,2015,2014-15,Skyline,skyline,brettberghammeridq6,Brett Berghammer
Feb 27,home,San Francisco,W,2-1,2,1,1,win,20150227_n3oj,0,0,0,0,0.0,,,,0.0,,,2015,2014-15,Skyline,skyline,brettberghammeridq6,Brett Berghammer
Feb 28,home,Mission,L,12-6,12,6,6,win,20150228_i3ie,0,0,0,0,0.0,,,,0.0,,,2015,2014-15,Skyline,skyline,brettberghammeridq6,Brett Berghammer
Mar 3,home,Monterey,W,2-1,2,1,1,win,20150303_brup,0,0,0,0,0.0,,,,0.0,,,2015,2014-15,Skyline,skyline,brettberghammeridq6,Brett Berghammer
Mar 5,home,Gavilan,W,3-2,3,2,1,win,20150305_cryd,0,0,0,0,0.0,,,,0.0,,,2015,2014-15,Skyline,skyline,brettberghammeridq6,Brett Berghammer
Mar 7,home,Ohlone,L,3-2,3,2,1,win,20150307_it7z,0,0,0,0,0.0,,,,0.0,,,2015,2014-15,Skyline,skyline,brettberghammeridq6,Brett Berghammer
Mar 12,home,Cabrillo,L,3-0,3,0,3,win,20150312_mgnd,0,0,0,0,0.0,,,,0.0,,,2015,2014-15,Skyline,skyline,brettberghammeridq6,Brett Berghammer
Mar 14,home,Canada,L,8-1,8,1,7,win,20150314_dge9,0,0,0,0,0.0,,,,0.0,,,2015,2014-15,Skyline,skyline,brettberghammeridq6,Brett Berghammer
Mar 17,home,West Valley,L,14-3,14,3,11,win,20150317_ix28,0,0,0,0,0.0,,,,0.0,,,2015,2014-15,Skyline,skyline,brettberghammeridq6,Brett Berghammer
Mar 19,home,Ohlone,L,11-3,11,3,8,win,20150319_i9ba,0,0,0,0,0.0,,,,0.0,,,2015,2014-15,Skyline,skyline,brettberghammeridq6,Brett Berghammer
Mar 21,home,Hartnell,W,4-0,4,0,4,win,20150321_awld,0,0,0,0,0.0,,,,0.0,,,2015,2014-15,Skyline,skyline,brettberghammeridq6,Brett Berghammer
Mar 24,home,Canada,L,3-0,3,0,3,win,20150324_6e1k,0,0,0,0,0.0,,,,0.0,,,2015,2014-15,Skyline,skyline,brettberghammeridq6,Brett Berghammer
Mar 26,home,Monterey,W,4-3,4,3,1,win,20150326_buvo,0,0,0,0,0.0,,,,0.0,,,2015,2014-15,Skyline,skyline,brettberghammeridq6,Brett Berghammer
Mar 28,home,Cabrillo,W,7-3,7,3,4,win,20150328_7206,0,0,0,0,0.0,,,,0.0,,,2015,2014-15,Skyline,skyline,brettberghammeridq6,Brett Berghammer
Mar 31,home,Mission,W,4-2,4,2,2,win,20150331_i5et,0,0,0,0,0.0,,,,0.0,,,2015,2014-15,Skyline,skyline,brettberghammeridq6,Brett Berghammer
Apr 2,home,Gavilan,W,7-6,7,6,1,win,20150402_k9yn,0,0,0,0,0.0,,,,0.0,,,2015,2014-15,Skyline,skyline,brettberghammeridq6,Brett Berghammer
Apr 4,home,De Anza,L,1-0,1,0,1,win,20150404_ib5a,0,0,0,0,0.0,,,,0.0,,,2015,2014-15,Skyline,skyline,brettberghammeridq6,Brett Berghammer
Apr 7,home,San Francisco,W,11-4,11,4,7,win,20150407_e81i,0,0,0,0,0.0,,,,0.0,,,2015,2014-15,Skyline,skyline,brettberghammeridq6,Brett Berghammer
Apr 9,home,Canada,L,3-2,3,2,1,win,20150409_wear,0,0,0,0,0.0,,,,0.0,,,2015,2014-15,Skyline,skyline,brettberghammeridq6,Brett Berghammer
Apr 11,home,San Mateo,W,2-1,2,1,1,win,20150411_vbso,0,0,0,0,0.0,,,,0.0,,,2015,2014-15,Skyline,skyline,brettberghammeridq6,Brett Berghammer
Apr 14,home,Ohlone,L,13-4,13,4,9,win,20150414_6lrp,0,0,0,0,0.0,,,,0.0,,,2015,2014-15,Skyline,skyline,brettberghammeridq6,Brett Berghammer
Apr 16,home,Cabrillo,L,4-3,4,3,1,win,20150416_gbtc,0,0,0,0,0.0,,,,0.0,,,2015,2014-15,Skyline,skyline,brettberghammeridq6,Brett Berghammer
Apr 18,home,Gavilan,L,8-0,8,0,8,win,20150418_aaqe,0,0,0,0,0.0,,,,0.0,,,2015,2014-15,Skyline,skyline,brettberghammeridq6,Brett Berghammer
Apr 21,home,Hartnell,W,5-3,5,3,2,win,20150421_jahm,0,0,0,0,0.0,,,,0.0,,,2015,2014-15,Skyline,skyline,brettberghammeridq6,Brett Berghammer
Apr 23,home,Monterey,W,6-2,6,2,4,win,20150423_2nek,0,0,0,0,0.0,,,,0.0,,,2015,2014-15,Skyline,skyline,brettberghammeridq6,Brett Berghammer
Apr 28,home,De Anza,W,3-1,3,1,2,win,20150428_w6h7,0,0,0,0,0.0,,,,0.0,,,2015,2014-15,Skyline,skyline,brettberghammeridq6,Brett Berghammer
May 1,home,Fresno City,W,5-3,5,3,2,win,20150501_27to,0,0,0,0,0.0,,,,0.0,,,2015,2014-15,Skyline,skyline,brettberghammeridq6,Brett Berghammer
May 2,home,Fresno City,L,16-6,16,6,10,win,20150502_mk3f,0,0,0,0,0.0,,,,0.0,,,2015,2014-15,Skyline,skyline,brettberghammeridq6,Brett Berghammer
May 2,home,Fresno City,L,11-8,11,8,3,win,20150502_sraw,0,0,0,0,0.0,,,,0.0,,,2015,2014-15,Skyline,skyline,brettberghammeridq6,Brett Berghammer
Jan 31,home,Yuba,W,6-5,6,5,1,win,20150131_5p0n,0,0,0,0,0.0,,,,0.0,,,2015,2014-15,Ohlone,ohlone,dbvidal2uv0,DB Vidal
Feb 3,home,West Hills Coalinga,W,4-3,4,3,1,win,20150203_kikc,0,0,0,0,0.0,,,,0.0,,,2015,2014-15,Ohlone,ohlone,dbvidal2uv0,DB Vidal
Feb 6,home,Porterville,W,8-3,8,3,5,win,20150206_zso5,0,0,0,0,0.0,,,,0.0,,,2015,2014-15,Ohlone,ohlone,dbvidal2uv0,DB Vidal
Feb 6,home,Porterville,W,11-4,11,4,7,win,20150206_nbhv,0,0,0,0,0.0,,,,0.0,,,2015,2014-15,Ohlone,ohlone,dbvidal2uv0,DB Vidal
Feb 7,home,Porterville,W,4-0,4,0,4,win,20150207_snaq,0,0,0,0,0.0,,,,0.0,,,2015,2014-15,Ohlone,ohlone,dbvidal2uv0,DB Vidal
Feb 10,home,West Hills Coalinga,W,6-3,6,3,3,win,20150210_xudq,0,0,0,0,0.0,,,,0.0,,,2015,2014-15,Ohlone,ohlone,dbvidal2uv0,DB Vidal
Feb 11,home,West Hills Coalinga,W,14-3,14,3,11,win,20150211_w4ws,0,0,0,0,0.0,,,,0.0,,,2015,2014-15,Ohlone,ohlone,dbvidal2uv0,DB Vidal
Feb 14,home,Siskiyous,W,3-1,3,1,2,win,20150214_fzu3,0,0,0,0,0.0,,,,0.0,,,2015,2014-15,Ohlone,ohlone,dbvidal2uv0,DB Vidal
Feb 14,home,Siskiyous,W,5-2,5,2,3,win,20150214_g742,0,0,0,0,0.0,,,,0.0,,,2015,2014-15,Ohlone,ohlone,dbvidal2uv0,DB Vidal
Feb 18,home,Los Medanos,W,11-3,11,3,8,win,20150218_898a,0,0,0,0,0.0,,,,0.0,,,2015,2014-15,Ohlone,ohlone,dbvidal2uv0,DB Vidal
Feb 20,home,Feather River,W,3-2,3,2,1,win,20150220_hj0c,0,0,0,0,0.0,,,,0.0,,,2015,2014-15,Ohlone,ohlone,dbvidal2uv0,DB Vidal
Feb 21,home,Los Medanos,L,6-4,6,4,2,win,20150221_ubgt,0,0,0,0,0.0,,,,0.0,,,2015,2014-15,Ohlone,ohlone,dbvidal2uv0,DB Vidal
Mar 3,home,Mission,L,6-4,6,4,2,win,20150303_22s2,0,0,0,0,0.0,,,,0.0,,,2015,2014-15,Ohlone,ohlone,dbvidal2uv0,DB Vidal
Mar 5,home,Hartnell,W,17-4,17,4,13,win,20150305_9m5o,0,0,0,0,0.0,,,,0.0,,,2015,2014-15,Ohlone,ohlone,dbvidal2uv0,DB Vidal
Mar 10,home,San Francisco,W,7-1,7,1,6,win,20150310_d7yo,0,0,0,0,0.0,,,,0.0,,,2015,2014-15,Ohlone,ohlone,dbvidal2uv0,DB Vidal
Mar 14,home,Monterey,W,6-4,6,4,2,win,20150314_xlmc,0,0,0,0,0.0,,,,0.0,,,2015,2014-15,Ohlone,ohlone,dbvidal2uv0,DB Vidal
Mar 17,home,Chabot,L,8-0,8,0,8,win,20150316_l393,0,0,0,0,0.0,,,,0.0,,,2015,2014-15,Ohlone,ohlone,dbvidal2uv0,DB Vidal
Mar 19,home,Skyline,W,11-3,11,3,8,win,20150319_i9ba,0,0,0,0,0.0,,,,0.0,,,2015,2014-15,Ohlone,ohlone,dbvidal2uv0,DB Vidal
Mar 24,home,Cabrillo,W,3-1,3,1,2,win,20150324_g52y,0,0,0,0,0.0,,,,0.0,,,2015,2014-15,Ohlone,ohlone,dbvidal2uv0,DB Vidal
Mar 28,home,Hartnell,W,14-2,14,2,12,win,20150328_0dfj,0,0,0,0,0.0,,,,0.0,,,2015,2014-15,Ohlone,ohlone,dbvidal2uv0,DB Vidal
Mar 31,home,San Mateo,L,2-1,2,1,1,win,20150331_bubz,0,0,0,0,0.0,,,,0.0,,,2015,2014-15,Ohlone,ohlone,dbvidal2uv0,DB Vidal
Apr 4,home,Gavilan,L,2-1,2,1,1,win,20150404_tmdj,0,0,0,0,0.0,,,,0.0,,,2015,2014-15,Ohlone,ohlone,dbvidal2uv0,DB Vidal
Apr 9,home,Gavilan,L,5-4,5,4,1,win,20150409_fso3,0,0,0,0,0.0,,,,0.0,,,2015,2014-15,Ohlone,ohlone,dbvidal2uv0,DB Vidal
Apr 14,home,Skyline,W,13-4,13,4,9,win,20150414_6lrp,0,0,0,0,0.0,,,,0.0,,,2015,2014-15,Ohlone,ohlone,dbvidal2uv0,DB Vidal
Apr 21,home,De Anza,W,6-2,6,2,4,win,20150421_fmzd,0,0,0,0,0.0,,,,0.0,,,2015,2014-15,Ohlone,ohlone,dbvidal2uv0,DB Vidal
Apr 23,home,Canada,W,12-2,12,2,10,win,20150423_erb7,0,0,0,0,0.0,,,,0.0,,,2015,2014-15,Ohlone,ohlone,dbvidal2uv0,DB Vidal
May 1,home,Solano,W,5-3,5,3,2,win,20150501_q6iw,0,0,0,0,0.0,,,,0.0,,,2015,2014-15,Ohlone,ohlone,dbvidal2uv0,DB Vidal
May 2,home,Solano,W,3-2,3,2,1,win,20150502_9m0n,0,0,0,0,0.0,,,,0.0,,,2015,2014-15,Ohlone,ohlone,dbvidal2uv0,DB Vidal
Jan 29,home,Laney,W,12-6,12,6,6,win,20150129_a9wz,0,0,0,0,0.0,,,,0.0,,,2015,2014-15,Skyline,skyline,nobuakisuzukijanh,Nobuaki Suzuki
Jan 31,home,Cosumnes River,W,6-5,6,5,1,win,20150131_7itl,0,0,0,0,0.0,,,,0.0,,,2015,2014-15,Skyline,skyline,nobuakisuzukijanh,Nobuaki Suzuki
Feb 3,home,Cosumnes River,L,11-6,11,6,5,win,20150203_7ev3,0,0,0,0,0.0,,,,0.0,,,2015,2014-15,Skyline,skyline,nobuakisuzukijanh,Nobuaki Suzuki
Feb 12,home,Shasta,W,14-7,14,7,7,win,20150212_nr7o,0,0,0,0,0.0,,,,0.0,,,2015,2014-15,Skyline,skyline,nobuakisuzukijanh,Nobuaki Suzuki
Feb 13,home,Shasta,L,11-7,11,7,4,win,20150213_6du8,0,0,0,0,0.0,,,,0.0,,,2015,2014-15,Skyline,skyline,nobuakisuzukijanh,Nobuaki Suzuki
Feb 14,home,Shasta,W,7-2,7,2,5,win,20150214_awn9,0,0,0,0,0.0,,,,0.0,,,2015,2014-15,Skyline,skyline,nobuakisuzukijanh,Nobuaki Suzuki
Feb 15,home,Redwoods,W,7-6,7,6,1,win,20150215_3mbp,0,0,0,0,0.0,,,,0.0,,,2015,2014-15,Skyline,skyline,nobuakisuzukijanh,Nobuaki Suzuki
Feb 19,home,San Diego Mesa,L,8-3,8,3,5,win,20150219_to8c,0,0,0,0,0.0,,,,0.0,,,2015,2014-15,Skyline,skyline,nobuakisuzukijanh,Nobuaki Suzuki
Feb 20,home,San Diego Mesa,W,5-3,5,3,2,win,20150220_zggm,0,0,0,0,0.0,,,,0.0,,,2015,2014-15,Skyline,skyline,nobuakisuzukijanh,Nobuaki Suzuki
Feb 26,home,Hartnell,W,10-3,10,3,7,win,20150226_8y77,0,0,0,0,0.0,,,,0.0,,,2015,2014-15,Skyline,skyline,nobuakisuzukijanh,Nobuaki Suzuki
Feb 27,home,San Francisco,W,2-1,2,1,1,win,20150227_n3oj,0,0,0,0,0.0,,,,0.0,,,2015,2014-15,Skyline,skyline,nobuakisuzukijanh,Nobuaki Suzuki
Mar 3,home,Monterey,W,2-1,2,1,1,win,20150303_brup,0,0,0,0,0.0,,,,0.0,,,2015,2014-15,Skyline,skyline,nobuakisuzukijanh,Nobuaki Suzuki
Mar 5,home,Gavilan,W,3-2,3,2,1,win,20150305_cryd,0,0,0,0,0.0,,,,0.0,,,2015,2014-15,Skyline,skyline,nobuakisuzukijanh,Nobuaki Suzuki
Mar 7,home,Ohlone,L,3-2,3,2,1,win,20150307_it7z,0,0,0,0,0.0,,,,0.0,,,2015,2014-15,Skyline,skyline,nobuakisuzukijanh,Nobuaki Suzuki
Mar 10,home,Chabot,W,9-5,9,5,4,win,20150310_4zhc,0,0,0,0,0.0,,,,0.0,,,2015,2014-15,Skyline,skyline,nobuakisuzukijanh,Nobuaki Suzuki
Mar 12,home,Cabrillo,L,3-0,3,0,3,win,20150312_mgnd,0,0,0,0,0.0,,,,0.0,,,2015,2014-15,Skyline,skyline,nobuakisuzukijanh,Nobuaki Suzuki
Mar 14,home,Canada,L,8-1,8,1,7,win,20150314_dge9,0,0,0,0,0.0,,,,0.0,,,2015,2014-15,Skyline,skyline,nobuakisuzukijanh,Nobuaki Suzuki
Mar 17,home,West Valley,L,14-3,14,3,11,win,20150317_ix28,0,0,0,0,0.0,,,,0.0,,,2015,2014-15,Skyline,skyline,nobuakisuzukijanh,Nobuaki Suzuki
Mar 19,home,Ohlone,L,11-3,11,3,8,win,20150319_i9ba,0,0,0,0,0.0,,,,0.0,,,2015,2014-15,Skyline,skyline,nobuakisuzukijanh,Nobuaki Suzuki
Mar 21,home,Hartnell,W,4-0,4,0,4,win,20150321_awld,0,0,0,0,0.0,,,,0.0,,,2015,2014-15,Skyline,skyline,nobuakisuzukijanh,Nobuaki Suzuki
Mar 24,home,Canada,L,3-0,3,0,3,win,20150324_6e1k,0,0,0,0,0.0,,,,0.0,,,2015,2014-15,Skyline,skyline,nobuakisuzukijanh,Nobuaki Suzuki
Mar 26,home,Monterey,W,4-3,4,3,1,win,20150326_buvo,0,0,0,0,0.0,,,,0.0,,,2015,2014-15,Skyline,skyline,nobuakisuzukijanh,Nobuaki Suzuki
Mar 28,home,Cabrillo,W,7-3,7,3,4,win,20150328_7206,0,0,0,0,0.0,,,,0.0,,,2015,2014-15,Skyline,skyline,nobuakisuzukijanh,Nobuaki Suzuki
Mar 31,home,Mission,W,4-2,4,2,2,win,20150331_i5et,0,0,0,0,0.0,,,,0.0,,,2015,2014-15,Skyline,skyline,nobuakisuzukijanh,Nobuaki Suzuki
Apr 2,home,Gavilan,W,7-6,7,6,1,win,20150402_k9yn,0,0,0,0,0.0,,,,0.0,,,2015,2014-15,Skyline,skyline,nobuakisuzukijanh,Nobuaki Suzuki
Apr 4,home,De Anza,L,1-0,1,0,1,win,20150404_ib5a,0,0,0,0,0.0,,,,0.0,,,2015,2014-15,Skyline,skyline,nobuakisuzukijanh,Nobuaki Suzuki
Apr 7,home,San Francisco,W,11-4,11,4,7,win,20150407_e81i,0,0,0,0,0.0,,,,0.0,,,2015,2014-15,Skyline,skyline,nobuakisuzukijanh,Nobuaki Suzuki
Apr 9,home,Canada,L,3-2,3,2,1,win,20150409_wear,0,0,0,0,0.0,,,,0.0,,,2015,2014-15,Skyline,skyline,nobuakisuzukijanh,Nobuaki Suzuki
Apr 11,home,San Mateo,W,2-1,2,1,1,win,20150411_vbso,0,0,0,0,0.0,,,,0.0,,,2015,2014-15,Skyline,skyline,nobuakisuzukijanh,Nobuaki Suzuki
Apr 14,home,Ohlone,L,13-4,13,4,9,win,20150414_6lrp,0,0,0,0,0.0,,,,0.0,,,2015,2014-15,Skyline,skyline,nobuakisuzukijanh,Nobuaki Suzuki
Apr 16,home,Cabrillo,L,4-3,4,3,1,win,20150416_gbtc,0,0,0,0,0.0,,,,0.0,,,2015,2014-15,Skyline,skyline,nobuakisuzukijanh,Nobuaki Suzuki
Apr 18,home,Gavilan,L,8-0,8,0,8,win,20150418_aaqe,0,0,0,0,0.0,,,,0.0,,,2015,2014-15,Skyline,skyline,nobuakisuzukijanh,Nobuaki Suzuki
Apr 21,home,Hartnell,W,5-3,5,3,2,win,20150421_jahm,0,0,0,0,0.0,,,,0.0,,,2015,2014-15,Skyline,skyline,nobuakisuzukijanh,Nobuaki Suzuki
Apr 23,home,Monterey,W,6-2,6,2,4,win,20150423_2nek,0,0,0,0,0.0,,,,0.0,,,2015,2014-15,Skyline,skyline,nobuakisuzukijanh,Nobuaki Suzuki
Apr 28,home,De Anza,W,3-1,3,1,2,win,20150428_w6h7,0,0,0,0,0.0,,,,0.0,,,2015,2014-15,Skyline,skyline,nobuakisuzukijanh,Nobuaki Suzuki
May 1,home,Fresno City,W,5-3,5,3,2,win,20150501_27to,0,0,0,0,0.0,,,,0.0,,,2015,2014-15,Skyline,skyline,nobuakisuzukijanh,Nobuaki Suzuki
May 2,home,Fresno City,L,16-6,16,6,10,win,20150502_mk3f,0,0,0,0,0.0,,,,0.0,,,2015,2014-15,Skyline,skyline,nobuakisuzukijanh,Nobuaki Suzuki
May 2,home,Fresno City,L,11-8,11,8,3,win,20150502_sraw,0,0,0,0,0.0,,,,0.0,,,2015,2014-15,Skyline,skyline,nobuakisuzukijanh,Nobuaki Suzuki
Jan 31,home,Ventura,W,11-4,11,4,7,win,20150131_q00k,0,0,0,0,0.0,,,,0.0,,,2015,2014-15,Cypress,cypress,jacobperryzgy7,Jacob Perry
Feb 6,home,Desert,W,8-7,8,7,1,win,20150206_qytm,0,0,0,0,0.0,,,,0.0,,,2015,2014-15,Cypress,cypress,jacobperryzgy7,Jacob Perry
Feb 13,home,Merced,W,21-1,21,1,20,win,20150213_41z9,0,0,0,0,0.0,,,,0.0,,,2015,2014-15,Cypress,cypress,jacobperryzgy7,Jacob Perry
Feb 17,home,Desert,W,22-1,22,1,21,win,20150217_f0sh,0,0,0,0,0.0,,,,0.0,,,2015,2014-15,Cypress,cypress,jacobperryzgy7,Jacob Perry
Feb 20,home,Glendale,W,11-3,11,3,8,win,20150220_74fi,0,0,0,0,0.0,,,,0.0,,,2015,2014-15,Cypress,cypress,jacobperryzgy7,Jacob Perry
Feb 26,home,Golden West,L,7-6,7,6,1,win,20150226_pu3e,0,0,0,0,0.0,,,,0.0,,,2015,2014-15,Cypress,cypress,jacobperryzgy7,Jacob Perry
Mar 12,home,Fullerton,L,6-5,6,5,1,win,20150312_y0g2,0,0,0,0,0.0,,,,0.0,,,2015,2014-15,Cypress,cypress,jacobperryzgy7,Jacob Perry
Mar 21,home,Saddleback,W,4-1,4,1,3,win,20150321_swz9,0,0,0,0,0.0,,,,0.0,,,2015,2014-15,Cypress,cypress,jacobperryzgy7,Jacob Perry
Mar 27,home,Irvine Valley,W,4-3,4,3,1,win,20150327_5809,0,0,0,0,0.0,,,,0.0,,,2015,2014-15,Cypress,cypress,jacobperryzgy7,Jacob Perry
Mar 31,home,Cuesta,L,2-1,2,1,1,win,20150331_1ugz,0,0,0,0,0.0,,,,0.0,,,2015,2014-15,Cypress,cypress,jacobperryzgy7,Jacob Perry
Apr 2,home,Allan Hancock,W,7-4,7,4,3,win,20150402_fkxa,0,0,0,0,0.0,,,,0.0,,,2015,2014-15,Cypress,cypress,jacobperryzgy7,Jacob Perry
Apr 11,home,Riverside,L,9-2,9,2,7,win,20150411_36ur,0,0,0,0,0.0,,,,0.0,,,2015,2014-15,Cypress,cypress,jacobperryzgy7,Jacob Perry
Apr 16,home,Santa Ana,W,12-1,12,1,11,win,20150416_j99p,0,0,0,0,0.0,,,,0.0,,,2015,2014-15,Cypress,cypress,jacobperryzgy7,Jacob Perry
Apr 17,home,Santa Ana,L,18-5,18,5,13,win,20150417_rv4i,0,0,0,0,0.0,,,,0.0,,,2015,2014-15,Cypress,cypress,jacobperryzgy7,Jacob Perry
Jan 27,home,Folsom Lake,L,5-4,5,4,1,win,20150127_hrxj,0,0,0,0,0.0,,,,0.0,,,2015,2014-15,Shasta,shasta,jakemekeel2095,Jake Mekeel
Feb 4,home,American River,L,9-1,9,1,8,win,20150204_f3vd,0,0,0,0,0.0,,,,0.0,,,2015,2014-15,Shasta,shasta,jakemekeel2095,Jake Mekeel
Feb 5,home,Sierra,W,8-0,8,0,8,win,20150205_zm8n,0,0,0,0,0.0,,,,0.0,,,2015,2014-15,Shasta,shasta,jakemekeel2095,Jake Mekeel
Feb 12,home,Skyline,L,14-7,14,7,7,win,20150212_nr7o,0,0,0,0,0.0,,,,0.0,,,2015,2014-15,Shasta,shasta,jakemekeel2095,Jake Mekeel
Feb 13,home,Skyline,W,11-7,11,7,4,win,20150213_6du8,0,0,0,0,0.0,,,,0.0,,,2015,2014-15,Shasta,shasta,jakemekeel2095,Jake Mekeel
Feb 14,home,Skyline,L,7-2,7,2,5,win,20150214_awn9,0,0,0,0,0.0,,,,0.0,,,2015,2014-15,Shasta,shasta,jakemekeel2095,Jake Mekeel
Feb 18,home,American River,L,17-6,17,6,11,win,20150218_ppf0,0,0,0,0,0.0,,,,0.0,,,2015,2014-15,Shasta,shasta,jakemekeel2095,Jake Mekeel
Feb 20,home,Napa,L,11-6,11,6,5,win,20150220_og3o,0,0,0,0,0.0,,,,0.0,,,2015,2014-15,Shasta,shasta,jakemekeel2095,Jake Mekeel
Feb 21,home,Napa,L,6-0,6,0,6,win,20150221_hfhn,0,0,0,0,0.0,,,,0.0,,,2015,2014-15,Shasta,shasta,jakemekeel2095,Jake Mekeel
Feb 24,home,Cosumnes River,L,20-13,20,13,7,win,20150224_yrwb,0,0,0,0,0.0,,,,0.0,,,2015,2014-15,Shasta,shasta,jakemekeel2095,Jake Mekeel
Feb 27,home,Lassen,L,14-2,14,2,12,win,20150227_ig47,0,0,0,0,0.0,,,,0.0,,,2015,2014-15,Shasta,shasta,jakemekeel2095,Jake Mekeel
Feb 28,home,Lassen,L,6-2,6,2,4,win,20150228_l0uq,0,0,0,0,0.0,,,,0.0,,,2015,2014-15,Shasta,shasta,jakemekeel2095,Jake Mekeel
Mar 4,home,Siskiyous,L,4-3,4,3,1,win,20150304_tvjv,0,0,0,0,0.0,,,,0.0,,,2015,2014-15,Shasta,shasta,jakemekeel2095,Jake Mekeel
Mar 7,home,Siskiyous,W,6-5,6,5,1,win,20150307_xlxp,0,0,0,0,0.0,,,,0.0,,,2015,2014-15,Shasta,shasta,jakemekeel2095,Jake Mekeel
Mar 7,home,Siskiyous,L,5-4,5,4,1,win,20150307_0ebw,0,0,0,0,0.0,,,,0.0,,,2015,2014-15,Shasta,shasta,jakemekeel2095,Jake Mekeel
Mar 13,home,Butte,W,7-6,7,6,1,win,20150313_zdls,0,0,0,0,0.0,,,,0.0,,,2015,2014-15,Shasta,shasta,jakemekeel2095,Jake Mekeel
Mar 14,home,Butte,L,11-4,11,4,7,win,20150314_89jr,0,0,0,0,0.0,,,,0.0,,,2015,2014-15,Shasta,shasta,jakemekeel2095,Jake Mekeel
Mar 14,home,Butte,W,12-4,12,4,8,win,20150314_fqcm,0,0,0,0,0.0,,,,0.0,,,2015,2014-15,Shasta,shasta,jakemekeel2095,Jake Mekeel
Mar 20,home,Redwoods,W,8-0,8,0,8,win,20150320_7eu9,0,0,0,0,0.0,,,,0.0,,,2015,2014-15,Shasta,shasta,jakemekeel2095,Jake Mekeel
Mar 20,home,Redwoods,W,5-1,5,1,4,win,20150320_zxrh,0,0,0,0,0.0,,,,0.0,,,2015,2014-15,Shasta,shasta,jakemekeel2095,Jake Mekeel
Mar 28,home,Feather River,L,7-2,7,2,5,win,20150328_th3d,0,0,0,0,0.0,,,,0.0,,,2015,2014-15,Shasta,shasta,jakemekeel2095,Jake Mekeel
Mar 28,home,Feather River,L,11-5,11,5,6,win,20150328_m805,0,0,0,0,0.0,,,,0.0,,,2015,2014-15,Shasta,shasta,jakemekeel2095,Jake Mekeel
Mar 29,home,Feather River,W,3-2,3,2,1,win,20150329_6n73,0,0,0,0,0.0,,,,0.0,,,2015,2014-15,Shasta,shasta,jakemekeel2095,Jake Mekeel
Apr 3,home,Lassen,L,1-0,1,0,1,win,20150403_lxe5,0,0,0,0,0.0,,,,0.0,,,2015,2014-15,Shasta,shasta,jakemekeel2095,Jake Mekeel
Apr 3,home,Lassen,L,9-4,9,4,5,win,20150403_ikuh,0,0,0,0,0.0,,,,0.0,,,2015,2014-15,Shasta,shasta,jakemekeel2095,Jake Mekeel
Apr 9,home,Siskiyous,L,8-3,8,3,5,win,20150409_91jp,0,0,0,0,0.0,,,,0.0,,,2015,2014-15,Shasta,shasta,jakemekeel2095,Jake Mekeel
Apr 9,home,Siskiyous,L,6-5,6,5,1,win,20150409_zgpd,0,0,0,0,0.0,,,,0.0,,,2015,2014-15,Shasta,shasta,jakemekeel2095,Jake Mekeel
Apr 11,home,Butte,L,6-5,6,5,1,win,20150411_5e12,0,0,0,0,0.0,,,,0.0,,,2015,2014-15,Shasta,shasta,jakemekeel2095,Jake Mekeel
Apr 11,home,Butte,L,11-7,11,7,4,win,20150411_i06c,0,0,0,0,0.0,,,,0.0,,,2015,2014-15,Shasta,shasta,jakemekeel2095,Jake Mekeel
Apr 17,home,Redwoods,L,4-3,4,3,1,win,20150417_dgyt,0,0,0,0,0.0,,,,0.0,,,2015,2014-15,Shasta,shasta,jakemekeel2095,Jake Mekeel
Apr 18,home,Redwoods,W,3-2,3,2,1,win,20150418_f31f,0,0,0,0,0.0,,,,0.0,,,2015,2014-15,Shasta,shasta,jakemekeel2095,Jake Mekeel
Apr 23,home,Feather River,L,15-4,15,4,11,win,20150423_j2ve,0,0,0,0,0.0,,,,0.0,,,2015,2014-15,Shasta,shasta,jakemekeel2095,Jake Mekeel
Apr 23,home,Feather River,L,11-4,11,4,7,win,20150423_nfig,0,0,0,0,0.0,,,,0.0,,,2015,2014-15,Shasta,shasta,jakemekeel2095,Jake Mekeel
Jan 27,home,De Anza,W,11-6,11,6,5,win,20150127_cts9,0,0,0,0,0.0,,,,0.0,,,2015,2014-15,Yuba,yuba,brandonmetoyernhmq,Brandon Metoyer
Jan 30,home,De Anza,W,6-2,6,2,4,win,20150130_8qqo,0,0,0,0,0.0,,,,0.0,,,2015,2014-15,Yuba,yuba,brandonmetoyernhmq,Brandon Metoyer
Jan 31,home,Ohlone,L,6-5,6,5,1,win,20150131_5p0n,0,0,0,0,0.0,,,,0.0,,,2015,2014-15,Yuba,yuba,brandonmetoyernhmq,Brandon Metoyer
Feb 4,home,Lassen,W,10-9,10,9,1,win,20150204_4d8u,0,0,0,0,0.0,,,,0.0,,,2015,2014-15,Yuba,yuba,brandonmetoyernhmq,Brandon Metoyer
Feb 5,home,Lassen,W,11-3,11,3,8,win,20150205_fcwj,0,0,0,0,0.0,,,,0.0,,,2015,2014-15,Yuba,yuba,brandonmetoyernhmq,Brandon Metoyer
Feb 5,home,Lassen,W,4-3,4,3,1,win,20150205_168a,0,0,0,0,0.0,,,,0.0,,,2015,2014-15,Yuba,yuba,brandonmetoyernhmq,Brandon Metoyer
Feb 12,home,Feather River,L,10-1,10,1,9,win,20150212_tioz,0,0,0,0,0.0,,,,0.0,,,2015,2014-15,Yuba,yuba,brandonmetoyernhmq,Brandon Metoyer
Feb 13,home,Cabrillo,L,10-7,10,7,3,win,20150213_g3ph,0,0,0,0,0.0,,,,0.0,,,2015,2014-15,Yuba,yuba,brandonmetoyernhmq,Brandon Metoyer
Feb 14,home,West Valley,L,9-3,9,3,6,win,20150214_rdzh,0,0,0,0,0.0,,,,0.0,,,2015,2014-15,Yuba,yuba,brandonmetoyernhmq,Brandon Metoyer
Feb 19,home,Redwoods,W,5-2,5,2,3,win,20150219_yj0c,0,0,0,0,0.0,,,,0.0,,,2015,2014-15,Yuba,yuba,brandonmetoyernhmq,Brandon Metoyer
Feb 20,home,Redwoods,W,10-2,10,2,8,win,20150220_k6c5,0,0,0,0,0.0,,,,0.0,,,2015,2014-15,Yuba,yuba,brandonmetoyernhmq,Brandon Metoyer
Feb 20,home,Redwoods,W,6-2,6,2,4,win,20150220_w0qb,0,0,0,0,0.0,,,,0.0,,,2015,2014-15,Yuba,yuba,brandonmetoyernhmq,Brandon Metoyer
Feb 24,home,Marin,L,10-8,10,8,2,win,20150224_f8gd,0,0,0,0,0.0,,,,0.0,,,2015,2014-15,Yuba,yuba,brandonmetoyernhmq,Brandon Metoyer
Feb 26,home,Marin,L,16-4,16,4,12,win,20150226_ejnc,0,0,0,0,0.0,,,,0.0,,,2015,2014-15,Yuba,yuba,brandonmetoyernhmq,Brandon Metoyer
Feb 28,home,Solano,L,5-4,5,4,1,win,20150228_2k5h,0,0,0,0,0.0,,,,0.0,,,2015,2014-15,Yuba,yuba,brandonmetoyernhmq,Brandon Metoyer
Mar 3,home,Solano,L,10-5,10,5,5,win,20150303_03ti,0,0,0,0,0.0,,,,0.0,,,2015,2014-15,Yuba,yuba,brandonmetoyernhmq,Brandon Metoyer
Mar 5,home,Los Medanos,W,7-5,7,5,2,win,20150305_00gv,0,0,0,0,0.0,,,,0.0,,,2015,2014-15,Yuba,yuba,brandonmetoyernhmq,Brandon Metoyer
Mar 7,home,Los Medanos,L,16-7,16,7,9,win,20150307_9ng1,0,0,0,0,0.0,,,,0.0,,,2015,2014-15,Yuba,yuba,brandonmetoyernhmq,Brandon Metoyer
Mar 10,home,Folsom Lake,L,13-6,13,6,7,win,20150310_050t,0,0,0,0,0.0,,,,0.0,,,2015,2014-15,Yuba,yuba,brandonmetoyernhmq,Brandon Metoyer
Mar 12,home,Folsom Lake,W,8-1,8,1,7,win,20150312_tfej,0,0,0,0,0.0,,,,0.0,,,2015,2014-15,Yuba,yuba,brandonmetoyernhmq,Brandon Metoyer
Mar 14,home,Laney,W,5-3,5,3,2,win,20150314_08r9,0,0,0,0,0.0,,,,0.0,,,2015,2014-15,Yuba,yuba,brandonmetoyernhmq,Brandon Metoyer
Mar 17,home,Laney,W,14-2,14,2,12,win,20150317_f3b6,0,0,0,0,0.0,,,,0.0,,,2015,2014-15,Yuba,yuba,brandonmetoyernhmq,Brandon Metoyer
Mar 19,home,Mendocino,L,6-4,6,4,2,win,20150319_hifj,0,0,0,0,0.0,,,,0.0,,,2015,2014-15,Yuba,yuba,brandonmetoyernhmq,Brandon Metoyer
Mar 21,home,Mendocino,W,6-5,6,5,1,win,20150321_aa6u,0,0,0,0,0.0,,,,0.0,,,2015,2014-15,Yuba,yuba,brandonmetoyernhmq,Brandon Metoyer
Mar 24,home,Contra Costa,W,9-4,9,4,5,win,20150324_v5k8,0,0,0,0,0.0,,,,0.0,,,2015,2014-15,Yuba,yuba,brandonmetoyernhmq,Brandon Metoyer
Mar 26,home,Contra Costa,W,15-5,15,5,10,win,20150326_7s50,0,0,0,0,0.0,,,,0.0,,,2015,2014-15,Yuba,yuba,brandonmetoyernhmq,Brandon Metoyer
Apr 2,home,Napa,L,5-3,5,3,2,win,20150402_cio7,0,0,0,0,0.0,,,,0.0,,,2015,2014-15,Yuba,yuba,brandonmetoyernhmq,Brandon Metoyer
Apr 3,home,Napa,W,17-7,17,7,10,win,20150403_gco0,0,0,0,0,0.0,,,,0.0,,,2015,2014-15,Yuba,yuba,brandonmetoyernhmq,Brandon Metoyer
Apr 8,home,Marin,W,4-2,4,2,2,win,20150408_nsce,0,0,0,0,0.0,,,,0.0,,,2015,2014-15,Yuba,yuba,brandonmetoyernhmq,Brandon Metoyer
Apr 9,home,Solano,L,11-5,11,5,6,win,20150409_g4a9,0,0,0,0,0.0,,,,0.0,,,2015,2014-15,Yuba,yuba,brandonmetoyernhmq,Brandon Metoyer
Apr 10,home,Los Medanos,L,9-8,9,8,1,win,20150410_xa3j,0,0,0,0,0.0,,,,0.0,,,2015,2014-15,Yuba,yuba,brandonmetoyernhmq,Brandon Metoyer
Apr 14,home,Folsom Lake,L,6-5,6,5,1,win,20150414_209l,0,0,0,0,0.0,,,,0.0,,,2015,2014-15,Yuba,yuba,brandonmetoyernhmq,Brandon Metoyer
Apr 16,home,Laney,W,9-2,9,2,7,win,20150416_s0rn,0,0,0,0,0.0,,,,0.0,,,2015,2014-15,Yuba,yuba,brandonmetoyernhmq,Brandon Metoyer
Apr 17,home,Mendocino,W,11-3,11,3,8,win,20150417_5xn7,0,0,0,0,0.0,,,,0.0,,,2015,2014-15,Yuba,yuba,brandonmetoyernhmq,Brandon Metoyer
Apr 21,home,Contra Costa,W,5-2,5,2,3,win,20150421_xez6,0,0,0,0,0.0,,,,0.0,,,2015,2014-15,Yuba,yuba,brandonmetoyernhmq,Brandon Metoyer
Apr 24,home,Napa,W,4-1,4,1,3,win,20150424_zqtq,0,0,0,0,0.0,,,,0.0,,,2015,2014-15,Yuba,yuba,brandonmetoyernhmq,Brandon Metoyer
Apr 28,home,Sequoias,L,8-3,8,3,5,win,20150428_ijsw,0,0,0,0,0.0,,,,0.0,,,2015,2014-15,Yuba,yuba,brandonmetoyernhmq,Brandon Metoyer
Jan 30,home,Santa Barbara,L,16-3,16,3,13,win,20150130_xre5,0,0,0,0,0.0,,,,0.0,,,2015,2014-15,Napa,napa,samdavisonlekm,Sam Davison
Jan 31,home,Santa Barbara,L,4-0,4,0,4,win,20150131_2ly5,0,0,0,0,0.0,,,,0.0,,,2015,2014-15,Napa,napa,samdavisonlekm,Sam Davison
Jan 31,home,Santa Barbara,L,4-3,4,3,1,win,20150131_co3t,0,0,0,0,0.0,,,,0.0,,,2015,2014-15,Napa,napa,samdavisonlekm,Sam Davison
Feb 4,home,Butte,L,8-6,8,6,2,win,20150204_7omn,0,0,0,0,0.0,,,,0.0,,,2015,2014-15,Napa,napa,samdavisonlekm,Sam Davison
Feb 5,home,Butte,W,6-5,6,5,1,win,20150205_of3h,0,0,0,0,0.0,,,,0.0,,,2015,2014-15,Napa,napa,samdavisonlekm,Sam Davison
Feb 12,home,San Francisco,W,4-3,4,3,1,win,20150212_6oi9,0,0,0,0,0.0,,,,0.0,,,2015,2014-15,Napa,napa,samdavisonlekm,Sam Davison
Feb 13,home,San Francisco,W,10-4,10,4,6,win,20150213_xbtf,0,0,0,0,0.0,,,,0.0,,,2015,2014-15,Napa,napa,samdavisonlekm,Sam Davison
Feb 13,home,San Francisco,W,2-0,2,0,2,win,20150213_lj6t,0,0,0,0,0.0,,,,0.0,,,2015,2014-15,Napa,napa,samdavisonlekm,Sam Davison
Feb 19,home,Shasta,L,5-3,5,3,2,win,20150219_8ec2,0,0,0,0,0.0,,,,0.0,,,2015,2014-15,Napa,napa,samdavisonlekm,Sam Davison
Feb 20,home,Shasta,W,11-6,11,6,5,win,20150220_og3o,0,0,0,0,0.0,,,,0.0,,,2015,2014-15,Napa,napa,samdavisonlekm,Sam Davison
Feb 21,home,Shasta,W,6-0,6,0,6,win,20150221_hfhn,0,0,0,0,0.0,,,,0.0,,,2015,2014-15,Napa,napa,samdavisonlekm,Sam Davison
Feb 24,home,Contra Costa,W,6-4,6,4,2,win,20150224_5m5z,0,0,0,0,0.0,,,,0.0,,,2015,2014-15,Napa,napa,samdavisonlekm,Sam Davison
Feb 26,home,Contra Costa,L,8-2,8,2,6,win,20150226_esp7,0,0,0,0,0.0,,,,0.0,,,2015,2014-15,Napa,napa,samdavisonlekm,Sam Davison
Feb 28,home,Laney,W,10-9,10,9,1,win,20150228_yhrx,0,0,0,0,0.0,,,,0.0,,,2015,2014-15,Napa,napa,samdavisonlekm,Sam Davison
Mar 3,home,Laney,W,4-3,4,3,1,win,20150303_hrdj,0,0,0,0,0.0,,,,0.0,,,2015,2014-15,Napa,napa,samdavisonlekm,Sam Davison
Mar 5,home,Mendocino,W,5-0,5,0,5,win,20150305_kt6v,0,0,0,0,0.0,,,,0.0,,,2015,2014-15,Napa,napa,samdavisonlekm,Sam Davison
Mar 7,home,Mendocino,W,11-3,11,3,8,win,20150307_77f6,0,0,0,0,0.0,,,,0.0,,,2015,2014-15,Napa,napa,samdavisonlekm,Sam Davison
Mar 14,home,Los Medanos,W,7-6,7,6,1,win,20150314_jcqz,0,0,0,0,0.0,,,,0.0,,,2015,2014-15,Napa,napa,samdavisonlekm,Sam Davison
Mar 17,home,Los Medanos,W,4-0,4,0,4,win,20150317_3m3d,0,0,0,0,0.0,,,,0.0,,,2015,2014-15,Napa,napa,samdavisonlekm,Sam Davison
Mar 19,home,Marin,L,15-0,15,0,15,win,20150319_63zh,0,0,0,0,0.0,,,,0.0,,,2015,2014-15,Napa,napa,samdavisonlekm,Sam Davison
Mar 21,home,Marin,L,12-6,12,6,6,win,20150321_xdvh,0,0,0,0,0.0,,,,0.0,,,2015,2014-15,Napa,napa,samdavisonlekm,Sam Davison
Mar 24,home,Solano,W,10-3,10,3,7,win,20150324_j4na,0,0,0,0,0.0,,,,0.0,,,2015,2014-15,Napa,napa,samdavisonlekm,Sam Davison
Mar 26,home,Solano,L,5-3,5,3,2,win,20150326_fw3i,0,0,0,0,0.0,,,,0.0,,,2015,2014-15,Napa,napa,samdavisonlekm,Sam Davison
Mar 28,home,Folsom Lake,L,4-0,4,0,4,win,20150328_lkac,0,0,0,0,0.0,,,,0.0,,,2015,2014-15,Napa,napa,samdavisonlekm,Sam Davison
Mar 31,home,Folsom Lake,W,3-0,3,0,3,win,20150331_uzqo,0,0,0,0,0.0,,,,0.0,,,2015,2014-15,Napa,napa,samdavisonlekm,Sam Davison
Apr 2,home,Yuba,W,5-3,5,3,2,win,20150402_cio7,0,0,0,0,0.0,,,,0.0,,,2015,2014-15,Napa,napa,samdavisonlekm,Sam Davison
Apr 3,home,Yuba,L,17-7,17,7,10,win,20150403_gco0,0,0,0,0,0.0,,,,0.0,,,2015,2014-15,Napa,napa,samdavisonlekm,Sam Davison
Apr 7,home,Contra Costa,W,16-3,16,3,13,win,20150407_zlf5,0,0,0,0,0.0,,,,0.0,,,2015,2014-15,Napa,napa,samdavisonlekm,Sam Davison
Apr 9,home,Laney,L,5-2,5,2,3,win,20150409_jd3n,0,0,0,0,0.0,,,,0.0,,,2015,2014-15,Napa,napa,samdavisonlekm,Sam Davison
Apr 10,home,Mendocino,L,5-3,5,3,2,win,20150410_noyn,0,0,0,0,0.0,,,,0.0,,,2015,2014-15,Napa,napa,samdavisonlekm,Sam Davison
Apr 13,home,Butte,L,17-14,17,14,3,win,20150413_e2kk,0,0,0,0,0.0,,,,0.0,,,2015,2014-15,Napa,napa,samdavisonlekm,Sam Davison
Apr 16,home,Los Medanos,W,7-6,7,6,1,win,20150416_af6o,0,0,0,0,0.0,,,,0.0,,,2015,2014-15,Napa,napa,samdavisonlekm,Sam Davison
Apr 18,home,Marin,L,8-3,8,3,5,win,20150418_czj8,0,0,0,0,0.0,,,,0.0,,,2015,2014-15,Napa,napa,samdavisonlekm,Sam Davison
Apr 21,home,Solano,L,15-12,15,12,3,win,20150421_rx5s,0,0,0,0,0.0,,,,0.0,,,2015,2014-15,Napa,napa,samdavisonlekm,Sam Davison
Apr 23,home,Folsom Lake,W,10-4,10,4,6,win,20150423_fchi,0,0,0,0,0.0,,,,0.0,,,2015,2014-15,Napa,napa,samdavisonlekm,Sam Davison
Apr 24,home,Yuba,L,4-1,4,1,3,win,20150424_zqtq,0,0,0,0,0.0,,,,0.0,,,2015,2014-15,Napa,napa,samdavisonlekm,Sam Davison
Feb 17,home,Long Beach,L,6-3,6,3,3,win,20150217_tuvt,0,0,0,0,0.0,,,,0.0,,,2015,2014-15,Victor Valley,victorvalley,zachfoster1ykt,Zach Foster
Feb 18,home,East Los Angeles,L,11-5,11,5,6,win,20150218_jp05,0,0,0,0,0.0,,,,0.0,,,2015,2014-15,Victor Valley,victorvalley,zachfoster1ykt,Zach Foster
Feb 21,home,West LA,L,15-6,15,6,9,win,20150221_hzoc,0,0,0,0,0.0,,,,0.0,,,2015,2014-15,Victor Valley,victorvalley,zachfoster1ykt,Zach Foster
Feb 24,home,Chaffey,L,2-1,2,1,1,win,20150224_qc2i,0,0,0,0,0.0,,,,0.0,,,2015,2014-15,Victor Valley,victorvalley,zachfoster1ykt,Zach Foster
Mar 7,home,Cerro Coso,W,20-0,20,0,20,win,20150307_q501,0,0,0,0,0.0,,,,0.0,,,2015,2014-15,Victor Valley,victorvalley,zachfoster1ykt,Zach Foster
Mar 19,home,Chaffey,L,5-0,5,0,5,win,20150319_d5tm,0,0,0,0,0.0,,,,0.0,,,2015,2014-15,Victor Valley,victorvalley,zachfoster1ykt,Zach Foster
Mar 21,home,Chaffey,L,9-8,9,8,1,win,20150321_qzbz,0,0,0,0,0.0,,,,0.0,,,2015,2014-15,Victor Valley,victorvalley,zachfoster1ykt,Zach Foster
Mar 31,home,San Bernardino,L,13-5,13,5,8,win,20150331_qgq8,0,0,0,0,0.0,,,,0.0,,,2015,2014-15,Victor Valley,victorvalley,zachfoster1ykt,Zach Foster
Apr 18,home,Desert,L,4-0,4,0,4,win,20150418_75hd,0,0,0,0,0.0,,,,0.0,,,2015,2014-15,Victor Valley,victorvalley,zachfoster1ykt,Zach Foster
Apr 23,home,Cerro Coso,W,9-5,9,5,4,win,20150423_qjsm,0,0,0,0,0.0,,,,0.0,,,2015,2014-15,Victor Valley,victorvalley,zachfoster1ykt,Zach Foster
Apr 25,home,Cerro Coso,W,18-1,18,1,17,win,20150425_fvek,0,0,0,0,0.0,,,,0.0,,,2015,2014-15,Victor Valley,victorvalley,zachfoster1ykt,Zach Foster
Jan 29,home,Cabrillo,L,8-4,8,4,4,win,20150129_ttjc,0,0,0,0,0.0,,,,0.0,,,2015,2014-15,Diablo Valley,diablovalley,leocosta54pe,Leo Costa
Jan 31,home,Merced,W,7-6,7,6,1,win,20150131_j4h5,0,0,0,0,0.0,,,,0.0,,,2015,2014-15,Diablo Valley,diablovalley,leocosta54pe,Leo Costa
Feb 3,home,San Mateo,L,1-0,1,0,1,win,20150203_x4de,0,0,0,0,0.0,,,,0.0,,,2015,2014-15,Diablo Valley,diablovalley,leocosta54pe,Leo Costa
Feb 4,home,Mendocino,L,6-5,6,5,1,win,20150204_wf87,0,0,0,0,0.0,,,,0.0,,,2015,2014-15,Diablo Valley,diablovalley,leocosta54pe,Leo Costa
Feb 10,home,Marin,L,7-3,7,3,4,win,20150210_apvo,0,0,0,0,0.0,,,,0.0,,,2015,2014-15,Diablo Valley,diablovalley,leocosta54pe,Leo Costa
Feb 11,home,West Valley,L,5-0,5,0,5,win,20150211_rq0u,0,0,0,0,0.0,,,,0.0,,,2015,2014-15,Diablo Valley,diablovalley,leocosta54pe,Leo Costa
Feb 12,home,Mission,W,4-3,4,3,1,win,20150212_qjz8,0,0,0,0,0.0,,,,0.0,,,2015,2014-15,Diablo Valley,diablovalley,leocosta54pe,Leo Costa
Feb 13,home,Laney,L,16-4,16,4,12,win,20150213_gm0a,0,0,0,0,0.0,,,,0.0,,,2015,2014-15,Diablo Valley,diablovalley,leocosta54pe,Leo Costa
Feb 17,home,Los Medanos,L,6-4,6,4,2,win,20150217_vxqo,0,0,0,0,0.0,,,,0.0,,,2015,2014-15,Diablo Valley,diablovalley,leocosta54pe,Leo Costa
Feb 21,home,Marin,L,7-6,7,6,1,win,20150221_bnll,0,0,0,0,0.0,,,,0.0,,,2015,2014-15,Diablo Valley,diablovalley,leocosta54pe,Leo Costa
Mar 3,home,Sacramento City,L,14-4,14,4,10,win,20150303_f5ch,0,0,0,0,0.0,,,,0.0,,,2015,2014-15,Diablo Valley,diablovalley,leocosta54pe,Leo Costa
Mar 5,home,Santa Rosa,L,4-1,4,1,3,win,20150305_2pts,0,0,0,0,0.0,,,,0.0,,,2015,2014-15,Diablo Valley,diablovalley,leocosta54pe,Leo Costa
Mar 6,home,American River,L,4-3,4,3,1,win,20150306_ptlm,0,0,0,0,0.0,,,,0.0,,,2015,2014-15,Diablo Valley,diablovalley,leocosta54pe,Leo Costa
Mar 10,home,Modesto,W,8-7,8,7,1,win,20150310_mzzp,0,0,0,0,0.0,,,,0.0,,,2015,2014-15,Diablo Valley,diablovalley,leocosta54pe,Leo Costa
Mar 12,home,Modesto,W,5-4,5,4,1,win,20150312_w259,0,0,0,0,0.0,,,,0.0,,,2015,2014-15,Diablo Valley,diablovalley,leocosta54pe,Leo Costa
Mar 14,home,Modesto,W,8-6,8,6,2,win,20150314_t7tq,0,0,0,0,0.0,,,,0.0,,,2015,2014-15,Diablo Valley,diablovalley,leocosta54pe,Leo Costa
Mar 17,home,Sierra,L,7-3,7,3,4,win,20150317_da0f,0,0,0,0,0.0,,,,0.0,,,2015,2014-15,Diablo Valley,diablovalley,leocosta54pe,Leo Costa
Mar 19,home,Sierra,W,4-2,4,2,2,win,20150319_t8vw,0,0,0,0,0.0,,,,0.0,,,2015,2014-15,Diablo Valley,diablovalley,leocosta54pe,Leo Costa
Mar 20,home,Sierra,L,3-0,3,0,3,win,20150320_5klk,0,0,0,0,0.0,,,,0.0,,,2015,2014-15,Diablo Valley,diablovalley,leocosta54pe,Leo Costa
Mar 24,home,Santa Rosa,L,5-4,5,4,1,win,20150324_zdvg,0,0,0,0,0.0,,,,0.0,,,2015,2014-15,Diablo Valley,diablovalley,leocosta54pe,Leo Costa
Mar 26,home,Santa Rosa,L,11-5,11,5,6,win,20150326_fj6n,0,0,0,0,0.0,,,,0.0,,,2015,2014-15,Diablo Valley,diablovalley,leocosta54pe,Leo Costa
Mar 27,home,Santa Rosa,L,8-2,8,2,6,win,20150327_3hwl,0,0,0,0,0.0,,,,0.0,,,2015,2014-15,Diablo Valley,diablovalley,leocosta54pe,Leo Costa
Mar 31,home,Sacramento City,L,4-1,4,1,3,win,20150331_971e,0,0,0,0,0.0,,,,0.0,,,2015,2014-15,Diablo Valley,diablovalley,leocosta54pe,Leo Costa
Apr 2,home,Sacramento City,L,6-4,6,4,2,win,20150402_0uvv,0,0,0,0,0.0,,,,0.0,,,2015,2014-15,Diablo Valley,diablovalley,leocosta54pe,Leo Costa
Apr 4,home,Sacramento City,L,10-6,10,6,4,win,20150404_9hqa,0,0,0,0,0.0,,,,0.0,,,2015,2014-15,Diablo Valley,diablovalley,leocosta54pe,Leo Costa
Apr 8,home,Cosumnes River,L,2-0,2,0,2,win,20150408_5nxc,0,0,0,0,0.0,,,,0.0,,,2015,2014-15,Diablo Valley,diablovalley,leocosta54pe,Leo Costa
Apr 9,home,Cosumnes River,W,6-5,6,5,1,win,20150409_om2c,0,0,0,0,0.0,,,,0.0,,,2015,2014-15,Diablo Valley,diablovalley,leocosta54pe,Leo Costa
Apr 11,home,Cosumnes River,L,12-4,12,4,8,win,20150411_vccl,0,0,0,0,0.0,,,,0.0,,,2015,2014-15,Diablo Valley,diablovalley,leocosta54pe,Leo Costa
Apr 14,home,San Joaquin  Delta,L,8-2,8,2,6,win,20150414_as94,0,0,0,0,0.0,,,,0.0,,,2015,2014-15,Diablo Valley,diablovalley,leocosta54pe,Leo Costa
Apr 16,home,San Joaquin  Delta,L,7-0,7,0,7,win,20150416_tl2k,0,0,0,0,0.0,,,,0.0,,,2015,2014-15,Diablo Valley,diablovalley,leocosta54pe,Leo Costa
Apr 17,home,San Joaquin  Delta,L,1-0,1,0,1,win,20150417_ftss,0,0,0,0,0.0,,,,0.0,,,2015,2014-15,Diablo Valley,diablovalley,leocosta54pe,Leo Costa
Apr 21,home,American River,L,4-1,4,1,3,win,20150421_s4y3,0,0,0,0,0.0,,,,0.0,,,2015,2014-15,Diablo Valley,diablovalley,leocosta54pe,Leo Costa
Jan 27,home,Santa Ana,L,8-1,8,1,7,win,20150127_p33k,0,0,0,0,0.0,,,,0.0,,,2015,2014-15,El Camino-Compton Center,elcaminocomptoncenter,luisloyandre,Luis Loya
Jan 31,home,Chaffey,L,4-1,4,1,3,win,20150131_luyq,0,0,0,0,0.0,,,,0.0,,,2015,2014-15,El Camino-Compton Center,elcaminocomptoncenter,luisloyandre,Luis Loya
Feb 3,home,Irvine Valley,L,6-1,6,1,5,win,20150203_129x,0,0,0,0,0.0,,,,0.0,,,2015,2014-15,El Camino-Compton Center,elcaminocomptoncenter,luisloyandre,Luis Loya
Feb 7,home,Barstow,W,5-0,5,0,5,win,20150207_fvkv,0,0,0,0,0.0,,,,0.0,,,2015,2014-15,El Camino-Compton Center,elcaminocomptoncenter,luisloyandre,Luis Loya
Feb 10,home,West LA,W,7-3,7,3,4,win,20150210_rcnd,0,0,0,0,0.0,,,,0.0,,,2015,2014-15,El Camino-Compton Center,elcaminocomptoncenter,luisloyandre,Luis Loya
Feb 12,home,LA Valley,W,5-2,5,2,3,win,20150212_j5eg,0,0,0,0,0.0,,,,0.0,,,2015,2014-15,El Camino-Compton Center,elcaminocomptoncenter,luisloyandre,Luis Loya
Feb 14,home,San Diego City,W,6-3,6,3,3,win,20150214_c86d,0,0,0,0,0.0,,,,0.0,,,2015,2014-15,El Camino-Compton Center,elcaminocomptoncenter,luisloyandre,Luis Loya
Feb 17,home,San Bernardino,L,9-6,9,6,3,win,20150217_920x,0,0,0,0,0.0,,,,0.0,,,2015,2014-15,El Camino-Compton Center,elcaminocomptoncenter,luisloyandre,Luis Loya
Mar 3,home,East Los Angeles,W,2-1,2,1,1,win,20150303_4okn,0,0,0,0,0.0,,,,0.0,,,2015,2014-15,El Camino-Compton Center,elcaminocomptoncenter,luisloyandre,Luis Loya
Mar 5,home,East Los Angeles,W,4-0,4,0,4,win,20150305_r3wx,0,0,0,0,0.0,,,,0.0,,,2015,2014-15,El Camino-Compton Center,elcaminocomptoncenter,luisloyandre,Luis Loya
Mar 12,home,El Camino,W,11-10,11,10,1,win,20150312_h8tp,0,0,0,0,0.0,,,,0.0,,,2015,2014-15,El Camino-Compton Center,elcaminocomptoncenter,luisloyandre,Luis Loya
Apr 2,home,LA Mission,L,3-2,3,2,1,win,20150402_i759,0,0,0,0,0.0,,,,0.0,,,2015,2014-15,El Camino-Compton Center,elcaminocomptoncenter,luisloyandre,Luis Loya
Jan 27,home,Solano,L,4-1,4,1,3,win,20150127_i1hs,0,0,0,0,0.0,,,,0.0,,,2015,2014-15,West Valley,westvalley,tonymontano6brp,Tony Montano
Jan 29,home,American River,W,9-5,9,5,4,win,20150129_5wxp,0,0,0,0,0.0,,,,0.0,,,2015,2014-15,West Valley,westvalley,tonymontano6brp,Tony Montano
Jan 31,home,American River,W,19-11,19,11,8,win,20150131_b3g7,0,0,0,0,0.0,,,,0.0,,,2015,2014-15,West Valley,westvalley,tonymontano6brp,Tony Montano
Feb 3,home,San Joaquin  Delta,L,12-7,12,7,5,win,20150203_eorq,0,0,0,0,0.0,,,,0.0,,,2015,2014-15,West Valley,westvalley,tonymontano6brp,Tony Montano
Feb 5,home,San Joaquin  Delta,L,2-0,2,0,2,win,20150205_hgd7,0,0,0,0,0.0,,,,0.0,,,2015,2014-15,West Valley,westvalley,tonymontano6brp,Tony Montano
Feb 7,home,San Joaquin  Delta,L,12-6,12,6,6,win,20150207_67yl,0,0,0,0,0.0,,,,0.0,,,2015,2014-15,West Valley,westvalley,tonymontano6brp,Tony Montano
Feb 11,home,Diablo Valley,W,5-0,5,0,5,win,20150211_rq0u,0,0,0,0,0.0,,,,0.0,,,2015,2014-15,West Valley,westvalley,tonymontano6brp,Tony Montano
Feb 12,home,Cabrillo,W,6-5,6,5,1,win,20150212_zyik,0,0,0,0,0.0,,,,0.0,,,2015,2014-15,West Valley,westvalley,tonymontano6brp,Tony Montano
Feb 21,home,Modesto,W,7-2,7,2,5,win,20150221_zm3y,0,0,0,0,0.0,,,,0.0,,,2015,2014-15,West Valley,westvalley,tonymontano6brp,Tony Montano
Feb 24,home,Chabot,L,12-11,12,11,1,win,20150224_cqtk,0,0,0,0,0.0,,,,0.0,,,2015,2014-15,West Valley,westvalley,tonymontano6brp,Tony Montano
Feb 26,home,San Mateo,L,8-5,8,5,3,win,20150226_x1lc,0,0,0,0,0.0,,,,0.0,,,2015,2014-15,West Valley,westvalley,tonymontano6brp,Tony Montano
Feb 27,home,De Anza,W,17-4,17,4,13,win,20150227_c2ke,0,0,0,0,0.0,,,,0.0,,,2015,2014-15,West Valley,westvalley,tonymontano6brp,Tony Montano
Mar 5,home,De Anza,L,4-3,4,3,1,win,20150305_c8uq,0,0,0,0,0.0,,,,0.0,,,2015,2014-15,West Valley,westvalley,tonymontano6brp,Tony Montano
Mar 7,home,San Francisco,W,8-1,8,1,7,win,20150307_ioqe,0,0,0,0,0.0,,,,0.0,,,2015,2014-15,West Valley,westvalley,tonymontano6brp,Tony Montano
Mar 10,home,Canada,W,8-1,8,1,7,win,20150310_2als,0,0,0,0,0.0,,,,0.0,,,2015,2014-15,West Valley,westvalley,tonymontano6brp,Tony Montano
Mar 12,home,Mission,L,7-6,7,6,1,win,20150312_rv2s,0,0,0,0,0.0,,,,0.0,,,2015,2014-15,West Valley,westvalley,tonymontano6brp,Tony Montano
Mar 14,home,Hartnell,W,7-1,7,1,6,win,20150314_bbq4,0,0,0,0,0.0,,,,0.0,,,2015,2014-15,West Valley,westvalley,tonymontano6brp,Tony Montano
Mar 17,home,Skyline,W,14-3,14,3,11,win,20150317_ix28,0,0,0,0,0.0,,,,0.0,,,2015,2014-15,West Valley,westvalley,tonymontano6brp,Tony Montano
Mar 19,home,Gavilan,W,14-4,14,4,10,win,20150319_xhws,0,0,0,0,0.0,,,,0.0,,,2015,2014-15,West Valley,westvalley,tonymontano6brp,Tony Montano
Mar 24,home,De Anza,L,12-6,12,6,6,win,20150324_38ph,0,0,0,0,0.0,,,,0.0,,,2015,2014-15,West Valley,westvalley,tonymontano6brp,Tony Montano
Mar 26,home,Chabot,W,12-10,12,10,2,win,20150326_e4jh,0,0,0,0,0.0,,,,0.0,,,2015,2014-15,West Valley,westvalley,tonymontano6brp,Tony Montano
Mar 28,home,San Mateo,L,4-2,4,2,2,win,20150328_b4uj,0,0,0,0,0.0,,,,0.0,,,2015,2014-15,West Valley,westvalley,tonymontano6brp,Tony Montano
Mar 31,home,Monterey,L,2-1,2,1,1,win,20150331_xx5c,0,0,0,0,0.0,,,,0.0,,,2015,2014-15,West Valley,westvalley,tonymontano6brp,Tony Montano
Apr 2,home,Mission,L,6-4,6,4,2,win,20150402_6eou,0,0,0,0,0.0,,,,0.0,,,2015,2014-15,West Valley,westvalley,tonymontano6brp,Tony Montano
Apr 4,home,San Francisco,W,7-5,7,5,2,win,20150404_mfh5,0,0,0,0,0.0,,,,0.0,,,2015,2014-15,West Valley,westvalley,tonymontano6brp,Tony Montano
Apr 7,home,Ohlone,L,8-4,8,4,4,win,20150407_apw4,0,0,0,0,0.0,,,,0.0,,,2015,2014-15,West Valley,westvalley,tonymontano6brp,Tony Montano
Apr 14,home,De Anza,W,2-1,2,1,1,win,20150414_lvt9,0,0,0,0,0.0,,,,0.0,,,2015,2014-15,West Valley,westvalley,tonymontano6brp,Tony Montano
Apr 16,home,San Francisco,W,8-1,8,1,7,win,20150416_bcwi,0,0,0,0,0.0,,,,0.0,,,2015,2014-15,West Valley,westvalley,tonymontano6brp,Tony Montano
Apr 18,home,San Mateo,L,9-5,9,5,4,win,20150418_73r6,0,0,0,0,0.0,,,,0.0,,,2015,2014-15,West Valley,westvalley,tonymontano6brp,Tony Montano
Apr 21,home,Mission,L,9-6,9,6,3,win,20150421_oh1h,0,0,0,0,0.0,,,,0.0,,,2015,2014-15,West Valley,westvalley,tonymontano6brp,Tony Montano
Apr 23,home,Cabrillo,L,15-10,15,10,5,win,20150423_uvbt,0,0,0,0,0.0,,,,0.0,,,2015,2014-15,West Valley,westvalley,tonymontano6brp,Tony Montano
Jan 31,home,Cerro Coso,W,6-2,6,2,4,win,20150131_f8yh,0,0,0,0,0.0,,,,0.0,,,2015,2014-15,West LA,westla,danielzemanfumf,Daniel Zeman
Feb 14,home,Irvine Valley,L,4-3,4,3,1,win,20150214_1hwp,0,0,0,0,0.0,,,,0.0,,,2015,2014-15,West LA,westla,danielzemanfumf,Daniel Zeman
Feb 19,home,San Diego City,L,2-1,2,1,1,win,20150219_r9hh,0,0,0,0,0.0,,,,0.0,,,2015,2014-15,West LA,westla,danielzemanfumf,Daniel Zeman
Feb 21,home,Victor Valley,W,15-6,15,6,9,win,20150221_hzoc,0,0,0,0,0.0,,,,0.0,,,2015,2014-15,West LA,westla,danielzemanfumf,Daniel Zeman
Feb 26,home,Long Beach,L,6-4,6,4,2,win,20150226_ppx2,0,0,0,0,0.0,,,,0.0,,,2015,2014-15,West LA,westla,danielzemanfumf,Daniel Zeman
Feb 28,home,Pasadena,W,8-3,8,3,5,win,20150228_pw47,0,0,0,0,0.0,,,,0.0,,,2015,2014-15,West LA,westla,danielzemanfumf,Daniel Zeman
Mar 3,home,Glendale,L,9-2,9,2,7,win,20150303_xgj9,0,0,0,0,0.0,,,,0.0,,,2015,2014-15,West LA,westla,danielzemanfumf,Daniel Zeman
Mar 5,home,LA Valley,L,8-2,8,2,6,win,20150305_om4n,0,0,0,0,0.0,,,,0.0,,,2015,2014-15,West LA,westla,danielzemanfumf,Daniel Zeman
Mar 10,home,Canyons,L,8-0,8,0,8,win,20150310_1jzj,0,0,0,0,0.0,,,,0.0,,,2015,2014-15,West LA,westla,danielzemanfumf,Daniel Zeman
Mar 12,home,Bakersfield,L,12-4,12,4,8,win,20150312_czlz,0,0,0,0,0.0,,,,0.0,,,2015,2014-15,West LA,westla,danielzemanfumf,Daniel Zeman
Mar 17,home,Citrus,L,8-2,8,2,6,win,20150317_1s9o,0,0,0,0,0.0,,,,0.0,,,2015,2014-15,West LA,westla,danielzemanfumf,Daniel Zeman
Mar 26,home,LA Valley,L,9-1,9,1,8,win,20150326_odtj,0,0,0,0,0.0,,,,0.0,,,2015,2014-15,West LA,westla,danielzemanfumf,Daniel Zeman
Apr 9,home,Canyons,L,18-5,18,5,13,win,20150409_kn08,0,0,0,0,0.0,,,,0.0,,,2015,2014-15,West LA,westla,danielzemanfumf,Daniel Zeman
Apr 11,home,Canyons,W,7-3,7,3,4,win,20150411_xksz,0,0,0,0,0.0,,,,0.0,,,2015,2014-15,West LA,westla,danielzemanfumf,Daniel Zeman
Apr 14,home,Bakersfield,L,9-5,9,5,4,win,20150414_3sb4,0,0,0,0,0.0,,,,0.0,,,2015,2014-15,West LA,westla,danielzemanfumf,Daniel Zeman
Apr 16,home,Bakersfield,W,12-4,12,4,8,win,20150416_gjn0,0,0,0,0,0.0,,,,0.0,,,2015,2014-15,West LA,westla,danielzemanfumf,Daniel Zeman
Apr 18,home,Antelope Valley,L,8-0,8,0,8,win,20150418_707i,0,0,0,0,0.0,,,,0.0,,,2015,2014-15,West LA,westla,danielzemanfumf,Daniel Zeman
Apr 24,home,Citrus,L,11-3,11,3,8,win,20150424_nta1,0,0,0,0,0.0,,,,0.0,,,2015,2014-15,West LA,westla,danielzemanfumf,Daniel Zeman
Jan 27,home,Grossmont,W,7-3,7,3,4,win,20150127_n9zn,0,0,0,0,0.0,,,,0.0,,,2015,2014-15,Cypress,cypress,jacksonwilleford5xbd,Jackson Willeford
Jan 30,home,Ventura,W,4-3,4,3,1,win,20150130_gopd,0,0,0,0,0.0,,,,0.0,,,2015,2014-15,Cypress,cypress,jacksonwilleford5xbd,Jackson Willeford
Jan 31,home,Ventura,W,11-4,11,4,7,win,20150131_q00k,0,0,0,0,0.0,,,,0.0,,,2015,2014-15,Cypress,cypress,jacksonwilleford5xbd,Jackson Willeford
Feb 5,home,San Bernardino,W,2-0,2,0,2,win,20150205_ml2m,0,0,0,0,0.0,,,,0.0,,,2015,2014-15,Cypress,cypress,jacksonwilleford5xbd,Jackson Willeford
Feb 6,home,Desert,W,8-7,8,7,1,win,20150206_qytm,0,0,0,0,0.0,,,,0.0,,,2015,2014-15,Cypress,cypress,jacksonwilleford5xbd,Jackson Willeford
Feb 7,home,Palomar,W,8-7,8,7,1,win,20150207_jyfv,0,0,0,0,0.0,,,,0.0,,,2015,2014-15,Cypress,cypress,jacksonwilleford5xbd,Jackson Willeford
Feb 10,home,Moorpark,L,10-4,10,4,6,win,20150210_bcqb,0,0,0,0,0.0,,,,0.0,,,2015,2014-15,Cypress,cypress,jacksonwilleford5xbd,Jackson Willeford
Feb 13,home,Merced,W,21-1,21,1,20,win,20150213_41z9,0,0,0,0,0.0,,,,0.0,,,2015,2014-15,Cypress,cypress,jacksonwilleford5xbd,Jackson Willeford
Feb 14,home,Merced,L,13-12,13,12,1,win,20150214_7zuj,0,0,0,0,0.0,,,,0.0,,,2015,2014-15,Cypress,cypress,jacksonwilleford5xbd,Jackson Willeford
Feb 17,home,Desert,W,22-1,22,1,21,win,20150217_f0sh,0,0,0,0,0.0,,,,0.0,,,2015,2014-15,Cypress,cypress,jacksonwilleford5xbd,Jackson Willeford
Feb 20,home,Glendale,W,11-3,11,3,8,win,20150220_74fi,0,0,0,0,0.0,,,,0.0,,,2015,2014-15,Cypress,cypress,jacksonwilleford5xbd,Jackson Willeford
Feb 21,home,El Camino,W,6-5,6,5,1,win,20150221_geuz,0,0,0,0,0.0,,,,0.0,,,2015,2014-15,Cypress,cypress,jacksonwilleford5xbd,Jackson Willeford
Feb 26,home,Golden West,L,7-6,7,6,1,win,20150226_pu3e,0,0,0,0,0.0,,,,0.0,,,2015,2014-15,Cypress,cypress,jacksonwilleford5xbd,Jackson Willeford
Feb 28,home,Saddleback,W,10-3,10,3,7,win,20150228_z393,0,0,0,0,0.0,,,,0.0,,,2015,2014-15,Cypress,cypress,jacksonwilleford5xbd,Jackson Willeford
Mar 3,home,Irvine Valley,W,5-0,5,0,5,win,20150303_xvpi,0,0,0,0,0.0,,,,0.0,,,2015,2014-15,Cypress,cypress,jacksonwilleford5xbd,Jackson Willeford
Mar 5,home,Orange Coast,L,3-2,3,2,1,win,20150305_cryy,0,0,0,0,0.0,,,,0.0,,,2015,2014-15,Cypress,cypress,jacksonwilleford5xbd,Jackson Willeford
Mar 7,home,Riverside,W,8-3,8,3,5,win,20150307_nyul,0,0,0,0,0.0,,,,0.0,,,2015,2014-15,Cypress,cypress,jacksonwilleford5xbd,Jackson Willeford
Mar 10,home,Santa Ana,W,5-2,5,2,3,win,20150310_fxsq,0,0,0,0,0.0,,,,0.0,,,2015,2014-15,Cypress,cypress,jacksonwilleford5xbd,Jackson Willeford
Mar 12,home,Fullerton,L,6-5,6,5,1,win,20150312_y0g2,0,0,0,0,0.0,,,,0.0,,,2015,2014-15,Cypress,cypress,jacksonwilleford5xbd,Jackson Willeford
Mar 17,home,Golden West,L,5-4,5,4,1,win,20150317_k9qu,0,0,0,0,0.0,,,,0.0,,,2015,2014-15,Cypress,cypress,jacksonwilleford5xbd,Jackson Willeford
Mar 19,home,Golden West,W,5-1,5,1,4,win,20150319_wg7p,0,0,0,0,0.0,,,,0.0,,,2015,2014-15,Cypress,cypress,jacksonwilleford5xbd,Jackson Willeford
Mar 21,home,Saddleback,W,4-1,4,1,3,win,20150321_swz9,0,0,0,0,0.0,,,,0.0,,,2015,2014-15,Cypress,cypress,jacksonwilleford5xbd,Jackson Willeford
Mar 24,home,Saddleback,W,3-1,3,1,2,win,20150324_3dej,0,0,0,0,0.0,,,,0.0,,,2015,2014-15,Cypress,cypress,jacksonwilleford5xbd,Jackson Willeford
Mar 26,home,Irvine Valley,W,3-2,3,2,1,win,20150326_cp7i,0,0,0,0,0.0,,,,0.0,,,2015,2014-15,Cypress,cypress,jacksonwilleford5xbd,Jackson Willeford
Mar 27,home,Irvine Valley,W,4-3,4,3,1,win,20150327_5809,0,0,0,0,0.0,,,,0.0,,,2015,2014-15,Cypress,cypress,jacksonwilleford5xbd,Jackson Willeford
Mar 31,home,Cuesta,L,2-1,2,1,1,win,20150331_1ugz,0,0,0,0,0.0,,,,0.0,,,2015,2014-15,Cypress,cypress,jacksonwilleford5xbd,Jackson Willeford
Apr 1,home,Fresno City,L,14-6,14,6,8,win,20150401_lmv2,0,0,0,0,0.0,,,,0.0,,,2015,2014-15,Cypress,cypress,jacksonwilleford5xbd,Jackson Willeford
Apr 2,home,Allan Hancock,W,7-4,7,4,3,win,20150402_fkxa,0,0,0,0,0.0,,,,0.0,,,2015,2014-15,Cypress,cypress,jacksonwilleford5xbd,Jackson Willeford
Apr 7,home,Orange Coast,W,15-9,15,9,6,win,20150407_2385,0,0,0,0,0.0,,,,0.0,,,2015,2014-15,Cypress,cypress,jacksonwilleford5xbd,Jackson Willeford
Apr 9,home,Orange Coast,W,11-10,11,10,1,win,20150409_7qne,0,0,0,0,0.0,,,,0.0,,,2015,2014-15,Cypress,cypress,jacksonwilleford5xbd,Jackson Willeford
Apr 11,home,Riverside,L,9-2,9,2,7,win,20150411_36ur,0,0,0,0,0.0,,,,0.0,,,2015,2014-15,Cypress,cypress,jacksonwilleford5xbd,Jackson Willeford
Apr 14,home,Riverside,W,8-7,8,7,1,win,20150414_x9aj,0,0,0,0,0.0,,,,0.0,,,2015,2014-15,Cypress,cypress,jacksonwilleford5xbd,Jackson Willeford
Apr 16,home,Santa Ana,W,12-1,12,1,11,win,20150416_j99p,0,0,0,0,0.0,,,,0.0,,,2015,2014-15,Cypress,cypress,jacksonwilleford5xbd,Jackson Willeford
Apr 17,home,Santa Ana,L,18-5,18,5,13,win,20150417_rv4i,0,0,0,0,0.0,,,,0.0,,,2015,2014-15,Cypress,cypress,jacksonwilleford5xbd,Jackson Willeford
Apr 21,home,Fullerton,L,4-1,4,1,3,win,20150421_mjza,0,0,0,0,0.0,,,,0.0,,,2015,2014-15,Cypress,cypress,jacksonwilleford5xbd,Jackson Willeford
Apr 23,home,Fullerton,W,6-1,6,1,5,win,20150423_w78y,0,0,0,0,0.0,,,,0.0,,,2015,2014-15,Cypress,cypress,jacksonwilleford5xbd,Jackson Willeford
May 1,home,Fullerton,L,6-5,6,5,1,win,20150501_aclw,0,0,0,0,0.0,,,,0.0,,,2015,2014-15,Cypress,cypress,jacksonwilleford5xbd,Jackson Willeford
May 2,home,Fullerton,L,6-5,6,5,1,win,20150502_6nw9,0,0,0,0,0.0,,,,0.0,,,2015,2014-15,Cypress,cypress,jacksonwilleford5xbd,Jackson Willeford
Jan 30,home,Marin,L,12-8,12,8,4,win,20150130_ulqo,0,0,0,0,0.0,,,,0.0,,,2015,2014-15,Hartnell,hartnell,michaelsecristuw7t,Michael Secrist
Feb 5,home,Reedley,L,5-1,5,1,4,win,20150205_trml,0,0,0,0,0.0,,,,0.0,,,2015,2014-15,Hartnell,hartnell,michaelsecristuw7t,Michael Secrist
Feb 14,home,American River,W,12-1,12,1,11,win,20150214_v1lx,0,0,0,0,0.0,,,,0.0,,,2015,2014-15,Hartnell,hartnell,michaelsecristuw7t,Michael Secrist
Feb 19,home,Contra Costa,L,7-6,7,6,1,win,20150219_63cy,0,0,0,0,0.0,,,,0.0,,,2015,2014-15,Hartnell,hartnell,michaelsecristuw7t,Michael Secrist
Feb 24,home,Monterey,L,9-4,9,4,5,win,20150224_sgrm,0,0,0,0,0.0,,,,0.0,,,2015,2014-15,Hartnell,hartnell,michaelsecristuw7t,Michael Secrist
Mar 3,home,Cabrillo,W,7-6,7,6,1,win,20150303_u9pc,0,0,0,0,0.0,,,,0.0,,,2015,2014-15,Hartnell,hartnell,michaelsecristuw7t,Michael Secrist
Mar 5,home,Ohlone,L,17-4,17,4,13,win,20150305_9m5o,0,0,0,0,0.0,,,,0.0,,,2015,2014-15,Hartnell,hartnell,michaelsecristuw7t,Michael Secrist
Mar 7,home,Canada,L,9-1,9,1,8,win,20150307_203t,0,0,0,0,0.0,,,,0.0,,,2015,2014-15,Hartnell,hartnell,michaelsecristuw7t,Michael Secrist
Mar 10,home,De Anza,L,5-1,5,1,4,win,20150310_9lq8,0,0,0,0,0.0,,,,0.0,,,2015,2014-15,Hartnell,hartnell,michaelsecristuw7t,Michael Secrist
Mar 12,home,Gavilan,L,8-3,8,3,5,win,20150312_coa7,0,0,0,0,0.0,,,,0.0,,,2015,2014-15,Hartnell,hartnell,michaelsecristuw7t,Michael Secrist
Mar 14,home,West Valley,L,7-1,7,1,6,win,20150314_bbq4,0,0,0,0,0.0,,,,0.0,,,2015,2014-15,Hartnell,hartnell,michaelsecristuw7t,Michael Secrist
Mar 28,home,Ohlone,L,14-2,14,2,12,win,20150328_0dfj,0,0,0,0,0.0,,,,0.0,,,2015,2014-15,Hartnell,hartnell,michaelsecristuw7t,Michael Secrist
Apr 2,home,Monterey,W,6-4,6,4,2,win,20150402_bloy,0,0,0,0,0.0,,,,0.0,,,2015,2014-15,Hartnell,hartnell,michaelsecristuw7t,Michael Secrist
Apr 7,home,Chabot,L,5-4,5,4,1,win,20150407_r1qt,0,0,0,0,0.0,,,,0.0,,,2015,2014-15,Hartnell,hartnell,michaelsecristuw7t,Michael Secrist
Apr 9,home,San Francisco,L,5-2,5,2,3,win,20150409_ybhz,0,0,0,0,0.0,,,,0.0,,,2015,2014-15,Hartnell,hartnell,michaelsecristuw7t,Michael Secrist
Apr 18,home,Monterey,W,12-5,12,5,7,win,20150418_dl5k,0,0,0,0,0.0,,,,0.0,,,2015,2014-15,Hartnell,hartnell,michaelsecristuw7t,Michael Secrist
Apr 21,home,Skyline,L,5-3,5,3,2,win,20150421_jahm,0,0,0,0,0.0,,,,0.0,,,2015,2014-15,Hartnell,hartnell,michaelsecristuw7t,Michael Secrist
Jan 27,home,Los Medanos,W,3-2,3,2,1,win,20150127_shm7,0,0,0,0,0.0,,,,0.0,,,2015,2014-15,Cabrillo,cabrillo,houstonroberts9fh0,Houston Roberts
Jan 29,home,Diablo Valley,W,8-4,8,4,4,win,20150129_ttjc,0,0,0,0,0.0,,,,0.0,,,2015,2014-15,Cabrillo,cabrillo,houstonroberts9fh0,Houston Roberts
Feb 3,home,Marin,W,2-1,2,1,1,win,20150203_ad4u,0,0,0,0,0.0,,,,0.0,,,2015,2014-15,Cabrillo,cabrillo,houstonroberts9fh0,Houston Roberts
Feb 5,home,Laney,W,7-3,7,3,4,win,20150205_cqna,0,0,0,0,0.0,,,,0.0,,,2015,2014-15,Cabrillo,cabrillo,houstonroberts9fh0,Houston Roberts
Feb 9,home,Feather River,L,11-10,11,10,1,win,20150209_o3s5,0,0,0,0,0.0,,,,0.0,,,2015,2014-15,Cabrillo,cabrillo,houstonroberts9fh0,Houston Roberts
Feb 12,home,West Valley,L,6-5,6,5,1,win,20150212_zyik,0,0,0,0,0.0,,,,0.0,,,2015,2014-15,Cabrillo,cabrillo,houstonroberts9fh0,Houston Roberts
Feb 14,home,Feather River,W,7-6,7,6,1,win,20150214_55y7,0,0,0,0,0.0,,,,0.0,,,2015,2014-15,Cabrillo,cabrillo,houstonroberts9fh0,Houston Roberts
Feb 18,home,De Anza,L,7-5,7,5,2,win,20150218_bvdz,0,0,0,0,0.0,,,,0.0,,,2015,2014-15,Cabrillo,cabrillo,houstonroberts9fh0,Houston Roberts
Feb 26,home,Ohlone,W,9-0,9,0,9,win,20150226_f8v1,0,0,0,0,0.0,,,,0.0,,,2015,2014-15,Cabrillo,cabrillo,houstonroberts9fh0,Houston Roberts
Feb 28,home,Sacramento City,W,7-5,7,5,2,win,20150228_nla2,0,0,0,0,0.0,,,,0.0,,,2015,2014-15,Cabrillo,cabrillo,houstonroberts9fh0,Houston Roberts
Mar 3,home,Hartnell,L,7-6,7,6,1,win,20150303_u9pc,0,0,0,0,0.0,,,,0.0,,,2015,2014-15,Cabrillo,cabrillo,houstonroberts9fh0,Houston Roberts
Mar 5,home,Chabot,W,3-0,3,0,3,win,20150305_j3bm,0,0,0,0,0.0,,,,0.0,,,2015,2014-15,Cabrillo,cabrillo,houstonroberts9fh0,Houston Roberts
Mar 7,home,Monterey,L,2-1,2,1,1,win,20150307_utfl,0,0,0,0,0.0,,,,0.0,,,2015,2014-15,Cabrillo,cabrillo,houstonroberts9fh0,Houston Roberts
Mar 10,home,San Mateo,W,5-0,5,0,5,win,20150310_h9bl,0,0,0,0,0.0,,,,0.0,,,2015,2014-15,Cabrillo,cabrillo,houstonroberts9fh0,Houston Roberts
Mar 12,home,Skyline,W,3-0,3,0,3,win,20150312_mgnd,0,0,0,0,0.0,,,,0.0,,,2015,2014-15,Cabrillo,cabrillo,houstonroberts9fh0,Houston Roberts
Mar 14,home,Gavilan,L,3-2,3,2,1,win,20150314_0j56,0,0,0,0,0.0,,,,0.0,,,2015,2014-15,Cabrillo,cabrillo,houstonroberts9fh0,Houston Roberts
Mar 17,home,De Anza,W,4-2,4,2,2,win,20150317_iyaq,0,0,0,0,0.0,,,,0.0,,,2015,2014-15,Cabrillo,cabrillo,houstonroberts9fh0,Houston Roberts
Mar 19,home,Monterey,L,4-2,4,2,2,win,20150319_tv22,0,0,0,0,0.0,,,,0.0,,,2015,2014-15,Cabrillo,cabrillo,houstonroberts9fh0,Houston Roberts
Mar 21,home,Mission,W,7-4,7,4,3,win,20150321_78mm,0,0,0,0,0.0,,,,0.0,,,2015,2014-15,Cabrillo,cabrillo,houstonroberts9fh0,Houston Roberts
Mar 24,home,Ohlone,L,3-1,3,1,2,win,20150324_g52y,0,0,0,0,0.0,,,,0.0,,,2015,2014-15,Cabrillo,cabrillo,houstonroberts9fh0,Houston Roberts
Mar 26,home,Gavilan,L,11-10,11,10,1,win,20150326_rpml,0,0,0,0,0.0,,,,0.0,,,2015,2014-15,Cabrillo,cabrillo,houstonroberts9fh0,Houston Roberts
Mar 28,home,Skyline,L,7-3,7,3,4,win,20150328_7206,0,0,0,0,0.0,,,,0.0,,,2015,2014-15,Cabrillo,cabrillo,houstonroberts9fh0,Houston Roberts
Mar 31,home,San Francisco,W,4-1,4,1,3,win,20150331_h45c,0,0,0,0,0.0,,,,0.0,,,2015,2014-15,Cabrillo,cabrillo,houstonroberts9fh0,Houston Roberts
Apr 2,home,Canada,L,4-2,4,2,2,win,20150402_nd53,0,0,0,0,0.0,,,,0.0,,,2015,2014-15,Cabrillo,cabrillo,houstonroberts9fh0,Houston Roberts
Apr 4,home,Hartnell,L,3-2,3,2,1,win,20150404_6fph,0,0,0,0,0.0,,,,0.0,,,2015,2014-15,Cabrillo,cabrillo,houstonroberts9fh0,Houston Roberts
Apr 9,home,Monterey,W,9-0,9,0,9,win,20150409_cxtz,0,0,0,0,0.0,,,,0.0,,,2015,2014-15,Cabrillo,cabrillo,houstonroberts9fh0,Houston Roberts
Apr 11,home,Canada,L,6-3,6,3,3,win,20150411_nc9h,0,0,0,0,0.0,,,,0.0,,,2015,2014-15,Cabrillo,cabrillo,houstonroberts9fh0,Houston Roberts
Apr 14,home,Hartnell,W,6-4,6,4,2,win,20150414_i3h0,0,0,0,0,0.0,,,,0.0,,,2015,2014-15,Cabrillo,cabrillo,houstonroberts9fh0,Houston Roberts
Apr 16,home,Skyline,W,4-3,4,3,1,win,20150416_gbtc,0,0,0,0,0.0,,,,0.0,,,2015,2014-15,Cabrillo,cabrillo,houstonroberts9fh0,Houston Roberts
Apr 18,home,Ohlone,W,6-4,6,4,2,win,20150418_1kj4,0,0,0,0,0.0,,,,0.0,,,2015,2014-15,Cabrillo,cabrillo,houstonroberts9fh0,Houston Roberts
Apr 21,home,Gavilan,W,3-0,3,0,3,win,20150421_4499,0,0,0,0,0.0,,,,0.0,,,2015,2014-15,Cabrillo,cabrillo,houstonroberts9fh0,Houston Roberts
Apr 23,home,West Valley,W,15-10,15,10,5,win,20150423_uvbt,0,0,0,0,0.0,,,,0.0,,,2015,2014-15,Cabrillo,cabrillo,houstonroberts9fh0,Houston Roberts
May 1,home,Marin,W,5-1,5,1,4,win,20150501_wfe6,0,0,0,0,0.0,,,,0.0,,,2015,2014-15,Cabrillo,cabrillo,houstonroberts9fh0,Houston Roberts
May 2,home,Marin,L,6-3,6,3,3,win,20150502_uu0o,0,0,0,0,0.0,,,,0.0,,,2015,2014-15,Cabrillo,cabrillo,houstonroberts9fh0,Houston Roberts
May 2,home,Marin,W,4-2,4,2,2,win,20150502_88b4,0,0,0,0,0.0,,,,0.0,,,2015,2014-15,Cabrillo,cabrillo,houstonroberts9fh0,Houston Roberts
May 8,home,San Joaquin  Delta,L,11-0,11,0,11,win,20150508_1q9i,0,0,0,0,0.0,,,,0.0,,,2015,2014-15,Cabrillo,cabrillo,houstonroberts9fh0,Houston Roberts
May 9,home,San Joaquin  Delta,L,8-2,8,2,6,win,20150509_7yq3,0,0,0,0,0.0,,,,0.0,,,2015,2014-15,Cabrillo,cabrillo,houstonroberts9fh0,Houston Roberts
Feb 5,home,De Anza,W,10-0,10,0,10,win,20150205_xcfp,0,0,0,0,0.0,,,,0.0,,,2015,2014-15,Santa Rosa,santarosa,jacksonleslieksid,Jackson Leslie
Feb 7,home,Alumni,W,3-2,3,2,1,win,20150207_9yl9,0,0,0,0,0.0,,,,0.0,,,2015,2014-15,Santa Rosa,santarosa,jacksonleslieksid,Jackson Leslie
Mar 3,home,Cosumnes River,L,5-4,5,4,1,win,20150303_mecu,0,0,0,0,0.0,,,,0.0,,,2015,2014-15,Santa Rosa,santarosa,jacksonleslieksid,Jackson Leslie
Mar 5,home,Diablo Valley,W,4-1,4,1,3,win,20150305_2pts,0,0,0,0,0.0,,,,0.0,,,2015,2014-15,Santa Rosa,santarosa,jacksonleslieksid,Jackson Leslie
Mar 6,home,Sierra,W,2-0,2,0,2,win,20150306_shmr,0,0,0,0,0.0,,,,0.0,,,2015,2014-15,Santa Rosa,santarosa,jacksonleslieksid,Jackson Leslie
Mar 10,home,San Joaquin  Delta,L,4-0,4,0,4,win,20150310_fmx4,0,0,0,0,0.0,,,,0.0,,,2015,2014-15,Santa Rosa,santarosa,jacksonleslieksid,Jackson Leslie
Mar 12,home,San Joaquin  Delta,L,5-1,5,1,4,win,20150312_rxbw,0,0,0,0,0.0,,,,0.0,,,2015,2014-15,Santa Rosa,santarosa,jacksonleslieksid,Jackson Leslie
Mar 14,home,San Joaquin  Delta,L,10-4,10,4,6,win,20150314_1m79,0,0,0,0,0.0,,,,0.0,,,2015,2014-15,Santa Rosa,santarosa,jacksonleslieksid,Jackson Leslie
Mar 17,home,Sacramento City,W,6-3,6,3,3,win,20150317_5syx,0,0,0,0,0.0,,,,0.0,,,2015,2014-15,Santa Rosa,santarosa,jacksonleslieksid,Jackson Leslie
Mar 19,home,Sacramento City,W,9-6,9,6,3,win,20150319_05qc,0,0,0,0,0.0,,,,0.0,,,2015,2014-15,Santa Rosa,santarosa,jacksonleslieksid,Jackson Leslie
Mar 21,home,Sacramento City,W,8-1,8,1,7,win,20150321_mr56,0,0,0,0,0.0,,,,0.0,,,2015,2014-15,Santa Rosa,santarosa,jacksonleslieksid,Jackson Leslie
Mar 24,home,Diablo Valley,W,5-4,5,4,1,win,20150324_zdvg,0,0,0,0,0.0,,,,0.0,,,2015,2014-15,Santa Rosa,santarosa,jacksonleslieksid,Jackson Leslie
Mar 26,home,Diablo Valley,W,11-5,11,5,6,win,20150326_fj6n,0,0,0,0,0.0,,,,0.0,,,2015,2014-15,Santa Rosa,santarosa,jacksonleslieksid,Jackson Leslie
Mar 27,home,Diablo Valley,W,8-2,8,2,6,win,20150327_3hwl,0,0,0,0,0.0,,,,0.0,,,2015,2014-15,Santa Rosa,santarosa,jacksonleslieksid,Jackson Leslie
Mar 31,home,Cosumnes River,W,10-5,10,5,5,win,20150331_byci,0,0,0,0,0.0,,,,0.0,,,2015,2014-15,Santa Rosa,santarosa,jacksonleslieksid,Jackson Leslie
Apr 2,home,Cosumnes River,L,5-4,5,4,1,win,20150402_ss1v,0,0,0,0,0.0,,,,0.0,,,2015,2014-15,Santa Rosa,santarosa,jacksonleslieksid,Jackson Leslie
Apr 4,home,Cosumnes River,L,2-1,2,1,1,win,20150404_4ydx,0,0,0,0,0.0,,,,0.0,,,2015,2014-15,Santa Rosa,santarosa,jacksonleslieksid,Jackson Leslie
Apr 8,home,American River,W,8-2,8,2,6,win,20150408_ufu5,0,0,0,0,0.0,,,,0.0,,,2015,2014-15,Santa Rosa,santarosa,jacksonleslieksid,Jackson Leslie
Apr 9,home,American River,W,10-3,10,3,7,win,20150409_4tkk,0,0,0,0,0.0,,,,0.0,,,2015,2014-15,Santa Rosa,santarosa,jacksonleslieksid,Jackson Leslie
Apr 11,home,American River,L,3-1,3,1,2,win,20150411_krin,0,0,0,0,0.0,,,,0.0,,,2015,2014-15,Santa Rosa,santarosa,jacksonleslieksid,Jackson Leslie
Apr 14,home,Modesto,W,5-1,5,1,4,win,20150414_55r1,0,0,0,0,0.0,,,,0.0,,,2015,2014-15,Santa Rosa,santarosa,jacksonleslieksid,Jackson Leslie
Apr 16,home,Modesto,W,7-1,7,1,6,win,20150416_j73s,0,0,0,0,0.0,,,,0.0,,,2015,2014-15,Santa Rosa,santarosa,jacksonleslieksid,Jackson Leslie
Apr 17,home,Modesto,W,4-0,4,0,4,win,20150417_1n3q,0,0,0,0,0.0,,,,0.0,,,2015,2014-15,Santa Rosa,santarosa,jacksonleslieksid,Jackson Leslie
Apr 21,home,Sierra,W,10-1,10,1,9,win,20150421_2o4x,0,0,0,0,0.0,,,,0.0,,,2015,2014-15,Santa Rosa,santarosa,jacksonleslieksid,Jackson Leslie
Apr 23,home,Sierra,W,8-2,8,2,6,win,20150423_345v,0,0,0,0,0.0,,,,0.0,,,2015,2014-15,Santa Rosa,santarosa,jacksonleslieksid,Jackson Leslie
May 1,home,Butte,W,8-0,8,0,8,win,20150501_kvqv,0,0,0,0,0.0,,,,0.0,,,2015,2014-15,Santa Rosa,santarosa,jacksonleslieksid,Jackson Leslie
May 2,home,Butte,W,5-1,5,1,4,win,20150502_hk7t,0,0,0,0,0.0,,,,0.0,,,2015,2014-15,Santa Rosa,santarosa,jacksonleslieksid,Jackson Leslie
May 8,home,San Mateo,L,5-4,5,4,1,win,20150508_140k,0,0,0,0,0.0,,,,0.0,,,2015,2014-15,Santa Rosa,santarosa,jacksonleslieksid,Jackson Leslie
May 9,home,San Mateo,L,4-1,4,1,3,win,20150509_58x2,0,0,0,0,0.0,,,,0.0,,,2015,2014-15,Santa Rosa,santarosa,jacksonleslieksid,Jackson Leslie
Jan 29,home,El Camino,L,8-1,8,1,7,win,20150129_cijw,0,0,0,0,0.0,,,,0.0,,,2015,2014-15,Sequoias,sequoias,brendondecampos45vj,Brendon Decampos
Jan 30,home,Allan Hancock,W,5-0,5,0,5,win,20150130_jn11,0,0,0,0,0.0,,,,0.0,,,2015,2014-15,Sequoias,sequoias,brendondecampos45vj,Brendon Decampos
Jan 31,home,Moorpark,W,11-2,11,2,9,win,20150131_zec9,0,0,0,0,0.0,,,,0.0,,,2015,2014-15,Sequoias,sequoias,brendondecampos45vj,Brendon Decampos
Feb 6,home,Marin,L,14-9,14,9,5,win,20150206_9t0k,0,0,0,0,0.0,,,,0.0,,,2015,2014-15,Sequoias,sequoias,brendondecampos45vj,Brendon Decampos
Feb 13,home,Bakersfield,W,11-3,11,3,8,win,20150213_btnq,0,0,0,0,0.0,,,,0.0,,,2015,2014-15,Sequoias,sequoias,brendondecampos45vj,Brendon Decampos
Feb 14,home,De Anza,W,12-5,12,5,7,win,20150214_2rxi,0,0,0,0,0.0,,,,0.0,,,2015,2014-15,Sequoias,sequoias,brendondecampos45vj,Brendon Decampos
Feb 19,home,Cosumnes River,L,4-3,4,3,1,win,20150219_pbht,0,0,0,0,0.0,,,,0.0,,,2015,2014-15,Sequoias,sequoias,brendondecampos45vj,Brendon Decampos
Feb 26,home,Merced,L,10-2,10,2,8,win,20150226_62m4,0,0,0,0,0.0,,,,0.0,,,2015,2014-15,Sequoias,sequoias,brendondecampos45vj,Brendon Decampos
Mar 19,home,Reedley,W,8-0,8,0,8,win,20150319_6bw4,0,0,0,0,0.0,,,,0.0,,,2015,2014-15,Sequoias,sequoias,brendondecampos45vj,Brendon Decampos
Mar 21,home,Reedley,L,8-2,8,2,6,win,20150321_50m1,0,0,0,0,0.0,,,,0.0,,,2015,2014-15,Sequoias,sequoias,brendondecampos45vj,Brendon Decampos
Mar 31,home,Bakersfield,L,11-1,11,1,10,win,20150331_fnzs,0,0,0,0,0.0,,,,0.0,,,2015,2014-15,Sequoias,sequoias,brendondecampos45vj,Brendon Decampos
Apr 1,home,Saddleback,L,17-3,17,3,14,win,20150401_yon5,0,0,0,0,0.0,,,,0.0,,,2015,2014-15,Sequoias,sequoias,brendondecampos45vj,Brendon Decampos
Apr 7,home,West Hills Coalinga,W,10-0,10,0,10,win,20150407_42tx,0,0,0,0,0.0,,,,0.0,,,2015,2014-15,Sequoias,sequoias,brendondecampos45vj,Brendon Decampos
Apr 14,home,Fresno City,L,14-10,14,10,4,win,20150414_euy1,0,0,0,0,0.0,,,,0.0,,,2015,2014-15,Sequoias,sequoias,brendondecampos45vj,Brendon Decampos
Apr 19,home,Porterville,W,16-4,16,4,12,win,20150419_t0ke,0,0,0,0,0.0,,,,0.0,,,2015,2014-15,Sequoias,sequoias,brendondecampos45vj,Brendon Decampos
Jan 29,home,Porterville,W,4-3,4,3,1,win,20150129_sync,0,0,0,0,0.0,,,,0.0,,,2015,2014-15,Allan Hancock,allanhancock,williambierleine06k,William Bierlein
Jan 30,home,Sequoias,L,5-0,5,0,5,win,20150130_jn11,0,0,0,0,0.0,,,,0.0,,,2015,2014-15,Allan Hancock,allanhancock,williambierleine06k,William Bierlein
Jan 31,home,Bakersfield,L,3-1,3,1,2,win,20150131_p7dx,0,0,0,0,0.0,,,,0.0,,,2015,2014-15,Allan Hancock,allanhancock,williambierleine06k,William Bierlein
Feb 5,home,Canyons,L,13-2,13,2,11,win,20150205_4vnc,0,0,0,0,0.0,,,,0.0,,,2015,2014-15,Allan Hancock,allanhancock,williambierleine06k,William Bierlein
Feb 6,home,San Diego Mesa,L,17-1,17,1,16,win,20150206_bitk,0,0,0,0,0.0,,,,0.0,,,2015,2014-15,Allan Hancock,allanhancock,williambierleine06k,William Bierlein
Feb 7,home,Rio Hondo,L,7-2,7,2,5,win,20150207_rf6k,0,0,0,0,0.0,,,,0.0,,,2015,2014-15,Allan Hancock,allanhancock,williambierleine06k,William Bierlein
Feb 10,home,Bakersfield,W,6-3,6,3,3,win,20150210_1lj1,0,0,0,0,0.0,,,,0.0,,,2015,2014-15,Allan Hancock,allanhancock,williambierleine06k,William Bierlein
Feb 12,home,Canyons,L,2-1,2,1,1,win,20150212_rchf,0,0,0,0,0.0,,,,0.0,,,2015,2014-15,Allan Hancock,allanhancock,williambierleine06k,William Bierlein
Feb 14,home,Ventura,W,5-1,5,1,4,win,20150214_2rav,0,0,0,0,0.0,,,,0.0,,,2015,2014-15,Allan Hancock,allanhancock,williambierleine06k,William Bierlein
Feb 17,home,Ventura,W,4-0,4,0,4,win,20150217_tdsh,0,0,0,0,0.0,,,,0.0,,,2015,2014-15,Allan Hancock,allanhancock,williambierleine06k,William Bierlein
Feb 19,home,Cuesta,L,7-1,7,1,6,win,20150219_51st,0,0,0,0,0.0,,,,0.0,,,2015,2014-15,Allan Hancock,allanhancock,williambierleine06k,William Bierlein
Feb 24,home,LA Pierce,L,6-5,6,5,1,win,20150224_n1tf,0,0,0,0,0.0,,,,0.0,,,2015,2014-15,Allan Hancock,allanhancock,williambierleine06k,William Bierlein
Feb 26,home,LA Pierce,L,5-4,5,4,1,win,20150226_lzle,0,0,0,0,0.0,,,,0.0,,,2015,2014-15,Allan Hancock,allanhancock,williambierleine06k,William Bierlein
Mar 10,home,Moorpark,L,7-2,7,2,5,win,20150310_updn,0,0,0,0,0.0,,,,0.0,,,2015,2014-15,Allan Hancock,allanhancock,williambierleine06k,William Bierlein
Mar 12,home,Moorpark,L,11-10,11,10,1,win,20150312_tdl7,0,0,0,0,0.0,,,,0.0,,,2015,2014-15,Allan Hancock,allanhancock,williambierleine06k,William Bierlein
Mar 17,home,Santa Barbara,L,12-4,12,4,8,win,20150317_ri5x,0,0,0,0,0.0,,,,0.0,,,2015,2014-15,Allan Hancock,allanhancock,williambierleine06k,William Bierlein
Mar 19,home,Ventura,W,8-7,8,7,1,win,20150319_5zt4,0,0,0,0,0.0,,,,0.0,,,2015,2014-15,Allan Hancock,allanhancock,williambierleine06k,William Bierlein
Apr 2,home,Cypress,L,7-4,7,4,3,win,20150402_fkxa,0,0,0,0,0.0,,,,0.0,,,2015,2014-15,Allan Hancock,allanhancock,williambierleine06k,William Bierlein
Apr 14,home,West Hills Coalinga,W,6-1,6,1,5,win,20150414_63wl,0,0,0,0,0.0,,,,0.0,,,2015,2014-15,Allan Hancock,allanhancock,williambierleine06k,William Bierlein
Apr 18,home,Moorpark,L,7-1,7,1,6,win,20150418_kb5i,0,0,0,0,0.0,,,,0.0,,,2015,2014-15,Allan Hancock,allanhancock,williambierleine06k,William Bierlein
Apr 21,home,Moorpark,L,10-2,10,2,8,win,20150421_f7ot,0,0,0,0,0.0,,,,0.0,,,2015,2014-15,Allan Hancock,allanhancock,williambierleine06k,William Bierlein
Apr 23,home,Santa Barbara,L,14-0,14,0,14,win,20150423_eqgz,0,0,0,0,0.0,,,,0.0,,,2015,2014-15,Allan Hancock,allanhancock,williambierleine06k,William Bierlein
Apr 24,home,Santa Barbara,L,3-1,3,1,2,win,20150424_2lmp,0,0,0,0,0.0,,,,0.0,,,2015,2014-15,Allan Hancock,allanhancock,williambierleine06k,William Bierlein
Jan 27,home,Santa Ana,L,8-1,8,1,7,win,20150127_p33k,0,0,0,0,0.0,,,,0.0,,,2015,2014-15,El Camino-Compton Center,elcaminocomptoncenter,renaemartinezx6fu,Renae Martinez
Jan 29,home,Chaffey,T,3-3,3,3,0,tie,20150129_zk2o,0,0,0,0,0.0,,,,0.0,,,2015,2014-15,El Camino-Compton Center,elcaminocomptoncenter,renaemartinezx6fu,Renae Martinez
Jan 31,home,Chaffey,L,4-1,4,1,3,win,20150131_luyq,0,0,0,0,0.0,,,,0.0,,,2015,2014-15,El Camino-Compton Center,elcaminocomptoncenter,renaemartinezx6fu,Renae Martinez
Jan 31,home,San Bernardino,L,4-2,4,2,2,win,20150131_owhz,0,0,0,0,0.0,,,,0.0,,,2015,2014-15,El Camino-Compton Center,elcaminocomptoncenter,renaemartinezx6fu,Renae Martinez
Feb 3,home,Irvine Valley,L,6-1,6,1,5,win,20150203_129x,0,0,0,0,0.0,,,,0.0,,,2015,2014-15,El Camino-Compton Center,elcaminocomptoncenter,renaemartinezx6fu,Renae Martinez
Feb 7,home,Barstow,W,5-0,5,0,5,win,20150207_fvkv,0,0,0,0,0.0,,,,0.0,,,2015,2014-15,El Camino-Compton Center,elcaminocomptoncenter,renaemartinezx6fu,Renae Martinez
Feb 10,home,West LA,W,7-3,7,3,4,win,20150210_rcnd,0,0,0,0,0.0,,,,0.0,,,2015,2014-15,El Camino-Compton Center,elcaminocomptoncenter,renaemartinezx6fu,Renae Martinez
Feb 12,home,LA Valley,W,5-2,5,2,3,win,20150212_j5eg,0,0,0,0,0.0,,,,0.0,,,2015,2014-15,El Camino-Compton Center,elcaminocomptoncenter,renaemartinezx6fu,Renae Martinez
Feb 14,home,San Diego City,W,6-3,6,3,3,win,20150214_c86d,0,0,0,0,0.0,,,,0.0,,,2015,2014-15,El Camino-Compton Center,elcaminocomptoncenter,renaemartinezx6fu,Renae Martinez
Feb 17,home,San Bernardino,L,9-6,9,6,3,win,20150217_920x,0,0,0,0,0.0,,,,0.0,,,2015,2014-15,El Camino-Compton Center,elcaminocomptoncenter,renaemartinezx6fu,Renae Martinez
Feb 18,home,Imperial Valley,W,6-3,6,3,3,win,20150218_pskx,0,0,0,0,0.0,,,,0.0,,,2015,2014-15,El Camino-Compton Center,elcaminocomptoncenter,renaemartinezx6fu,Renae Martinez
Feb 21,home,Saddleback,L,6-1,6,1,5,win,20150221_lr78,0,0,0,0,0.0,,,,0.0,,,2015,2014-15,El Camino-Compton Center,elcaminocomptoncenter,renaemartinezx6fu,Renae Martinez
Mar 3,home,East Los Angeles,W,2-1,2,1,1,win,20150303_4okn,0,0,0,0,0.0,,,,0.0,,,2015,2014-15,El Camino-Compton Center,elcaminocomptoncenter,renaemartinezx6fu,Renae Martinez
Mar 5,home,East Los Angeles,W,4-0,4,0,4,win,20150305_r3wx,0,0,0,0,0.0,,,,0.0,,,2015,2014-15,El Camino-Compton Center,elcaminocomptoncenter,renaemartinezx6fu,Renae Martinez
Mar 7,home,East Los Angeles,L,10-3,10,3,7,win,20150307_22es,0,0,0,0,0.0,,,,0.0,,,2015,2014-15,El Camino-Compton Center,elcaminocomptoncenter,renaemartinezx6fu,Renae Martinez
Mar 10,home,El Camino,W,13-11,13,11,2,win,20150310_9sd1,0,0,0,0,0.0,,,,0.0,,,2015,2014-15,El Camino-Compton Center,elcaminocomptoncenter,renaemartinezx6fu,Renae Martinez
Mar 12,home,El Camino,W,11-10,11,10,1,win,20150312_h8tp,0,0,0,0,0.0,,,,0.0,,,2015,2014-15,El Camino-Compton Center,elcaminocomptoncenter,renaemartinezx6fu,Renae Martinez
Mar 14,home,El Camino,W,10-4,10,4,6,win,20150314_5akw,0,0,0,0,0.0,,,,0.0,,,2015,2014-15,El Camino-Compton Center,elcaminocomptoncenter,renaemartinezx6fu,Renae Martinez
Mar 17,home,LA Harbor,L,5-2,5,2,3,win,20150317_opfm,0,0,0,0,0.0,,,,0.0,,,2015,2014-15,El Camino-Compton Center,elcaminocomptoncenter,renaemartinezx6fu,Renae Martinez
Mar 19,home,LA Harbor,W,10-4,10,4,6,win,20150319_w6un,0,0,0,0,0.0,,,,0.0,,,2015,2014-15,El Camino-Compton Center,elcaminocomptoncenter,renaemartinezx6fu,Renae Martinez
Mar 21,home,LA Harbor,L,9-8,9,8,1,win,20150321_yxv2,0,0,0,0,0.0,,,,0.0,,,2015,2014-15,El Camino-Compton Center,elcaminocomptoncenter,renaemartinezx6fu,Renae Martinez
Mar 24,home,Cerritos,L,1-0,1,0,1,win,20150324_830h,0,0,0,0,0.0,,,,0.0,,,2015,2014-15,El Camino-Compton Center,elcaminocomptoncenter,renaemartinezx6fu,Renae Martinez
Mar 26,home,Cerritos,W,5-1,5,1,4,win,20150326_shcq,0,0,0,0,0.0,,,,0.0,,,2015,2014-15,El Camino-Compton Center,elcaminocomptoncenter,renaemartinezx6fu,Renae Martinez
Mar 28,home,Cerritos,W,2-1,2,1,1,win,20150328_1ngb,0,0,0,0,0.0,,,,0.0,,,2015,2014-15,El Camino-Compton Center,elcaminocomptoncenter,renaemartinezx6fu,Renae Martinez
Mar 31,home,Fullerton,W,5-2,5,2,3,win,20150331_hbsj,0,0,0,0,0.0,,,,0.0,,,2015,2014-15,El Camino-Compton Center,elcaminocomptoncenter,renaemartinezx6fu,Renae Martinez
Apr 2,home,LA Mission,L,3-2,3,2,1,win,20150402_i759,0,0,0,0,0.0,,,,0.0,,,2015,2014-15,El Camino-Compton Center,elcaminocomptoncenter,renaemartinezx6fu,Renae Martinez
Apr 4,home,Ventura,W,9-4,9,4,5,win,20150404_7uzh,0,0,0,0,0.0,,,,0.0,,,2015,2014-15,El Camino-Compton Center,elcaminocomptoncenter,renaemartinezx6fu,Renae Martinez
Apr 7,home,Pasadena,L,4-3,4,3,1,win,20150407_bw1b,0,0,0,0,0.0,,,,0.0,,,2015,2014-15,El Camino-Compton Center,elcaminocomptoncenter,renaemartinezx6fu,Renae Martinez
Apr 9,home,Pasadena,W,6-5,6,5,1,win,20150409_e6x4,0,0,0,0,0.0,,,,0.0,,,2015,2014-15,El Camino-Compton Center,elcaminocomptoncenter,renaemartinezx6fu,Renae Martinez
Apr 11,home,Pasadena,W,7-2,7,2,5,win,20150411_fn38,0,0,0,0,0.0,,,,0.0,,,2015,2014-15,El Camino-Compton Center,elcaminocomptoncenter,renaemartinezx6fu,Renae Martinez
Apr 14,home,Mt. San Antonio,L,10-6,10,6,4,win,20150414_tecz,0,0,0,0,0.0,,,,0.0,,,2015,2014-15,El Camino-Compton Center,elcaminocomptoncenter,renaemartinezx6fu,Renae Martinez
Apr 16,home,Mt. San Antonio,L,7-3,7,3,4,win,20150416_7bjj,0,0,0,0,0.0,,,,0.0,,,2015,2014-15,El Camino-Compton Center,elcaminocomptoncenter,renaemartinezx6fu,Renae Martinez
Apr 18,home,Mt. San Antonio,W,8-7,8,7,1,win,20150418_ndf8,0,0,0,0,0.0,,,,0.0,,,2015,2014-15,El Camino-Compton Center,elcaminocomptoncenter,renaemartinezx6fu,Renae Martinez
Apr 21,home,Long Beach,W,15-8,15,8,7,win,20150421_00qc,0,0,0,0,0.0,,,,0.0,,,2015,2014-15,El Camino-Compton Center,elcaminocomptoncenter,renaemartinezx6fu,Renae Martinez
Apr 23,home,Long Beach,W,2-1,2,1,1,win,20150423_7o06,0,0,0,0,0.0,,,,0.0,,,2015,2014-15,El Camino-Compton Center,elcaminocomptoncenter,renaemartinezx6fu,Renae Martinez
Apr 24,home,Long Beach,L,8-6,8,6,2,win,20150424_8uo9,0,0,0,0,0.0,,,,0.0,,,2015,2014-15,El Camino-Compton Center,elcaminocomptoncenter,renaemartinezx6fu,Renae Martinez
Jan 27,home,Cerritos,L,6-5,6,5,1,win,20150127_bqi7,0,0,0,0,0.0,,,,0.0,,,2015,2014-15,Glendale,glendale,nickwolyniecm78j,Nick Wolyniec
Jan 29,home,Mt. San Antonio,L,9-2,9,2,7,win,20150129_5bve,0,0,0,0,0.0,,,,0.0,,,2015,2014-15,Glendale,glendale,nickwolyniecm78j,Nick Wolyniec
Jan 31,home,Rio Hondo,L,4-3,4,3,1,win,20150131_9hv8,0,0,0,0,0.0,,,,0.0,,,2015,2014-15,Glendale,glendale,nickwolyniecm78j,Nick Wolyniec
Feb 3,home,LA Pierce,L,7-2,7,2,5,win,20150203_gcef,0,0,0,0,0.0,,,,0.0,,,2015,2014-15,Glendale,glendale,nickwolyniecm78j,Nick Wolyniec
Feb 5,home,Santa Barbara,L,6-5,6,5,1,win,20150205_799j,0,0,0,0,0.0,,,,0.0,,,2015,2014-15,Glendale,glendale,nickwolyniecm78j,Nick Wolyniec
Feb 11,home,Saddleback,L,9-6,9,6,3,win,20150211_mgin,0,0,0,0,0.0,,,,0.0,,,2015,2014-15,Glendale,glendale,nickwolyniecm78j,Nick Wolyniec
Feb 12,home,LA Pierce,W,6-5,6,5,1,win,20150212_td24,0,0,0,0,0.0,,,,0.0,,,2015,2014-15,Glendale,glendale,nickwolyniecm78j,Nick Wolyniec
Feb 17,home,Palomar,L,9-2,9,2,7,win,20150217_enza,0,0,0,0,0.0,,,,0.0,,,2015,2014-15,Glendale,glendale,nickwolyniecm78j,Nick Wolyniec
Feb 19,home,Santa Ana,W,9-8,9,8,1,win,20150219_feqd,0,0,0,0,0.0,,,,0.0,,,2015,2014-15,Glendale,glendale,nickwolyniecm78j,Nick Wolyniec
Mar 3,home,West LA,W,9-2,9,2,7,win,20150303_xgj9,0,0,0,0,0.0,,,,0.0,,,2015,2014-15,Glendale,glendale,nickwolyniecm78j,Nick Wolyniec
Mar 7,home,Bakersfield,W,5-3,5,3,2,win,20150307_9z9d,0,0,0,0,0.0,,,,0.0,,,2015,2014-15,Glendale,glendale,nickwolyniecm78j,Nick Wolyniec
Mar 10,home,LA Mission,W,7-4,7,4,3,win,20150310_4h22,0,0,0,0,0.0,,,,0.0,,,2015,2014-15,Glendale,glendale,nickwolyniecm78j,Nick Wolyniec
Mar 12,home,Citrus,L,7-3,7,3,4,win,20150312_sm0n,0,0,0,0,0.0,,,,0.0,,,2015,2014-15,Glendale,glendale,nickwolyniecm78j,Nick Wolyniec
Mar 13,home,LA Valley,W,9-4,9,4,5,win,20150313_44l6,0,0,0,0,0.0,,,,0.0,,,2015,2014-15,Glendale,glendale,nickwolyniecm78j,Nick Wolyniec
Mar 17,home,Canyons,W,10-3,10,3,7,win,20150317_jszu,0,0,0,0,0.0,,,,0.0,,,2015,2014-15,Glendale,glendale,nickwolyniecm78j,Nick Wolyniec
Mar 19,home,West LA,W,6-5,6,5,1,win,20150319_5joy,0,0,0,0,0.0,,,,0.0,,,2015,2014-15,Glendale,glendale,nickwolyniecm78j,Nick Wolyniec
Mar 21,home,West LA,W,7-1,7,1,6,win,20150321_cjcg,0,0,0,0,0.0,,,,0.0,,,2015,2014-15,Glendale,glendale,nickwolyniecm78j,Nick Wolyniec
Mar 24,home,Antelope Valley,L,9-8,9,8,1,win,20150324_cd6z,0,0,0,0,0.0,,,,0.0,,,2015,2014-15,Glendale,glendale,nickwolyniecm78j,Nick Wolyniec
Mar 26,home,Antelope Valley,W,14-2,14,2,12,win,20150326_7na7,0,0,0,0,0.0,,,,0.0,,,2015,2014-15,Glendale,glendale,nickwolyniecm78j,Nick Wolyniec
Mar 27,home,Bakersfield,W,6-4,6,4,2,win,20150327_s0uw,0,0,0,0,0.0,,,,0.0,,,2015,2014-15,Glendale,glendale,nickwolyniecm78j,Nick Wolyniec
Mar 31,home,Santa Barbara,L,14-4,14,4,10,win,20150331_1ny7,0,0,0,0,0.0,,,,0.0,,,2015,2014-15,Glendale,glendale,nickwolyniecm78j,Nick Wolyniec
Apr 7,home,Bakersfield,W,3-0,3,0,3,win,20150407_muju,0,0,0,0,0.0,,,,0.0,,,2015,2014-15,Glendale,glendale,nickwolyniecm78j,Nick Wolyniec
Apr 9,home,LA Mission,L,6-0,6,0,6,win,20150409_tutd,0,0,0,0,0.0,,,,0.0,,,2015,2014-15,Glendale,glendale,nickwolyniecm78j,Nick Wolyniec
Apr 11,home,LA Mission,L,21-7,21,7,14,win,20150411_w9gu,0,0,0,0,0.0,,,,0.0,,,2015,2014-15,Glendale,glendale,nickwolyniecm78j,Nick Wolyniec
Apr 14,home,Citrus,W,10-7,10,7,3,win,20150414_5a3u,0,0,0,0,0.0,,,,0.0,,,2015,2014-15,Glendale,glendale,nickwolyniecm78j,Nick Wolyniec
Apr 16,home,Citrus,L,5-1,5,1,4,win,20150416_cbkq,0,0,0,0,0.0,,,,0.0,,,2015,2014-15,Glendale,glendale,nickwolyniecm78j,Nick Wolyniec
Apr 18,home,LA Valley,W,2-1,2,1,1,win,20150418_4f3x,0,0,0,0,0.0,,,,0.0,,,2015,2014-15,Glendale,glendale,nickwolyniecm78j,Nick Wolyniec
Apr 21,home,LA Valley,W,7-6,7,6,1,win,20150421_dppo,0,0,0,0,0.0,,,,0.0,,,2015,2014-15,Glendale,glendale,nickwolyniecm78j,Nick Wolyniec
Apr 23,home,Canyons,L,7-3,7,3,4,win,20150423_749f,0,0,0,0,0.0,,,,0.0,,,2015,2014-15,Glendale,glendale,nickwolyniecm78j,Nick Wolyniec
Apr 24,home,Canyons,W,8-6,8,6,2,win,20150424_ozvx,0,0,0,0,0.0,,,,0.0,,,2015,2014-15,Glendale,glendale,nickwolyniecm78j,Nick Wolyniec
May 1,home,Southwestern,W,5-3,5,3,2,win,20150501_t3hn,0,0,0,0,0.0,,,,0.0,,,2015,2014-15,Glendale,glendale,nickwolyniecm78j,Nick Wolyniec
May 2,home,Southwestern,L,6-3,6,3,3,win,20150502_3lm5,0,0,0,0,0.0,,,,0.0,,,2015,2014-15,Glendale,glendale,nickwolyniecm78j,Nick Wolyniec
May 2,home,Southwestern,W,6-3,6,3,3,win,20150502_1fda,0,0,0,0,0.0,,,,0.0,,,2015,2014-15,Glendale,glendale,nickwolyniecm78j,Nick Wolyniec
May 8,home,Orange Coast,W,13-0,13,0,13,win,20150508_yu00,0,0,0,0,0.0,,,,0.0,,,2015,2014-15,Glendale,glendale,nickwolyniecm78j,Nick Wolyniec
May 9,home,Orange Coast,L,4-2,4,2,2,win,20150509_4nob,0,0,0,0,0.0,,,,0.0,,,2015,2014-15,Glendale,glendale,nickwolyniecm78j,Nick Wolyniec
May 10,home,Orange Coast,L,7-1,7,1,6,win,20150510_algm,0,0,0,0,0.0,,,,0.0,,,2015,2014-15,Glendale,glendale,nickwolyniecm78j,Nick Wolyniec
Jan 30,home,Moorpark,L,6-4,6,4,2,win,20150130_dyi3,0,0,0,0,0.0,,,,0.0,,,2015,2014-15,Porterville,porterville,florencioaguilarq6m1,Florencio Aguilar
Feb 3,home,Barstow,W,12-2,12,2,10,win,20150203_m27j,0,0,0,0,0.0,,,,0.0,,,2015,2014-15,Porterville,porterville,florencioaguilarq6m1,Florencio Aguilar
Feb 6,home,Ohlone,L,8-3,8,3,5,win,20150206_zso5,0,0,0,0,0.0,,,,0.0,,,2015,2014-15,Porterville,porterville,florencioaguilarq6m1,Florencio Aguilar
Feb 6,home,Ohlone,L,11-4,11,4,7,win,20150206_nbhv,0,0,0,0,0.0,,,,0.0,,,2015,2014-15,Porterville,porterville,florencioaguilarq6m1,Florencio Aguilar
Feb 7,home,Ohlone,L,4-0,4,0,4,win,20150207_snaq,0,0,0,0,0.0,,,,0.0,,,2015,2014-15,Porterville,porterville,florencioaguilarq6m1,Florencio Aguilar
Feb 9,home,Barstow,W,9-6,9,6,3,win,20150209_4zyw,0,0,0,0,0.0,,,,0.0,,,2015,2014-15,Porterville,porterville,florencioaguilarq6m1,Florencio Aguilar
Feb 12,home,Antelope Valley,W,8-0,8,0,8,win,20150212_jm6v,0,0,0,0,0.0,,,,0.0,,,2015,2014-15,Porterville,porterville,florencioaguilarq6m1,Florencio Aguilar
Feb 14,home,Antelope Valley,L,6-4,6,4,2,win,20150214_b26n,0,0,0,0,0.0,,,,0.0,,,2015,2014-15,Porterville,porterville,florencioaguilarq6m1,Florencio Aguilar
Feb 17,home,Merced,L,15-3,15,3,12,win,20150217_6nve,0,0,0,0,0.0,,,,0.0,,,2015,2014-15,Porterville,porterville,florencioaguilarq6m1,Florencio Aguilar
Feb 19,home,Merced,L,9-0,9,0,9,win,20150219_r028,0,0,0,0,0.0,,,,0.0,,,2015,2014-15,Porterville,porterville,florencioaguilarq6m1,Florencio Aguilar
Feb 21,home,Merced,L,6-1,6,1,5,win,20150221_tmn5,0,0,0,0,0.0,,,,0.0,,,2015,2014-15,Porterville,porterville,florencioaguilarq6m1,Florencio Aguilar
Feb 24,home,Antelope Valley,L,10-2,10,2,8,win,20150224_kxia,0,0,0,0,0.0,,,,0.0,,,2015,2014-15,Porterville,porterville,florencioaguilarq6m1,Florencio Aguilar
Mar 3,home,Taft,L,8-7,8,7,1,win,20150303_y1uy,0,0,0,0,0.0,,,,0.0,,,2015,2014-15,Porterville,porterville,florencioaguilarq6m1,Florencio Aguilar
Mar 5,home,Taft,L,6-2,6,2,4,win,20150305_6h0a,0,0,0,0,0.0,,,,0.0,,,2015,2014-15,Porterville,porterville,florencioaguilarq6m1,Florencio Aguilar
Mar 7,home,Taft,L,8-2,8,2,6,win,20150307_3mzd,0,0,0,0,0.0,,,,0.0,,,2015,2014-15,Porterville,porterville,florencioaguilarq6m1,Florencio Aguilar
Mar 10,home,Fresno City,L,7-0,7,0,7,win,20150310_ypgw,0,0,0,0,0.0,,,,0.0,,,2015,2014-15,Porterville,porterville,florencioaguilarq6m1,Florencio Aguilar
Mar 12,home,Fresno City,L,8-5,8,5,3,win,20150312_meia,0,0,0,0,0.0,,,,0.0,,,2015,2014-15,Porterville,porterville,florencioaguilarq6m1,Florencio Aguilar
Mar 14,home,Fresno City,L,8-1,8,1,7,win,20150314_3v67,0,0,0,0,0.0,,,,0.0,,,2015,2014-15,Porterville,porterville,florencioaguilarq6m1,Florencio Aguilar
Mar 17,home,West Hills Coalinga,L,4-2,4,2,2,win,20150317_4yms,0,0,0,0,0.0,,,,0.0,,,2015,2014-15,Porterville,porterville,florencioaguilarq6m1,Florencio Aguilar
Mar 19,home,West Hills Coalinga,L,7-1,7,1,6,win,20150319_ioi8,0,0,0,0,0.0,,,,0.0,,,2015,2014-15,Porterville,porterville,florencioaguilarq6m1,Florencio Aguilar
Mar 21,home,West Hills Coalinga,W,10-1,10,1,9,win,20150321_64ks,0,0,0,0,0.0,,,,0.0,,,2015,2014-15,Porterville,porterville,florencioaguilarq6m1,Florencio Aguilar
Mar 24,home,Sequoias,W,2-1,2,1,1,win,20150324_0mtw,0,0,0,0,0.0,,,,0.0,,,2015,2014-15,Porterville,porterville,florencioaguilarq6m1,Florencio Aguilar
Mar 26,home,Sequoias,L,6-4,6,4,2,win,20150326_3vto,0,0,0,0,0.0,,,,0.0,,,2015,2014-15,Porterville,porterville,florencioaguilarq6m1,Florencio Aguilar
Mar 28,home,Sequoias,L,6-2,6,2,4,win,20150328_qx9d,0,0,0,0,0.0,,,,0.0,,,2015,2014-15,Porterville,porterville,florencioaguilarq6m1,Florencio Aguilar
Apr 9,home,Reedley,L,5-2,5,2,3,win,20150409_gudn,0,0,0,0,0.0,,,,0.0,,,2015,2014-15,Porterville,porterville,florencioaguilarq6m1,Florencio Aguilar
Apr 10,home,Reedley,L,11-0,11,0,11,win,20150410_966u,0,0,0,0,0.0,,,,0.0,,,2015,2014-15,Porterville,porterville,florencioaguilarq6m1,Florencio Aguilar
Apr 11,home,Reedley,L,7-2,7,2,5,win,20150411_204e,0,0,0,0,0.0,,,,0.0,,,2015,2014-15,Porterville,porterville,florencioaguilarq6m1,Florencio Aguilar
Apr 14,home,Taft,L,9-4,9,4,5,win,20150414_v841,0,0,0,0,0.0,,,,0.0,,,2015,2014-15,Porterville,porterville,florencioaguilarq6m1,Florencio Aguilar
Apr 16,home,Reedley,L,7-4,7,4,3,win,20150416_t3eo,0,0,0,0,0.0,,,,0.0,,,2015,2014-15,Porterville,porterville,florencioaguilarq6m1,Florencio Aguilar
Apr 18,home,Merced,L,7-2,7,2,5,win,20150418_720n,0,0,0,0,0.0,,,,0.0,,,2015,2014-15,Porterville,porterville,florencioaguilarq6m1,Florencio Aguilar
Apr 19,home,Sequoias,L,16-4,16,4,12,win,20150419_t0ke,0,0,0,0,0.0,,,,0.0,,,2015,2014-15,Porterville,porterville,florencioaguilarq6m1,Florencio Aguilar
Apr 21,home,Fresno City,L,7-0,7,0,7,win,20150421_mgi5,0,0,0,0,0.0,,,,0.0,,,2015,2014-15,Porterville,porterville,florencioaguilarq6m1,Florencio Aguilar
Apr 24,home,West Hills Coalinga,L,7-4,7,4,3,win,20150424_isxx,0,0,0,0,0.0,,,,0.0,,,2015,2014-15,Porterville,porterville,florencioaguilarq6m1,Florencio Aguilar
Jan 29,home,Gavilan,L,9-6,9,6,3,win,20150129_pwpb,0,0,0,0,0.0,,,,0.0,,,2015,2014-15,Lassen,lassen,adamfrandsentrp8,Adam Frandsen
Jan 31,home,Gavilan,L,3-2,3,2,1,win,20150131_fe5o,0,0,0,0,0.0,,,,0.0,,,2015,2014-15,Lassen,lassen,adamfrandsentrp8,Adam Frandsen
Feb 5,home,Yuba,L,11-3,11,3,8,win,20150205_fcwj,0,0,0,0,0.0,,,,0.0,,,2015,2014-15,Lassen,lassen,adamfrandsentrp8,Adam Frandsen
Feb 13,home,Cosumnes River,L,19-2,19,2,17,win,20150213_3mzd,0,0,0,0,0.0,,,,0.0,,,2015,2014-15,Lassen,lassen,adamfrandsentrp8,Adam Frandsen
Feb 14,home,West Hills Coalinga,L,6-3,6,3,3,win,20150214_x3mm,0,0,0,0,0.0,,,,0.0,,,2015,2014-15,Lassen,lassen,adamfrandsentrp8,Adam Frandsen
Feb 20,home,Mission,L,10-3,10,3,7,win,20150220_easw,0,0,0,0,0.0,,,,0.0,,,2015,2014-15,Lassen,lassen,adamfrandsentrp8,Adam Frandsen
Feb 28,home,Shasta,L,12-2,12,2,10,win,20150228_46cl,0,0,0,0,0.0,,,,0.0,,,2015,2014-15,Lassen,lassen,adamfrandsentrp8,Adam Frandsen
Mar 7,home,Butte,L,15-1,15,1,14,win,20150307_zrjh,0,0,0,0,0.0,,,,0.0,,,2015,2014-15,Lassen,lassen,adamfrandsentrp8,Adam Frandsen
Mar 14,home,Feather River,L,15-3,15,3,12,win,20150314_isp8,0,0,0,0,0.0,,,,0.0,,,2015,2014-15,Lassen,lassen,adamfrandsentrp8,Adam Frandsen
Mar 21,home,Siskiyous,L,6-2,6,2,4,win,20150321_lvbm,0,0,0,0,0.0,,,,0.0,,,2015,2014-15,Lassen,lassen,adamfrandsentrp8,Adam Frandsen
Mar 27,home,Redwoods,W,21-8,21,8,13,win,20150327_toe5,0,0,0,0,0.0,,,,0.0,,,2015,2014-15,Lassen,lassen,adamfrandsentrp8,Adam Frandsen
Mar 28,home,Redwoods,L,8-7,8,7,1,win,20150328_g7pz,0,0,0,0,0.0,,,,0.0,,,2015,2014-15,Lassen,lassen,adamfrandsentrp8,Adam Frandsen
Apr 3,home,Shasta,W,1-0,1,0,1,win,20150403_lxe5,0,0,0,0,0.0,,,,0.0,,,2015,2014-15,Lassen,lassen,adamfrandsentrp8,Adam Frandsen
Apr 11,home,Feather River,L,9-6,9,6,3,win,20150411_i0sx,0,0,0,0,0.0,,,,0.0,,,2015,2014-15,Lassen,lassen,adamfrandsentrp8,Adam Frandsen
Apr 11,home,Feather River,L,4-2,4,2,2,win,20150411_tgxs,0,0,0,0,0.0,,,,0.0,,,2015,2014-15,Lassen,lassen,adamfrandsentrp8,Adam Frandsen
Apr 18,home,Siskiyous,W,14-4,14,4,10,win,20150418_dsbv,0,0,0,0,0.0,,,,0.0,,,2015,2014-15,Lassen,lassen,adamfrandsentrp8,Adam Frandsen
Apr 23,home,Redwoods,W,9-4,9,4,5,win,20150423_tv2m,0,0,0,0,0.0,,,,0.0,,,2015,2014-15,Lassen,lassen,adamfrandsentrp8,Adam Frandsen
Jan 29,home,Redwoods,W,5-4,5,4,1,win,20150129_99bb,0,0,0,0,0.0,,,,0.0,,,2015,2014-15,Mendocino,mendocino,coreyhendersono6as,Corey Henderson
Jan 31,home,Redwoods,L,13-1,13,1,12,win,20150131_hfeo,0,0,0,0,1.0,,,,0.0,,1.0,2015,2014-15,Mendocino,mendocino,coreyhendersono6as,Corey Henderson
Feb 5,home,Gavilan,L,6-1,6,1,5,win,20150205_uvtn,0,0,0,0,1.0,1.0,0.0,0.0,0.0,0.0,0.0,2015,2014-15,Mendocino,mendocino,coreyhendersono6as,Corey Henderson
Feb 13,home,Butte,L,12-2,12,2,10,win,20150213_55u9,0,0,0,0,0.0,,,,0.0,,,2015,2014-15,Mendocino,mendocino,coreyhendersono6as,Corey Henderson
Feb 14,home,Butte,L,11-3,11,3,8,win,20150214_o7j7,0,0,0,0,0.0,,,,0.0,,,2015,2014-15,Mendocino,mendocino,coreyhendersono6as,Corey Henderson
Feb 14,home,Butte,L,6-5,6,5,1,win,20150214_18a8,0,0,1,0,3.0,4.0,2.0,1.0,3.0,1.0,1.0,2015,2014-15,Mendocino,mendocino,coreyhendersono6as,Corey Henderson
Feb 19,home,Siskiyous,L,11-0,11,0,11,win,20150219_9iai,0,0,0,0,0.0,,,,0.0,,,2015,2014-15,Mendocino,mendocino,coreyhendersono6as,Corey Henderson
Feb 20,home,Siskiyous,L,8-4,8,4,4,win,20150220_k8wj,0,0,0,0,1.2,1.0,,,0.0,,1.0,2015,2014-15,Mendocino,mendocino,coreyhendersono6as,Corey Henderson
Feb 24,home,Laney,W,3-2,3,2,1,win,20150224_n725,1,0,0,0,2.0,1.0,0.0,0.0,0.0,1.0,3.0,2015,2014-15,Mendocino,mendocino,coreyhendersono6as,Corey Henderson
Feb 26,home,Laney,W,8-5,8,5,3,win,20150226_pb1z,1,0,0,0,2.0,4.0,1.0,1.0,4.5,0.0,1.0,2015,2014-15,Mendocino,mendocino,coreyhendersono6as,Corey Henderson
Feb 28,home,Contra Costa,W,7-4,7,4,3,win,20150228_u3bl,1,0,0,0,2.0,4.0,1.0,1.0,4.5,0.0,1.0,2015,2014-15,Mendocino,mendocino,coreyhendersono6as,Corey Henderson
Mar 3,home,Contra Costa,W,7-2,7,2,5,win,20150303_7496,1,0,0,0,2.0,1.0,1.0,1.0,4.5,2.0,0.0,2015,2014-15,Mendocino,mendocino,coreyhendersono6as,Corey Henderson
Mar 5,home,Napa,L,5-0,5,0,5,win,20150305_kt6v,1,0,1,0,2.0,3.0,2.0,2.0,9.0,0.0,3.0,2015,2014-15,Mendocino,mendocino,coreyhendersono6as,Corey Henderson
Mar 7,home,Napa,L,11-3,11,3,8,win,20150307_77f6,1,0,1,0,0.0,1.0,2.0,2.0,inf,0.0,0.0,2015,2014-15,Mendocino,mendocino,coreyhendersono6as,Corey Henderson
Jan 31,home,Cerritos,L,14-6,14,6,8,win,20150131_cq3e,0,0,0,0,0.0,,,,0.0,,,2015,2014-15,Citrus,citrus,josephmorrealetro9,Joseph Morreale
Feb 5,home,Mt. San Jacinto,L,7-4,7,4,3,win,20150205_jhca,0,0,0,0,0.0,,,,0.0,,,2015,2014-15,Citrus,citrus,josephmorrealetro9,Joseph Morreale
Feb 14,home,East Los Angeles,L,3-1,3,1,2,win,20150214_lbze,0,0,0,0,0.0,,,,0.0,,,2015,2014-15,Citrus,citrus,josephmorrealetro9,Joseph Morreale
Feb 19,home,San Bernardino,L,3-2,3,2,1,win,20150219_67lw,0,0,0,0,0.0,,,,0.0,,,2015,2014-15,Citrus,citrus,josephmorrealetro9,Joseph Morreale
Mar 17,home,West LA,W,8-2,8,2,6,win,20150317_1s9o,0,0,0,0,0.1,,,,0.0,,,2015,2014-15,Citrus,citrus,josephmorrealetro9,Joseph Morreale
Apr 2,home,Mt. San Antonio,L,4-3,4,3,1,win,20150402_19cl,0,0,0,0,1.0,1.0,,,0.0,,1.0,2015,2014-15,Citrus,citrus,josephmorrealetro9,Joseph Morreale
Apr 9,home,LA Valley,W,12-2,12,2,10,win,20150409_7ftv,0,0,0,0,0.0,,,,0.0,,,2015,2014-15,Citrus,citrus,josephmorrealetro9,Joseph Morreale
Apr 21,home,LA Mission,L,4-3,4,3,1,win,20150421_fedi,0,0,0,0,0.0,,,,0.0,,,2015,2014-15,Citrus,citrus,josephmorrealetro9,Joseph Morreale
Apr 24,home,West LA,W,11-3,11,3,8,win,20150424_nta1,1,1,0,0,5.0,3.0,0.0,0.0,0.0,0.0,6.0,2015,2014-15,Citrus,citrus,josephmorrealetro9,Joseph Morreale
Jan 29,home,Allan Hancock,L,4-3,4,3,1,win,20150129_sync,0,0,0,0,0.0,,,,0.0,,,2015,2014-15,Porterville,porterville,josephgaytanp93h,Joseph Gaytan
Feb 6,home,Ohlone,L,8-3,8,3,5,win,20150206_zso5,0,0,0,0,0.0,,,,0.0,,,2015,2014-15,Porterville,porterville,josephgaytanp93h,Joseph Gaytan
Feb 6,home,Ohlone,L,11-4,11,4,7,win,20150206_nbhv,0,0,0,0,0.0,,,,0.0,,,2015,2014-15,Porterville,porterville,josephgaytanp93h,Joseph Gaytan
Feb 7,home,Ohlone,L,4-0,4,0,4,win,20150207_snaq,0,0,0,0,0.0,,,,0.0,,,2015,2014-15,Porterville,porterville,josephgaytanp93h,Joseph Gaytan
Feb 9,home,Barstow,W,9-6,9,6,3,win,20150209_4zyw,0,0,0,0,0.0,,,,0.0,,,2015,2014-15,Porterville,porterville,josephgaytanp93h,Joseph Gaytan
Feb 12,home,Antelope Valley,W,8-0,8,0,8,win,20150212_jm6v,0,0,0,0,0.0,,,,0.0,,,2015,2014-15,Porterville,porterville,josephgaytanp93h,Joseph Gaytan
Feb 17,home,Merced,L,15-3,15,3,12,win,20150217_6nve,0,0,0,0,0.0,,,,0.0,,,2015,2014-15,Porterville,porterville,josephgaytanp93h,Joseph Gaytan
Feb 19,home,Merced,L,9-0,9,0,9,win,20150219_r028,0,0,0,0,0.0,,,,0.0,,,2015,2014-15,Porterville,porterville,josephgaytanp93h,Joseph Gaytan
Feb 21,home,Merced,L,6-1,6,1,5,win,20150221_tmn5,0,0,0,0,0.0,,,,0.0,,,2015,2014-15,Porterville,porterville,josephgaytanp93h,Joseph Gaytan
Feb 24,home,Antelope Valley,L,10-2,10,2,8,win,20150224_kxia,0,0,0,0,0.0,,,,0.0,,,2015,2014-15,Porterville,porterville,josephgaytanp93h,Joseph Gaytan
Mar 3,home,Taft,L,8-7,8,7,1,win,20150303_y1uy,0,0,0,0,0.0,,,,0.0,,,2015,2014-15,Porterville,porterville,josephgaytanp93h,Joseph Gaytan
Mar 5,home,Taft,L,6-2,6,2,4,win,20150305_6h0a,0,0,0,0,0.0,,,,0.0,,,2015,2014-15,Porterville,porterville,josephgaytanp93h,Joseph Gaytan
Mar 10,home,Fresno City,L,7-0,7,0,7,win,20150310_ypgw,0,0,0,0,0.0,,,,0.0,,,2015,2014-15,Porterville,porterville,josephgaytanp93h,Joseph Gaytan
Mar 12,home,Fresno City,L,8-5,8,5,3,win,20150312_meia,0,0,0,0,0.0,,,,0.0,,,2015,2014-15,Porterville,porterville,josephgaytanp93h,Joseph Gaytan
Mar 14,home,Fresno City,L,8-1,8,1,7,win,20150314_3v67,0,0,0,0,0.0,,,,0.0,,,2015,2014-15,Porterville,porterville,josephgaytanp93h,Joseph Gaytan
Mar 17,home,West Hills Coalinga,L,4-2,4,2,2,win,20150317_4yms,0,0,0,0,0.0,,,,0.0,,,2015,2014-15,Porterville,porterville,josephgaytanp93h,Joseph Gaytan
Mar 21,home,West Hills Coalinga,W,10-1,10,1,9,win,20150321_64ks,0,0,0,0,0.0,,,,0.0,,,2015,2014-15,Porterville,porterville,josephgaytanp93h,Joseph Gaytan
Mar 24,home,Sequoias,W,2-1,2,1,1,win,20150324_0mtw,0,0,0,0,0.0,,,,0.0,,,2015,2014-15,Porterville,porterville,josephgaytanp93h,Joseph Gaytan
Mar 26,home,Sequoias,L,6-4,6,4,2,win,20150326_3vto,0,0,0,0,0.0,,,,0.0,,,2015,2014-15,Porterville,porterville,josephgaytanp93h,Joseph Gaytan
Mar 28,home,Sequoias,L,6-2,6,2,4,win,20150328_qx9d,0,0,0,0,0.0,,,,0.0,,,2015,2014-15,Porterville,porterville,josephgaytanp93h,Joseph Gaytan
Apr 9,home,Reedley,L,5-2,5,2,3,win,20150409_gudn,0,0,0,0,0.0,,,,0.0,,,2015,2014-15,Porterville,porterville,josephgaytanp93h,Joseph Gaytan
Apr 10,home,Reedley,L,11-0,11,0,11,win,20150410_966u,0,0,0,0,0.0,,,,0.0,,,2015,2014-15,Porterville,porterville,josephgaytanp93h,Joseph Gaytan
Apr 11,home,Reedley,L,7-2,7,2,5,win,20150411_204e,0,0,0,0,0.0,,,,0.0,,,2015,2014-15,Porterville,porterville,josephgaytanp93h,Joseph Gaytan
Apr 14,home,Taft,L,9-4,9,4,5,win,20150414_v841,0,0,0,0,0.0,,,,0.0,,,2015,2014-15,Porterville,porterville,josephgaytanp93h,Joseph Gaytan
Apr 16,home,Reedley,L,7-4,7,4,3,win,20150416_t3eo,0,0,0,0,0.0,,,,0.0,,,2015,2014-15,Porterville,porterville,josephgaytanp93h,Joseph Gaytan
Apr 18,home,Merced,L,7-2,7,2,5,win,20150418_720n,0,0,0,0,0.0,,,,0.0,,,2015,2014-15,Porterville,porterville,josephgaytanp93h,Joseph Gaytan
Apr 19,home,Sequoias,L,16-4,16,4,12,win,20150419_t0ke,0,0,0,0,0.0,,,,0.0,,,2015,2014-15,Porterville,porterville,josephgaytanp93h,Joseph Gaytan
Apr 21,home,Fresno City,L,7-0,7,0,7,win,20150421_mgi5,0,0,0,0,0.0,,,,0.0,,,2015,2014-15,Porterville,porterville,josephgaytanp93h,Joseph Gaytan
Apr 24,home,West Hills Coalinga,L,7-4,7,4,3,win,20150424_isxx,0,0,0,0,0.0,,,,0.0,,,2015,2014-15,Porterville,porterville,josephgaytanp93h,Joseph Gaytan
Feb 14,home,Santa Rosa,L,11-1,11,1,10,win,20150214_2sh8,0,0,0,0,1.0,0.0,0.0,0.0,0.0,0.0,0.0,2015,2014-15,Los Medanos,losmedanos,jacobjonesa2rq,Jacob Jones
Mar 17,home,Napa,L,4-0,4,0,4,win,20150317_3m3d,0,0,0,0,1.0,1.0,0.0,0.0,0.0,0.0,1.0,2015,2014-15,Los Medanos,losmedanos,jacobjonesa2rq,Jacob Jones
Mar 26,home,Marin,L,12-5,12,5,7,win,20150326_zpwf,0,0,0,0,1.0,3.0,3.0,3.0,27.0,1.0,,2015,2014-15,Los Medanos,losmedanos,jacobjonesa2rq,Jacob Jones
Apr 21,home,Marin,W,5-4,5,4,1,win,20150421_fvvy,0,0,0,0,0.0,,,,0.0,,,2015,2014-15,Los Medanos,losmedanos,jacobjonesa2rq,Jacob Jones
Apr 23,home,Laney,L,10-3,10,3,7,win,20150423_09lv,0,0,0,0,1.0,3.0,2.0,2.0,18.0,0.0,0.0,2015,2014-15,Los Medanos,losmedanos,jacobjonesa2rq,Jacob Jones
Jan 29,home,Allan Hancock,L,4-3,4,3,1,win,20150129_sync,0,0,0,0,0.0,,,,0.0,,,2015,2014-15,Porterville,porterville,jordanwenrichcpcw,Jordan Wenrich
Jan 30,home,Moorpark,L,6-4,6,4,2,win,20150130_dyi3,0,0,0,0,0.0,,,,0.0,,,2015,2014-15,Porterville,porterville,jordanwenrichcpcw,Jordan Wenrich
Jan 31,home,El Camino,L,9-1,9,1,8,win,20150131_zyby,0,0,0,0,0.0,,,,0.0,,,2015,2014-15,Porterville,porterville,jordanwenrichcpcw,Jordan Wenrich
Feb 3,home,Barstow,W,12-2,12,2,10,win,20150203_m27j,0,0,0,0,0.0,,,,0.0,,,2015,2014-15,Porterville,porterville,jordanwenrichcpcw,Jordan Wenrich
Feb 6,home,Ohlone,L,11-4,11,4,7,win,20150206_nbhv,0,0,0,0,0.0,,,,0.0,,,2015,2014-15,Porterville,porterville,jordanwenrichcpcw,Jordan Wenrich
Feb 9,home,Barstow,W,9-6,9,6,3,win,20150209_4zyw,0,0,0,0,0.0,,,,0.0,,,2015,2014-15,Porterville,porterville,jordanwenrichcpcw,Jordan Wenrich
Jan 29,home,Glendale,W,9-2,9,2,7,win,20150129_5bve,0,0,0,0,0.0,,,,0.0,,,2015,2014-15,Mt. San Antonio,mtsanantonio,kevinromop3nh,Kevin Romo
Jan 30,home,Mt. San Jacinto,W,6-4,6,4,2,win,20150130_3x10,0,0,0,0,0.0,,,,0.0,,,2015,2014-15,Mt. San Antonio,mtsanantonio,kevinromop3nh,Kevin Romo
Jan 31,home,Canyons,W,6-5,6,5,1,win,20150131_sqg3,0,0,0,0,0.0,,,,0.0,,,2015,2014-15,Mt. San Antonio,mtsanantonio,kevinromop3nh,Kevin Romo
Feb 5,home,LA Pierce,L,12-11,12,11,1,win,20150205_1j5k,0,0,0,0,0.0,,,,0.0,,,2015,2014-15,Mt. San Antonio,mtsanantonio,kevinromop3nh,Kevin Romo
Feb 7,home,Fullerton,L,6-5,6,5,1,win,20150207_8559,0,0,0,0,0.0,,,,0.0,,,2015,2014-15,Mt. San Antonio,mtsanantonio,kevinromop3nh,Kevin Romo
Feb 12,home,Ventura,W,7-4,7,4,3,win,20150212_vx18,0,0,0,0,0.0,,,,0.0,,,2015,2014-15,Mt. San Antonio,mtsanantonio,kevinromop3nh,Kevin Romo
Feb 17,home,Riverside,W,13-4,13,4,9,win,20150217_pmed,0,0,0,0,0.0,,,,0.0,,,2015,2014-15,Mt. San Antonio,mtsanantonio,kevinromop3nh,Kevin Romo
Feb 18,home,Rio Hondo,W,7-0,7,0,7,win,20150218_ywqz,0,0,0,0,0.0,,,,0.0,,,2015,2014-15,Mt. San Antonio,mtsanantonio,kevinromop3nh,Kevin Romo
Feb 21,home,Santa Ana,L,5-4,5,4,1,win,20150221_yaeg,0,0,0,0,0.0,,,,0.0,,,2015,2014-15,Mt. San Antonio,mtsanantonio,kevinromop3nh,Kevin Romo
Feb 23,home,Fullerton,L,5-1,5,1,4,win,20150223_imq0,0,0,0,0,0.0,,,,0.0,,,2015,2014-15,Mt. San Antonio,mtsanantonio,kevinromop3nh,Kevin Romo
Feb 24,home,Riverside,L,11-4,11,4,7,win,20150224_rv5x,0,0,0,0,0.0,,,,0.0,,,2015,2014-15,Mt. San Antonio,mtsanantonio,kevinromop3nh,Kevin Romo
Mar 4,home,LA Harbor,L,7-2,7,2,5,win,20150304_4a7r,0,0,0,0,0.0,,,,0.0,,,2015,2014-15,Mt. San Antonio,mtsanantonio,kevinromop3nh,Kevin Romo
Mar 17,home,East Los Angeles,L,3-2,3,2,1,win,20150317_z9g7,0,0,0,0,0.0,,,,0.0,,,2015,2014-15,Mt. San Antonio,mtsanantonio,kevinromop3nh,Kevin Romo
Mar 24,home,El Camino,L,6-5,6,5,1,win,20150324_8nom,0,0,0,0,0.0,,,,0.0,,,2015,2014-15,Mt. San Antonio,mtsanantonio,kevinromop3nh,Kevin Romo
Apr 11,home,Long Beach,W,10-8,10,8,2,win,20150411_jyee,0,0,0,0,0.0,,,,0.0,,,2015,2014-15,Mt. San Antonio,mtsanantonio,kevinromop3nh,Kevin Romo
Apr 18,home,El Camino-Compton Center,L,8-7,8,7,1,win,20150418_ndf8,0,0,0,0,0.0,,,,0.0,,,2015,2014-15,Mt. San Antonio,mtsanantonio,kevinromop3nh,Kevin Romo
Apr 23,home,Pasadena,L,11-4,11,4,7,win,20150423_x1jh,0,0,0,0,0.0,,,,0.0,,,2015,2014-15,Mt. San Antonio,mtsanantonio,kevinromop3nh,Kevin Romo
Apr 24,home,Pasadena,W,5-4,5,4,1,win,20150424_0lry,0,0,0,0,0.0,,,,0.0,,,2015,2014-15,Mt. San Antonio,mtsanantonio,kevinromop3nh,Kevin Romo
Jan 29,home,West Hills Coalinga,L,8-3,8,3,5,win,20150129_mubq,0,0,0,0,0.0,,,,0.0,,,2015,2014-15,Siskiyous,siskiyous,weselydenzlera6xj,Wesely Denzler
Jan 29,home,West Hills Coalinga,L,11-10,11,10,1,win,20150129_xu1d,1,0,0,0,5.0,11.0,7.0,7.0,12.6,1.0,4.0,2015,2014-15,Siskiyous,siskiyous,weselydenzlera6xj,Wesely Denzler
Jan 30,home,West Hills Coalinga,W,15-7,15,7,8,win,20150130_9r5h,0,0,0,0,0.0,,,,0.0,,,2015,2014-15,Siskiyous,siskiyous,weselydenzlera6xj,Wesely Denzler
Feb 5,home,Taft,L,3-2,3,2,1,win,20150205_6f4v,0,0,0,0,0.0,,,,0.0,,,2015,2014-15,Siskiyous,siskiyous,weselydenzlera6xj,Wesely Denzler
Feb 6,home,Taft,W,6-3,6,3,3,win,20150206_ecuz,1,1,0,0,7.1,7.0,2.0,1.0,1.23,1.0,7.0,2015,2014-15,Siskiyous,siskiyous,weselydenzlera6xj,Wesely Denzler
Feb 6,home,Folsom Lake,L,9-6,9,6,3,win,20150206_d87l,0,0,0,0,0.0,,,,0.0,,,2015,2014-15,Siskiyous,siskiyous,weselydenzlera6xj,Wesely Denzler
Feb 14,home,Ohlone,L,3-1,3,1,2,win,20150214_fzu3,0,0,0,0,0.0,,,,0.0,,,2015,2014-15,Siskiyous,siskiyous,weselydenzlera6xj,Wesely Denzler
Feb 14,home,Ohlone,L,5-2,5,2,3,win,20150214_g742,0,0,0,0,0.0,,,,0.0,,,2015,2014-15,Siskiyous,siskiyous,weselydenzlera6xj,Wesely Denzler
Feb 19,home,Mendocino,W,11-0,11,0,11,win,20150219_9iai,0,0,0,0,0.0,,,,0.0,,,2015,2014-15,Siskiyous,siskiyous,weselydenzlera6xj,Wesely Denzler
Feb 19,home,Mendocino,L,5-4,5,4,1,win,20150219_9awr,1,0,0,0,7.1,4.0,3.0,2.0,2.45,2.0,6.0,2015,2014-15,Siskiyous,siskiyous,weselydenzlera6xj,Wesely Denzler
Feb 20,home,Mendocino,W,8-4,8,4,4,win,20150220_k8wj,0,0,0,0,0.0,,,,0.0,,,2015,2014-15,Siskiyous,siskiyous,weselydenzlera6xj,Wesely Denzler
Feb 25,home,Feather River,L,13-3,13,3,10,win,20150225_gwxy,0,0,0,0,0.0,,,,0.0,,,2015,2014-15,Siskiyous,siskiyous,weselydenzlera6xj,Wesely Denzler
Feb 26,home,Feather River,L,11-4,11,4,7,win,20150226_qx38,1,0,0,0,4.2,8.0,3.0,2.0,3.86,0.0,4.0,2015,2014-15,Siskiyous,siskiyous,weselydenzlera6xj,Wesely Denzler
Feb 26,home,Feather River,L,23-3,23,3,20,win,20150226_jplh,0,0,0,0,0.0,,,,0.0,,,2015,2014-15,Siskiyous,siskiyous,weselydenzlera6xj,Wesely Denzler
Mar 4,home,Shasta,W,4-3,4,3,1,win,20150304_tvjv,0,0,0,0,0.0,,,,0.0,,,2015,2014-15,Siskiyous,siskiyous,weselydenzlera6xj,Wesely Denzler
Mar 7,home,Shasta,L,6-5,6,5,1,win,20150307_xlxp,0,0,0,0,5.1,4.0,4.0,3.0,5.06,1.0,2.0,2015,2014-15,Siskiyous,siskiyous,weselydenzlera6xj,Wesely Denzler
Mar 7,home,Shasta,W,5-4,5,4,1,win,20150307_0ebw,0,0,0,0,0.0,,,,0.0,,,2015,2014-15,Siskiyous,siskiyous,weselydenzlera6xj,Wesely Denzler
Mar 13,home,Redwoods,W,3-0,3,0,3,win,20150313_2qyk,0,0,0,0,0.0,,,,0.0,,,2015,2014-15,Siskiyous,siskiyous,weselydenzlera6xj,Wesely Denzler
Mar 13,home,Redwoods,W,7-6,7,6,1,win,20150313_rpb6,1,1,0,0,7.0,5.0,4.0,4.0,5.14,0.0,7.0,2015,2014-15,Siskiyous,siskiyous,weselydenzlera6xj,Wesely Denzler
Mar 14,home,Redwoods,W,6-5,6,5,1,win,20150314_6qwe,0,0,0,0,0.0,,,,0.0,,,2015,2014-15,Siskiyous,siskiyous,weselydenzlera6xj,Wesely Denzler
Mar 20,home,Lassen,L,6-3,6,3,3,win,20150320_wkpl,0,0,0,0,0.0,,,,0.0,,,2015,2014-15,Siskiyous,siskiyous,weselydenzlera6xj,Wesely Denzler
Mar 21,home,Lassen,W,6-2,6,2,4,win,20150321_lvbm,1,1,0,0,9.0,8.0,2.0,2.0,2.0,0.0,5.0,2015,2014-15,Siskiyous,siskiyous,weselydenzlera6xj,Wesely Denzler
Mar 21,home,Lassen,L,15-6,15,6,9,win,20150321_fg3m,0,0,0,0,0.0,,,,0.0,,,2015,2014-15,Siskiyous,siskiyous,weselydenzlera6xj,Wesely Denzler
Mar 26,home,Butte,L,21-8,21,8,13,win,20150326_7s2i,0,0,0,0,0.0,,,,0.0,,,2015,2014-15,Siskiyous,siskiyous,weselydenzlera6xj,Wesely Denzler
Mar 28,home,Butte,L,10-1,10,1,9,win,20150328_43uk,1,0,1,0,4.0,10.0,8.0,8.0,18.0,4.0,1.0,2015,2014-15,Siskiyous,siskiyous,weselydenzlera6xj,Wesely Denzler
Mar 28,home,Butte,L,11-1,11,1,10,win,20150328_8w6x,0,0,0,0,0.0,,,,0.0,,,2015,2014-15,Siskiyous,siskiyous,weselydenzlera6xj,Wesely Denzler
Apr 3,home,Feather River,L,5-2,5,2,3,win,20150403_02cw,0,0,0,0,0.0,,,,0.0,,,2015,2014-15,Siskiyous,siskiyous,weselydenzlera6xj,Wesely Denzler
Apr 3,home,Feather River,L,9-0,9,0,9,win,20150403_iwlx,0,0,0,0,0.0,,,,0.0,,,2015,2014-15,Siskiyous,siskiyous,weselydenzlera6xj,Wesely Denzler
Apr 9,home,Shasta,W,8-3,8,3,5,win,20150409_91jp,1,1,0,0,7.0,9.0,3.0,3.0,3.86,2.0,3.0,2015,2014-15,Siskiyous,siskiyous,weselydenzlera6xj,Wesely Denzler
Apr 9,home,Shasta,W,6-5,6,5,1,win,20150409_zgpd,0,0,0,0,0.0,,,,0.0,,,2015,2014-15,Siskiyous,siskiyous,weselydenzlera6xj,Wesely Denzler
Apr 13,home,Redwoods,W,3-0,3,0,3,win,20150413_nr2s,0,0,0,0,0.0,,,,0.0,,,2015,2014-15,Siskiyous,siskiyous,weselydenzlera6xj,Wesely Denzler
Apr 13,home,Redwoods,L,10-4,10,4,6,win,20150413_txey,1,0,0,0,2.0,4.0,4.0,1.0,4.5,1.0,0.0,2015,2014-15,Siskiyous,siskiyous,weselydenzlera6xj,Wesely Denzler
Apr 18,home,Lassen,W,5-3,5,3,2,win,20150418_4k3u,1,0,0,0,7.0,7.0,3.0,3.0,3.86,2.0,2.0,2015,2014-15,Siskiyous,siskiyous,weselydenzlera6xj,Wesely Denzler
Apr 18,home,Lassen,L,14-4,14,4,10,win,20150418_dsbv,0,0,0,0,0.0,,,,0.0,,,2015,2014-15,Siskiyous,siskiyous,weselydenzlera6xj,Wesely Denzler
Apr 23,home,Butte,L,4-2,4,2,2,win,20150423_ak0b,1,0,1,0,4.1,7.0,3.0,3.0,6.23,6.0,3.0,2015,2014-15,Siskiyous,siskiyous,weselydenzlera6xj,Wesely Denzler
Apr 23,home,Butte,L,3-2,3,2,1,win,20150423_h1kn,0,0,0,0,0.0,,,,0.0,,,2015,2014-15,Siskiyous,siskiyous,weselydenzlera6xj,Wesely Denzler
Jan 30,home,El Camino,L,9-0,9,0,9,win,20150130_ukn8,0,0,0,0,0.0,,,,0.0,,,2015,2014-15,Bakersfield,bakersfield,anthonyavilaxb3a,Anthony Avila
Jan 31,home,Allan Hancock,W,3-1,3,1,2,win,20150131_p7dx,0,0,0,0,0.0,,,,0.0,,,2015,2014-15,Bakersfield,bakersfield,anthonyavilaxb3a,Anthony Avila
Feb 1,home,Moorpark,L,5-4,5,4,1,win,20150201_lmqn,0,0,0,0,0.0,,,,0.0,,,2015,2014-15,Bakersfield,bakersfield,anthonyavilaxb3a,Anthony Avila
Feb 3,home,Fullerton,L,4-3,4,3,1,win,20150203_1uut,0,0,0,0,0.0,,,,0.0,,,2015,2014-15,Bakersfield,bakersfield,anthonyavilaxb3a,Anthony Avila
Feb 6,home,Hartnell,W,11-7,11,7,4,win,20150206_uhin,0,0,0,0,0.0,,,,0.0,,,2015,2014-15,Bakersfield,bakersfield,anthonyavilaxb3a,Anthony Avila
Feb 10,home,Allan Hancock,L,6-3,6,3,3,win,20150210_1lj1,0,0,0,0,0.0,,,,0.0,,,2015,2014-15,Bakersfield,bakersfield,anthonyavilaxb3a,Anthony Avila
Feb 12,home,Moorpark,L,4-2,4,2,2,win,20150212_h4hg,0,0,0,0,0.0,,,,0.0,,,2015,2014-15,Bakersfield,bakersfield,anthonyavilaxb3a,Anthony Avila
Feb 13,home,Sequoias,L,11-3,11,3,8,win,20150213_btnq,0,0,0,0,0.0,,,,0.0,,,2015,2014-15,Bakersfield,bakersfield,anthonyavilaxb3a,Anthony Avila
Feb 19,home,Golden West,L,4-2,4,2,2,win,20150219_ai2r,0,0,0,0,0.0,,,,0.0,,,2015,2014-15,Bakersfield,bakersfield,anthonyavilaxb3a,Anthony Avila
Feb 20,home,Golden West,L,8-5,8,5,3,win,20150220_t7eh,0,0,0,0,0.0,,,,0.0,,,2015,2014-15,Bakersfield,bakersfield,anthonyavilaxb3a,Anthony Avila
Mar 3,home,Citrus,L,12-4,12,4,8,win,20150303_ev3o,0,0,0,0,0.0,,,,0.0,,,2015,2014-15,Bakersfield,bakersfield,anthonyavilaxb3a,Anthony Avila
Mar 5,home,LA Mission,L,6-2,6,2,4,win,20150305_bt7e,0,0,0,0,0.0,,,,0.0,,,2015,2014-15,Bakersfield,bakersfield,anthonyavilaxb3a,Anthony Avila
Mar 7,home,Glendale,L,5-3,5,3,2,win,20150307_9z9d,0,0,0,0,0.0,,,,0.0,,,2015,2014-15,Bakersfield,bakersfield,anthonyavilaxb3a,Anthony Avila
Mar 10,home,Antelope Valley,W,7-6,7,6,1,win,20150310_uj4o,0,0,0,0,0.0,,,,0.0,,,2015,2014-15,Bakersfield,bakersfield,anthonyavilaxb3a,Anthony Avila
Mar 12,home,West LA,W,12-4,12,4,8,win,20150312_czlz,0,0,0,0,0.0,,,,0.0,,,2015,2014-15,Bakersfield,bakersfield,anthonyavilaxb3a,Anthony Avila
Mar 17,home,LA Valley,L,10-7,10,7,3,win,20150317_hvel,0,0,0,0,0.0,,,,0.0,,,2015,2014-15,Bakersfield,bakersfield,anthonyavilaxb3a,Anthony Avila
Mar 19,home,Citrus,W,9-7,9,7,2,win,20150319_v3jx,0,0,0,0,0.0,,,,0.0,,,2015,2014-15,Bakersfield,bakersfield,anthonyavilaxb3a,Anthony Avila
Mar 21,home,Citrus,L,6-3,6,3,3,win,20150321_3zzk,0,0,0,0,0.0,,,,0.0,,,2015,2014-15,Bakersfield,bakersfield,anthonyavilaxb3a,Anthony Avila
Mar 26,home,LA Mission,L,7-2,7,2,5,win,20150326_aogt,0,0,0,0,0.0,,,,0.0,,,2015,2014-15,Bakersfield,bakersfield,anthonyavilaxb3a,Anthony Avila
Mar 27,home,Glendale,L,6-4,6,4,2,win,20150327_s0uw,0,0,0,0,0.0,,,,0.0,,,2015,2014-15,Bakersfield,bakersfield,anthonyavilaxb3a,Anthony Avila
Mar 31,home,Sequoias,W,11-1,11,1,10,win,20150331_fnzs,0,0,0,0,0.0,,,,0.0,,,2015,2014-15,Bakersfield,bakersfield,anthonyavilaxb3a,Anthony Avila
Apr 1,home,Reedley,W,5-3,5,3,2,win,20150401_3t1y,0,0,0,0,0.0,,,,0.0,,,2015,2014-15,Bakersfield,bakersfield,anthonyavilaxb3a,Anthony Avila
Apr 7,home,Glendale,L,3-0,3,0,3,win,20150407_muju,0,0,0,0,0.0,,,,0.0,,,2015,2014-15,Bakersfield,bakersfield,anthonyavilaxb3a,Anthony Avila
Apr 9,home,Antelope Valley,L,6-3,6,3,3,win,20150409_s21y,0,0,0,0,0.0,,,,0.0,,,2015,2014-15,Bakersfield,bakersfield,anthonyavilaxb3a,Anthony Avila
Apr 11,home,Antelope Valley,W,8-3,8,3,5,win,20150411_g455,0,0,0,0,0.0,,,,0.0,,,2015,2014-15,Bakersfield,bakersfield,anthonyavilaxb3a,Anthony Avila
Apr 14,home,West LA,W,9-5,9,5,4,win,20150414_3sb4,0,0,0,0,0.0,,,,0.0,,,2015,2014-15,Bakersfield,bakersfield,anthonyavilaxb3a,Anthony Avila
Apr 18,home,Canyons,W,8-4,8,4,4,win,20150418_i4pe,0,0,0,0,0.0,,,,0.0,,,2015,2014-15,Bakersfield,bakersfield,anthonyavilaxb3a,Anthony Avila
Apr 23,home,LA Valley,W,6-2,6,2,4,win,20150423_zsyr,0,0,0,0,0.0,,,,0.0,,,2015,2014-15,Bakersfield,bakersfield,anthonyavilaxb3a,Anthony Avila
Feb 3,home,East Los Angeles,W,12-10,12,10,2,win,20150203_sppj,0,0,0,0,0.0,,,,0.0,,,2015,2014-15,Moorpark,moorpark,michaelbarregamyan1v2j,Michael Barregamyan
Feb 14,home,Santa Barbara,L,8-3,8,3,5,win,20150214_wj0p,0,0,0,0,0.0,,,,0.0,,,2015,2014-15,Moorpark,moorpark,michaelbarregamyan1v2j,Michael Barregamyan
Feb 17,home,Santa Barbara,L,17-0,17,0,17,win,20150217_loan,0,0,0,0,0.0,,,,0.0,,,2015,2014-15,Moorpark,moorpark,michaelbarregamyan1v2j,Michael Barregamyan
Feb 21,home,LA Pierce,W,9-4,9,4,5,win,20150221_0lmh,0,0,0,0,0.0,,,,0.0,,,2015,2014-15,Moorpark,moorpark,michaelbarregamyan1v2j,Michael Barregamyan
Apr 3,home,Taft,W,12-4,12,4,8,win,20150403_ujjd,0,0,0,0,0.0,,,,0.0,,,2015,2014-15,Moorpark,moorpark,michaelbarregamyan1v2j,Michael Barregamyan
Apr 14,home,Oxnard,W,4-3,4,3,1,win,20150414_rt6f,0,0,0,0,0.0,,,,0.0,,,2015,2014-15,Moorpark,moorpark,michaelbarregamyan1v2j,Michael Barregamyan
Apr 16,home,Oxnard,L,11-9,11,9,2,win,20150416_0phf,0,0,0,0,0.0,,,,0.0,,,2015,2014-15,Moorpark,moorpark,michaelbarregamyan1v2j,Michael Barregamyan
Jan 30,home,Santa Ana,L,6-0,6,0,6,win,20150130_etxa,0,0,0,0,0.0,,,,0.0,,,2015,2014-15,Desert,desert,coltonmccluskeyc7pc,Colton McCluskey
Jan 31,home,Orange Coast,L,10-3,10,3,7,win,20150131_w33t,0,0,0,0,0.0,,,,0.0,,,2015,2014-15,Desert,desert,coltonmccluskeyc7pc,Colton McCluskey
Jan 31,home,Orange Coast,W,5-4,5,4,1,win,20150131_7b4w,0,0,0,0,0.0,,,,0.0,,,2015,2014-15,Desert,desert,coltonmccluskeyc7pc,Colton McCluskey
Feb 3,home,San Diego Mesa,L,12-0,12,0,12,win,20150203_39m5,0,0,0,0,0.0,,,,0.0,,,2015,2014-15,Desert,desert,coltonmccluskeyc7pc,Colton McCluskey
Feb 5,home,Palomar,L,19-0,19,0,19,win,20150205_kjd3,0,0,0,0,0.0,,,,0.0,,,2015,2014-15,Desert,desert,coltonmccluskeyc7pc,Colton McCluskey
Feb 6,home,Cypress,L,8-7,8,7,1,win,20150206_qytm,0,0,0,0,0.0,,,,0.0,,,2015,2014-15,Desert,desert,coltonmccluskeyc7pc,Colton McCluskey
Feb 7,home,San Bernardino,L,11-5,11,5,6,win,20150207_6350,0,0,0,0,0.0,,,,0.0,,,2015,2014-15,Desert,desert,coltonmccluskeyc7pc,Colton McCluskey
Feb 10,home,Riverside,L,12-5,12,5,7,win,20150210_zvrb,0,0,0,0,0.0,,,,0.0,,,2015,2014-15,Desert,desert,coltonmccluskeyc7pc,Colton McCluskey
Feb 11,home,Orange Coast,L,6-4,6,4,2,win,20150211_yp35,0,0,0,0,0.0,,,,0.0,,,2015,2014-15,Desert,desert,coltonmccluskeyc7pc,Colton McCluskey
Feb 17,home,Cypress,L,22-1,22,1,21,win,20150217_f0sh,0,0,0,0,0.0,,,,0.0,,,2015,2014-15,Desert,desert,coltonmccluskeyc7pc,Colton McCluskey
Feb 19,home,Palomar,L,3-1,3,1,2,win,20150219_i3jw,0,0,0,0,0.0,,,,0.0,,,2015,2014-15,Desert,desert,coltonmccluskeyc7pc,Colton McCluskey
Feb 21,home,Rio Hondo,L,13-2,13,2,11,win,20150221_dpqc,0,0,0,0,0.0,,,,0.0,,,2015,2014-15,Desert,desert,coltonmccluskeyc7pc,Colton McCluskey
Feb 24,home,Barstow,L,5-4,5,4,1,win,20150224_rxw2,0,0,0,0,0.0,,,,0.0,,,2015,2014-15,Desert,desert,coltonmccluskeyc7pc,Colton McCluskey
Feb 26,home,Chaffey,W,5-1,5,1,4,win,20150226_ywbl,0,0,0,0,0.0,,,,0.0,,,2015,2014-15,Desert,desert,coltonmccluskeyc7pc,Colton McCluskey
Feb 28,home,Cerro Coso,W,15-8,15,8,7,win,20150228_q1ll,0,0,0,0,0.0,,,,0.0,,,2015,2014-15,Desert,desert,coltonmccluskeyc7pc,Colton McCluskey
Mar 3,home,San Bernardino,L,10-2,10,2,8,win,20150303_b3hk,0,0,0,0,0.0,,,,0.0,,,2015,2014-15,Desert,desert,coltonmccluskeyc7pc,Colton McCluskey
Mar 5,home,Victor Valley,L,4-0,4,0,4,win,20150305_n92p,0,0,0,0,0.0,,,,0.0,,,2015,2014-15,Desert,desert,coltonmccluskeyc7pc,Colton McCluskey
Mar 10,home,Rio Hondo,L,5-1,5,1,4,win,20150310_8f1m,0,0,0,0,0.0,,,,0.0,,,2015,2014-15,Desert,desert,coltonmccluskeyc7pc,Colton McCluskey
Mar 12,home,Rio Hondo,L,8-4,8,4,4,win,20150312_ryz8,0,0,0,0,0.0,,,,0.0,,,2015,2014-15,Desert,desert,coltonmccluskeyc7pc,Colton McCluskey
Mar 14,home,Rio Hondo,L,11-2,11,2,9,win,20150314_m2cw,0,0,0,0,0.0,,,,0.0,,,2015,2014-15,Desert,desert,coltonmccluskeyc7pc,Colton McCluskey
Mar 17,home,Barstow,L,8-7,8,7,1,win,20150317_37m7,0,0,0,0,0.0,,,,0.0,,,2015,2014-15,Desert,desert,coltonmccluskeyc7pc,Colton McCluskey
Mar 19,home,Barstow,W,5-2,5,2,3,win,20150319_g897,0,0,0,0,0.0,,,,0.0,,,2015,2014-15,Desert,desert,coltonmccluskeyc7pc,Colton McCluskey
Mar 21,home,Barstow,W,6-2,6,2,4,win,20150321_qvv1,0,0,0,0,0.0,,,,0.0,,,2015,2014-15,Desert,desert,coltonmccluskeyc7pc,Colton McCluskey
Mar 24,home,Chaffey,L,9-8,9,8,1,win,20150324_n3u2,0,0,0,0,0.0,,,,0.0,,,2015,2014-15,Desert,desert,coltonmccluskeyc7pc,Colton McCluskey
Mar 26,home,Chaffey,L,7-3,7,3,4,win,20150326_yff8,0,0,0,0,0.0,,,,0.0,,,2015,2014-15,Desert,desert,coltonmccluskeyc7pc,Colton McCluskey
Mar 28,home,Chaffey,L,12-2,12,2,10,win,20150328_je2o,0,0,0,0,0.0,,,,0.0,,,2015,2014-15,Desert,desert,coltonmccluskeyc7pc,Colton McCluskey
Mar 31,home,Cerro Coso,W,12-10,12,10,2,win,20150331_5hgw,0,0,0,0,0.0,,,,0.0,,,2015,2014-15,Desert,desert,coltonmccluskeyc7pc,Colton McCluskey
Apr 2,home,Cerro Coso,W,7-6,7,6,1,win,20150402_o884,0,0,0,0,0.0,,,,0.0,,,2015,2014-15,Desert,desert,coltonmccluskeyc7pc,Colton McCluskey
Apr 4,home,Cerro Coso,W,8-6,8,6,2,win,20150404_uutp,0,0,0,0,0.0,,,,0.0,,,2015,2014-15,Desert,desert,coltonmccluskeyc7pc,Colton McCluskey
Apr 7,home,San Bernardino,L,5-1,5,1,4,win,20150407_1oyg,0,0,0,0,0.0,,,,0.0,,,2015,2014-15,Desert,desert,coltonmccluskeyc7pc,Colton McCluskey
Apr 9,home,San Bernardino,L,12-2,12,2,10,win,20150409_79wp,0,0,0,0,0.0,,,,0.0,,,2015,2014-15,Desert,desert,coltonmccluskeyc7pc,Colton McCluskey
Apr 11,home,San Bernardino,L,14-5,14,5,9,win,20150411_lxab,0,0,0,0,0.0,,,,0.0,,,2015,2014-15,Desert,desert,coltonmccluskeyc7pc,Colton McCluskey
Apr 14,home,Victor Valley,W,15-9,15,9,6,win,20150414_kn1w,0,0,0,0,0.0,,,,0.0,,,2015,2014-15,Desert,desert,coltonmccluskeyc7pc,Colton McCluskey
Apr 16,home,Victor Valley,L,11-7,11,7,4,win,20150416_qc9t,0,0,0,0,0.0,,,,0.0,,,2015,2014-15,Desert,desert,coltonmccluskeyc7pc,Colton McCluskey
Apr 18,home,Victor Valley,W,4-0,4,0,4,win,20150418_75hd,0,0,0,0,0.0,,,,0.0,,,2015,2014-15,Desert,desert,coltonmccluskeyc7pc,Colton McCluskey
Feb 14,home,Porterville,W,6-4,6,4,2,win,20150214_b26n,0,0,0,0,0.0,,,,0.0,,,2015,2014-15,Antelope Valley,antelopevalley,josetejadas392,Jose Tejada
Feb 24,home,Porterville,W,10-2,10,2,8,win,20150224_kxia,0,0,0,0,0.0,,,,0.0,,,2015,2014-15,Antelope Valley,antelopevalley,josetejadas392,Jose Tejada
Mar 3,home,Canyons,L,5-4,5,4,1,win,20150303_t1a0,0,0,0,0,0.0,,,,0.0,,,2015,2014-15,Antelope Valley,antelopevalley,josetejadas392,Jose Tejada
Mar 5,home,Glendale,L,7-3,7,3,4,win,20150305_asgg,0,0,0,0,0.0,,,,0.0,,,2015,2014-15,Antelope Valley,antelopevalley,josetejadas392,Jose Tejada
Mar 7,home,Citrus,L,4-1,4,1,3,win,20150307_35c8,0,0,0,0,0.0,,,,0.0,,,2015,2014-15,Antelope Valley,antelopevalley,josetejadas392,Jose Tejada
Mar 10,home,Bakersfield,L,7-6,7,6,1,win,20150310_uj4o,0,0,0,0,0.0,,,,0.0,,,2015,2014-15,Antelope Valley,antelopevalley,josetejadas392,Jose Tejada
Mar 12,home,LA Valley,L,4-3,4,3,1,win,20150312_qaru,0,0,0,0,0.0,,,,0.0,,,2015,2014-15,Antelope Valley,antelopevalley,josetejadas392,Jose Tejada
Mar 14,home,West LA,W,11-4,11,4,7,win,20150314_7d44,0,0,0,0,0.0,,,,0.0,,,2015,2014-15,Antelope Valley,antelopevalley,josetejadas392,Jose Tejada
Mar 17,home,LA Mission,L,8-6,8,6,2,win,20150317_8nsr,0,0,0,0,0.0,,,,0.0,,,2015,2014-15,Antelope Valley,antelopevalley,josetejadas392,Jose Tejada
Mar 19,home,Canyons,W,3-0,3,0,3,win,20150319_b4ts,0,0,0,0,0.0,,,,0.0,,,2015,2014-15,Antelope Valley,antelopevalley,josetejadas392,Jose Tejada
Mar 24,home,Glendale,W,9-8,9,8,1,win,20150324_cd6z,0,0,0,0,0.0,,,,0.0,,,2015,2014-15,Antelope Valley,antelopevalley,josetejadas392,Jose Tejada
Mar 26,home,Glendale,L,14-2,14,2,12,win,20150326_7na7,0,0,0,0,0.0,,,,0.0,,,2015,2014-15,Antelope Valley,antelopevalley,josetejadas392,Jose Tejada
Mar 27,home,Citrus,L,17-4,17,4,13,win,20150327_xncz,0,0,0,0,0.0,,,,0.0,,,2015,2014-15,Antelope Valley,antelopevalley,josetejadas392,Jose Tejada
Mar 30,home,El Camino,L,14-3,14,3,11,win,20150330_2bdv,0,0,0,0,0.0,,,,0.0,,,2015,2014-15,Antelope Valley,antelopevalley,josetejadas392,Jose Tejada
Mar 31,home,Long Beach,W,9-8,9,8,1,win,20150331_c4zo,0,0,0,0,0.0,,,,0.0,,,2015,2014-15,Antelope Valley,antelopevalley,josetejadas392,Jose Tejada
Apr 1,home,El Camino,L,7-0,7,0,7,win,20150401_w7xb,0,0,0,0,0.0,,,,0.0,,,2015,2014-15,Antelope Valley,antelopevalley,josetejadas392,Jose Tejada
Apr 2,home,Long Beach,L,5-2,5,2,3,win,20150402_ti0h,0,0,0,0,0.0,,,,0.0,,,2015,2014-15,Antelope Valley,antelopevalley,josetejadas392,Jose Tejada
Apr 7,home,Citrus,L,5-4,5,4,1,win,20150407_qosg,0,0,0,0,0.0,,,,0.0,,,2015,2014-15,Antelope Valley,antelopevalley,josetejadas392,Jose Tejada
Apr 9,home,Bakersfield,W,6-3,6,3,3,win,20150409_s21y,0,0,0,0,0.0,,,,0.0,,,2015,2014-15,Antelope Valley,antelopevalley,josetejadas392,Jose Tejada
Apr 11,home,Bakersfield,L,8-3,8,3,5,win,20150411_g455,0,0,0,0,0.0,,,,0.0,,,2015,2014-15,Antelope Valley,antelopevalley,josetejadas392,Jose Tejada
Apr 14,home,LA Valley,W,16-6,16,6,10,win,20150414_u5wq,0,0,0,0,0.0,,,,0.0,,,2015,2014-15,Antelope Valley,antelopevalley,josetejadas392,Jose Tejada
Apr 16,home,LA Valley,L,2-1,2,1,1,win,20150416_oyz7,0,0,0,0,0.0,,,,0.0,,,2015,2014-15,Antelope Valley,antelopevalley,josetejadas392,Jose Tejada
Apr 18,home,West LA,W,8-0,8,0,8,win,20150418_707i,0,0,0,0,0.0,,,,0.0,,,2015,2014-15,Antelope Valley,antelopevalley,josetejadas392,Jose Tejada
Apr 21,home,West LA,W,9-4,9,4,5,win,20150421_u1a6,0,0,0,0,0.0,,,,0.0,,,2015,2014-15,Antelope Valley,antelopevalley,josetejadas392,Jose Tejada
Apr 23,home,LA Mission,L,12-8,12,8,4,win,20150423_4zx7,0,0,0,0,0.0,,,,0.0,,,2015,2014-15,Antelope Valley,antelopevalley,josetejadas392,Jose Tejada
Apr 24,home,LA Mission,L,3-2,3,2,1,win,20150424_iswo,0,0,0,0,0.0,,,,0.0,,,2015,2014-15,Antelope Valley,antelopevalley,josetejadas392,Jose Tejada
Jan 27,home,Antelope Valley,W,3-0,3,0,3,win,20150127_0zl7,0,0,0,0,0.0,,,,0.0,,,2015,2014-15,Moorpark,moorpark,terrelltatef9uz,Terrell Tate
Jan 30,home,Porterville,W,6-4,6,4,2,win,20150130_dyi3,0,0,0,0,0.0,,,,0.0,,,2015,2014-15,Moorpark,moorpark,terrelltatef9uz,Terrell Tate
Jan 31,home,Sequoias,L,11-2,11,2,9,win,20150131_zec9,0,0,0,0,0.0,,,,0.0,,,2015,2014-15,Moorpark,moorpark,terrelltatef9uz,Terrell Tate
Feb 1,home,Bakersfield,W,5-4,5,4,1,win,20150201_lmqn,0,0,0,0,0.0,,,,0.0,,,2015,2014-15,Moorpark,moorpark,terrelltatef9uz,Terrell Tate
Feb 3,home,East Los Angeles,W,12-10,12,10,2,win,20150203_sppj,0,0,0,0,0.0,,,,0.0,,,2015,2014-15,Moorpark,moorpark,terrelltatef9uz,Terrell Tate
Feb 5,home,LA Valley,L,2-1,2,1,1,win,20150205_ittd,0,0,0,0,0.0,,,,0.0,,,2015,2014-15,Moorpark,moorpark,terrelltatef9uz,Terrell Tate
Feb 10,home,Cypress,W,10-4,10,4,6,win,20150210_bcqb,0,0,0,0,0.0,,,,0.0,,,2015,2014-15,Moorpark,moorpark,terrelltatef9uz,Terrell Tate
Feb 12,home,Bakersfield,W,4-2,4,2,2,win,20150212_h4hg,0,0,0,0,0.0,,,,0.0,,,2015,2014-15,Moorpark,moorpark,terrelltatef9uz,Terrell Tate
Feb 14,home,Santa Barbara,L,8-3,8,3,5,win,20150214_wj0p,0,0,0,0,0.0,,,,0.0,,,2015,2014-15,Moorpark,moorpark,terrelltatef9uz,Terrell Tate
Feb 17,home,Santa Barbara,L,17-0,17,0,17,win,20150217_loan,0,0,0,0,0.0,,,,0.0,,,2015,2014-15,Moorpark,moorpark,terrelltatef9uz,Terrell Tate
Feb 19,home,LA Pierce,L,7-1,7,1,6,win,20150219_4qhl,0,0,0,0,0.0,,,,0.0,,,2015,2014-15,Moorpark,moorpark,terrelltatef9uz,Terrell Tate
Feb 24,home,Ventura,W,5-0,5,0,5,win,20150224_bz0q,0,0,0,0,0.0,,,,0.0,,,2015,2014-15,Moorpark,moorpark,terrelltatef9uz,Terrell Tate
Feb 26,home,Ventura,L,14-9,14,9,5,win,20150226_7i69,0,0,0,0,0.0,,,,0.0,,,2015,2014-15,Moorpark,moorpark,terrelltatef9uz,Terrell Tate
Feb 28,home,Cuesta,L,11-2,11,2,9,win,20150228_1dl8,0,0,0,0,0.0,,,,0.0,,,2015,2014-15,Moorpark,moorpark,terrelltatef9uz,Terrell Tate
Mar 3,home,Cuesta,L,4-1,4,1,3,win,20150303_1yv2,0,0,0,0,0.0,,,,0.0,,,2015,2014-15,Moorpark,moorpark,terrelltatef9uz,Terrell Tate
Mar 5,home,Oxnard,W,4-3,4,3,1,win,20150305_p8ar,0,0,0,0,0.0,,,,0.0,,,2015,2014-15,Moorpark,moorpark,terrelltatef9uz,Terrell Tate
Mar 7,home,Oxnard,L,1-0,1,0,1,win,20150307_hdxx,0,0,0,0,0.0,,,,0.0,,,2015,2014-15,Moorpark,moorpark,terrelltatef9uz,Terrell Tate
Mar 10,home,Allan Hancock,W,7-2,7,2,5,win,20150310_updn,0,0,0,0,0.0,,,,0.0,,,2015,2014-15,Moorpark,moorpark,terrelltatef9uz,Terrell Tate
Mar 12,home,Allan Hancock,W,11-10,11,10,1,win,20150312_tdl7,0,0,0,0,0.0,,,,0.0,,,2015,2014-15,Moorpark,moorpark,terrelltatef9uz,Terrell Tate
Mar 17,home,Rio Hondo,W,6-2,6,2,4,win,20150317_md2u,0,0,0,0,0.0,,,,0.0,,,2015,2014-15,Moorpark,moorpark,terrelltatef9uz,Terrell Tate
Mar 19,home,Santa Barbara,L,6-1,6,1,5,win,20150319_l1na,0,0,0,0,0.0,,,,0.0,,,2015,2014-15,Moorpark,moorpark,terrelltatef9uz,Terrell Tate
Mar 21,home,Santa Barbara,L,8-5,8,5,3,win,20150321_56pb,0,0,0,0,0.0,,,,0.0,,,2015,2014-15,Moorpark,moorpark,terrelltatef9uz,Terrell Tate
Mar 24,home,LA Pierce,W,9-6,9,6,3,win,20150324_goci,0,0,0,0,0.0,,,,0.0,,,2015,2014-15,Moorpark,moorpark,terrelltatef9uz,Terrell Tate
Mar 26,home,LA Pierce,W,6-5,6,5,1,win,20150326_mc5u,0,0,0,0,0.0,,,,0.0,,,2015,2014-15,Moorpark,moorpark,terrelltatef9uz,Terrell Tate
Mar 27,home,Ventura,L,3-2,3,2,1,win,20150327_ot2a,0,0,0,0,0.0,,,,0.0,,,2015,2014-15,Moorpark,moorpark,terrelltatef9uz,Terrell Tate
Mar 30,home,Chaffey,W,4-3,4,3,1,win,20150330_b335,0,0,0,0,0.0,,,,0.0,,,2015,2014-15,Moorpark,moorpark,terrelltatef9uz,Terrell Tate
Apr 2,home,LA Valley,L,8-7,8,7,1,win,20150402_xszq,0,0,0,0,0.0,,,,0.0,,,2015,2014-15,Moorpark,moorpark,terrelltatef9uz,Terrell Tate
Apr 3,home,Taft,W,12-4,12,4,8,win,20150403_ujjd,0,0,0,0,0.0,,,,0.0,,,2015,2014-15,Moorpark,moorpark,terrelltatef9uz,Terrell Tate
Apr 9,home,Cuesta,W,9-5,9,5,4,win,20150409_mvp5,0,0,0,0,0.0,,,,0.0,,,2015,2014-15,Moorpark,moorpark,terrelltatef9uz,Terrell Tate
Apr 10,home,Ventura,L,10-5,10,5,5,win,20150410_a88y,0,0,0,0,0.0,,,,0.0,,,2015,2014-15,Moorpark,moorpark,terrelltatef9uz,Terrell Tate
Apr 11,home,Cuesta,L,6-4,6,4,2,win,20150411_tyka,0,0,0,0,0.0,,,,0.0,,,2015,2014-15,Moorpark,moorpark,terrelltatef9uz,Terrell Tate
Apr 14,home,Oxnard,W,4-3,4,3,1,win,20150414_rt6f,0,0,0,0,0.0,,,,0.0,,,2015,2014-15,Moorpark,moorpark,terrelltatef9uz,Terrell Tate
Apr 16,home,Oxnard,L,11-9,11,9,2,win,20150416_0phf,0,0,0,0,0.0,,,,0.0,,,2015,2014-15,Moorpark,moorpark,terrelltatef9uz,Terrell Tate
Apr 18,home,Allan Hancock,W,7-1,7,1,6,win,20150418_kb5i,0,0,0,0,0.0,,,,0.0,,,2015,2014-15,Moorpark,moorpark,terrelltatef9uz,Terrell Tate
Apr 21,home,Allan Hancock,W,10-2,10,2,8,win,20150421_f7ot,0,0,0,0,0.0,,,,0.0,,,2015,2014-15,Moorpark,moorpark,terrelltatef9uz,Terrell Tate
Jan 29,home,Mendocino,L,5-4,5,4,1,win,20150129_99bb,1,0,0,0,5.2,7.0,3.0,3.0,4.76,1.0,2.0,2015,2014-15,Redwoods,redwoods,jacobchannelnca0,Jacob Channel
Jan 31,home,Mendocino,L,4-3,4,3,1,win,20150131_m1ou,0,0,0,0,0.0,,,,0.0,,,2015,2014-15,Redwoods,redwoods,jacobchannelnca0,Jacob Channel
Jan 31,home,Mendocino,W,13-1,13,1,12,win,20150131_hfeo,0,0,0,0,0.0,,,,0.0,,,2015,2014-15,Redwoods,redwoods,jacobchannelnca0,Jacob Channel
Feb 13,home,Modesto,W,16-3,16,3,13,win,20150213_ze0p,0,0,0,0,0.0,,,,0.0,,,2015,2014-15,Redwoods,redwoods,jacobchannelnca0,Jacob Channel
Feb 15,home,Contra Costa,W,6-1,6,1,5,win,20150215_iarc,1,1,0,0,9.0,8.0,1.0,1.0,1.0,2.0,3.0,2015,2014-15,Redwoods,redwoods,jacobchannelnca0,Jacob Channel
Feb 15,home,Skyline,L,7-6,7,6,1,win,20150215_3mbp,0,0,0,0,0.0,,,,0.0,,,2015,2014-15,Redwoods,redwoods,jacobchannelnca0,Jacob Channel
Feb 19,home,Yuba,L,5-2,5,2,3,win,20150219_yj0c,0,0,0,0,0.0,,,,0.0,,,2015,2014-15,Redwoods,redwoods,jacobchannelnca0,Jacob Channel
Feb 20,home,Yuba,L,10-2,10,2,8,win,20150220_k6c5,1,0,1,0,4.1,8.0,5.0,3.0,6.23,1.0,1.0,2015,2014-15,Redwoods,redwoods,jacobchannelnca0,Jacob Channel
Feb 20,home,Yuba,L,6-2,6,2,4,win,20150220_w0qb,0,0,0,0,0.0,,,,0.0,,,2015,2014-15,Redwoods,redwoods,jacobchannelnca0,Jacob Channel
Feb 27,home,Butte,L,11-3,11,3,8,win,20150227_nf32,1,0,1,0,4.0,10.0,6.0,4.0,9.0,0.0,2.0,2015,2014-15,Redwoods,redwoods,jacobchannelnca0,Jacob Channel
Feb 28,home,Butte,L,15-10,15,10,5,win,20150228_5nxe,0,0,0,0,0.0,,,,0.0,,,2015,2014-15,Redwoods,redwoods,jacobchannelnca0,Jacob Channel
Mar 6,home,Feather River,L,7-0,7,0,7,win,20150306_qmnt,0,0,0,0,0.0,,,,0.0,,,2015,2014-15,Redwoods,redwoods,jacobchannelnca0,Jacob Channel
Mar 6,home,Feather River,L,20-1,20,1,19,win,20150306_fa6w,0,0,0,0,0.0,,,,0.0,,,2015,2014-15,Redwoods,redwoods,jacobchannelnca0,Jacob Channel
Mar 7,home,Feather River,L,12-8,12,8,4,win,20150307_9d9n,1,0,1,0,5.0,10.0,7.0,5.0,9.0,1.0,2.0,2015,2014-15,Redwoods,redwoods,jacobchannelnca0,Jacob Channel
Mar 13,home,Siskiyous,L,3-0,3,0,3,win,20150313_2qyk,1,0,1,0,7.0,5.0,1.0,1.0,1.29,2.0,4.0,2015,2014-15,Redwoods,redwoods,jacobchannelnca0,Jacob Channel
Mar 20,home,Shasta,L,5-1,5,1,4,win,20150320_zxrh,0,0,0,0,0.0,,,,0.0,,,2015,2014-15,Redwoods,redwoods,jacobchannelnca0,Jacob Channel
Mar 27,home,Lassen,L,21-8,21,8,13,win,20150327_toe5,1,0,1,0,2.0,7.0,7.0,7.0,31.5,3.0,1.0,2015,2014-15,Redwoods,redwoods,jacobchannelnca0,Jacob Channel
Mar 28,home,Lassen,W,8-7,8,7,1,win,20150328_g7pz,0,0,0,0,0.0,,,,0.0,,,2015,2014-15,Redwoods,redwoods,jacobchannelnca0,Jacob Channel
Mar 28,home,Lassen,L,11-3,11,3,8,win,20150328_8wod,0,0,0,0,0.0,,,,0.0,,,2015,2014-15,Redwoods,redwoods,jacobchannelnca0,Jacob Channel
Apr 3,home,Butte,L,7-0,7,0,7,win,20150403_ibj9,0,0,0,0,0.0,,,,0.0,,,2015,2014-15,Redwoods,redwoods,jacobchannelnca0,Jacob Channel
Apr 3,home,Butte,W,6-5,6,5,1,win,20150403_a023,0,1,0,0,3.0,2.0,1.0,1.0,3.0,,2.0,2015,2014-15,Redwoods,redwoods,jacobchannelnca0,Jacob Channel
Apr 9,home,Feather River,L,4-3,4,3,1,win,20150409_1p26,0,0,0,0,0.0,,,,0.0,,,2015,2014-15,Redwoods,redwoods,jacobchannelnca0,Jacob Channel
Apr 13,home,Siskiyous,L,3-0,3,0,3,win,20150413_nr2s,0,0,0,0,0.0,,,,0.0,,,2015,2014-15,Redwoods,redwoods,jacobchannelnca0,Jacob Channel
Apr 13,home,Siskiyous,W,10-4,10,4,6,win,20150413_txey,1,1,0,0,6.0,9.0,4.0,1.0,1.5,0.0,7.0,2015,2014-15,Redwoods,redwoods,jacobchannelnca0,Jacob Channel
Apr 17,home,Shasta,W,4-3,4,3,1,win,20150417_dgyt,0,0,0,0,0.0,,,,0.0,,,2015,2014-15,Redwoods,redwoods,jacobchannelnca0,Jacob Channel
Apr 18,home,Shasta,L,15-5,15,5,10,win,20150418_uj76,1,0,1,0,2.1,6.0,8.0,8.0,30.86,1.0,0.0,2015,2014-15,Redwoods,redwoods,jacobchannelnca0,Jacob Channel
Jan 27,home,Merced,W,4-2,4,2,2,win,20150127_fr1v,0,0,0,0,0.0,,,,0.0,,,2015,2014-15,Canada,canada,gregbildhauer7fce,Greg Bildhauer
Jan 30,home,Reedley,W,9-0,9,0,9,win,20150130_aevu,0,0,0,0,0.0,,,,0.0,,,2015,2014-15,Canada,canada,gregbildhauer7fce,Greg Bildhauer
Jan 31,home,Sierra,W,17-6,17,6,11,win,20150131_kf6f,0,0,0,0,0.0,,,,0.0,,,2015,2014-15,Canada,canada,gregbildhauer7fce,Greg Bildhauer
Feb 3,home,Contra Costa,W,9-6,9,6,3,win,20150203_4qb8,0,0,0,0,0.0,,,,0.0,,,2015,2014-15,Canada,canada,gregbildhauer7fce,Greg Bildhauer
Feb 13,home,Sacramento City,L,3-2,3,2,1,win,20150213_wcqi,0,0,0,0,0.0,,,,0.0,,,2015,2014-15,Canada,canada,gregbildhauer7fce,Greg Bildhauer
Feb 14,home,Sacramento City,W,12-4,12,4,8,win,20150214_5z1w,0,0,0,0,0.0,,,,0.0,,,2015,2014-15,Canada,canada,gregbildhauer7fce,Greg Bildhauer
Feb 15,home,Mission,W,10-6,10,6,4,win,20150215_uro6,0,0,0,0,0.0,,,,0.0,,,2015,2014-15,Canada,canada,gregbildhauer7fce,Greg Bildhauer
Feb 18,home,Contra Costa,W,7-4,7,4,3,win,20150218_1ga2,0,0,0,0,0.0,,,,0.0,,,2015,2014-15,Canada,canada,gregbildhauer7fce,Greg Bildhauer
Feb 19,home,Laney,L,8-3,8,3,5,win,20150219_4t76,0,0,0,0,0.0,,,,0.0,,,2015,2014-15,Canada,canada,gregbildhauer7fce,Greg Bildhauer
Feb 24,home,Cabrillo,L,3-2,3,2,1,win,20150224_yj32,0,0,0,0,0.0,,,,0.0,,,2015,2014-15,Canada,canada,gregbildhauer7fce,Greg Bildhauer
Feb 26,home,San Francisco,W,5-0,5,0,5,win,20150226_e40k,0,0,0,0,0.0,,,,0.0,,,2015,2014-15,Canada,canada,gregbildhauer7fce,Greg Bildhauer
Mar 3,home,Gavilan,L,8-0,8,0,8,win,20150303_51h4,0,0,0,0,0.0,,,,0.0,,,2015,2014-15,Canada,canada,gregbildhauer7fce,Greg Bildhauer
Mar 10,home,West Valley,L,8-1,8,1,7,win,20150310_2als,0,0,0,0,0.0,,,,0.0,,,2015,2014-15,Canada,canada,gregbildhauer7fce,Greg Bildhauer
Mar 12,home,Ohlone,L,6-4,6,4,2,win,20150312_k48y,0,0,0,0,0.0,,,,0.0,,,2015,2014-15,Canada,canada,gregbildhauer7fce,Greg Bildhauer
Mar 14,home,Skyline,W,8-1,8,1,7,win,20150314_dge9,0,0,0,0,0.0,,,,0.0,,,2015,2014-15,Canada,canada,gregbildhauer7fce,Greg Bildhauer
Mar 17,home,San Mateo,L,6-5,6,5,1,win,20150317_ahuh,0,0,0,0,0.0,,,,0.0,,,2015,2014-15,Canada,canada,gregbildhauer7fce,Greg Bildhauer
Mar 19,home,Hartnell,L,5-4,5,4,1,win,20150319_qx9c,0,0,0,0,0.0,,,,0.0,,,2015,2014-15,Canada,canada,gregbildhauer7fce,Greg Bildhauer
Mar 20,home,Gavilan,L,8-7,8,7,1,win,20150320_ftp4,0,0,0,0,0.0,,,,0.0,,,2015,2014-15,Canada,canada,gregbildhauer7fce,Greg Bildhauer
Mar 24,home,Skyline,W,3-0,3,0,3,win,20150324_6e1k,0,0,0,0,0.0,,,,0.0,,,2015,2014-15,Canada,canada,gregbildhauer7fce,Greg Bildhauer
Mar 26,home,Ohlone,L,2-0,2,0,2,win,20150326_328r,0,0,0,0,0.0,,,,0.0,,,2015,2014-15,Canada,canada,gregbildhauer7fce,Greg Bildhauer
Apr 4,home,Monterey,L,8-4,8,4,4,win,20150404_edkv,0,0,0,0,0.0,,,,0.0,,,2015,2014-15,Canada,canada,gregbildhauer7fce,Greg Bildhauer
Apr 11,home,Cabrillo,W,6-3,6,3,3,win,20150411_nc9h,0,0,0,0,0.0,,,,0.0,,,2015,2014-15,Canada,canada,gregbildhauer7fce,Greg Bildhauer
Apr 14,home,Gavilan,L,10-5,10,5,5,win,20150414_7q0s,0,0,0,0,0.0,,,,0.0,,,2015,2014-15,Canada,canada,gregbildhauer7fce,Greg Bildhauer
Apr 16,home,Hartnell,W,6-2,6,2,4,win,20150416_vz4a,0,0,0,0,0.0,,,,0.0,,,2015,2014-15,Canada,canada,gregbildhauer7fce,Greg Bildhauer
Apr 21,home,Monterey,L,5-2,5,2,3,win,20150421_a2v7,0,0,0,0,0.0,,,,0.0,,,2015,2014-15,Canada,canada,gregbildhauer7fce,Greg Bildhauer
Apr 23,home,Ohlone,L,12-2,12,2,10,win,20150423_erb7,0,0,0,0,0.0,,,,0.0,,,2015,2014-15,Canada,canada,gregbildhauer7fce,Greg Bildhauer
Jan 30,home,Santa Ana,L,6-0,6,0,6,win,20150130_etxa,0,0,0,0,0.0,,,,0.0,,,2015,2014-15,Desert,desert,angelgarciavwbq,Angel Garcia
Jan 31,home,Orange Coast,L,10-3,10,3,7,win,20150131_w33t,0,0,0,0,0.0,,,,0.0,,,2015,2014-15,Desert,desert,angelgarciavwbq,Angel Garcia
Jan 31,home,Orange Coast,W,5-4,5,4,1,win,20150131_7b4w,0,0,0,0,0.0,,,,0.0,,,2015,2014-15,Desert,desert,angelgarciavwbq,Angel Garcia
Feb 3,home,San Diego Mesa,L,12-0,12,0,12,win,20150203_39m5,0,0,0,0,0.0,,,,0.0,,,2015,2014-15,Desert,desert,angelgarciavwbq,Angel Garcia
Feb 5,home,Palomar,L,19-0,19,0,19,win,20150205_kjd3,0,0,0,0,0.0,,,,0.0,,,2015,2014-15,Desert,desert,angelgarciavwbq,Angel Garcia
Feb 6,home,Cypress,L,8-7,8,7,1,win,20150206_qytm,0,0,0,0,0.0,,,,0.0,,,2015,2014-15,Desert,desert,angelgarciavwbq,Angel Garcia
Feb 7,home,San Bernardino,L,11-5,11,5,6,win,20150207_6350,0,0,0,0,0.0,,,,0.0,,,2015,2014-15,Desert,desert,angelgarciavwbq,Angel Garcia
Feb 10,home,Riverside,L,12-5,12,5,7,win,20150210_zvrb,0,0,0,0,0.0,,,,0.0,,,2015,2014-15,Desert,desert,angelgarciavwbq,Angel Garcia
Feb 11,home,Orange Coast,L,6-4,6,4,2,win,20150211_yp35,0,0,0,0,0.0,,,,0.0,,,2015,2014-15,Desert,desert,angelgarciavwbq,Angel Garcia
Feb 17,home,Cypress,L,22-1,22,1,21,win,20150217_f0sh,0,0,0,0,0.0,,,,0.0,,,2015,2014-15,Desert,desert,angelgarciavwbq,Angel Garcia
Feb 19,home,Palomar,L,3-1,3,1,2,win,20150219_i3jw,0,0,0,0,0.0,,,,0.0,,,2015,2014-15,Desert,desert,angelgarciavwbq,Angel Garcia
Feb 21,home,Rio Hondo,L,13-2,13,2,11,win,20150221_dpqc,0,0,0,0,0.0,,,,0.0,,,2015,2014-15,Desert,desert,angelgarciavwbq,Angel Garcia
Feb 24,home,Barstow,L,5-4,5,4,1,win,20150224_rxw2,0,0,0,0,0.0,,,,0.0,,,2015,2014-15,Desert,desert,angelgarciavwbq,Angel Garcia
Feb 26,home,Chaffey,W,5-1,5,1,4,win,20150226_ywbl,0,0,0,0,0.0,,,,0.0,,,2015,2014-15,Desert,desert,angelgarciavwbq,Angel Garcia
Feb 28,home,Cerro Coso,W,15-8,15,8,7,win,20150228_q1ll,0,0,0,0,0.0,,,,0.0,,,2015,2014-15,Desert,desert,angelgarciavwbq,Angel Garcia
Mar 3,home,San Bernardino,L,10-2,10,2,8,win,20150303_b3hk,0,0,0,0,0.0,,,,0.0,,,2015,2014-15,Desert,desert,angelgarciavwbq,Angel Garcia
Mar 5,home,Victor Valley,L,4-0,4,0,4,win,20150305_n92p,0,0,0,0,0.0,,,,0.0,,,2015,2014-15,Desert,desert,angelgarciavwbq,Angel Garcia
Mar 10,home,Rio Hondo,L,5-1,5,1,4,win,20150310_8f1m,0,0,0,0,0.0,,,,0.0,,,2015,2014-15,Desert,desert,angelgarciavwbq,Angel Garcia
Mar 12,home,Rio Hondo,L,8-4,8,4,4,win,20150312_ryz8,0,0,0,0,0.0,,,,0.0,,,2015,2014-15,Desert,desert,angelgarciavwbq,Angel Garcia
Mar 14,home,Rio Hondo,L,11-2,11,2,9,win,20150314_m2cw,0,0,0,0,0.0,,,,0.0,,,2015,2014-15,Desert,desert,angelgarciavwbq,Angel Garcia
Mar 17,home,Barstow,L,8-7,8,7,1,win,20150317_37m7,0,0,0,0,0.0,,,,0.0,,,2015,2014-15,Desert,desert,angelgarciavwbq,Angel Garcia
Mar 19,home,Barstow,W,5-2,5,2,3,win,20150319_g897,0,0,0,0,0.0,,,,0.0,,,2015,2014-15,Desert,desert,angelgarciavwbq,Angel Garcia
Mar 21,home,Barstow,W,6-2,6,2,4,win,20150321_qvv1,0,0,0,0,0.0,,,,0.0,,,2015,2014-15,Desert,desert,angelgarciavwbq,Angel Garcia
Mar 24,home,Chaffey,L,9-8,9,8,1,win,20150324_n3u2,0,0,0,0,0.0,,,,0.0,,,2015,2014-15,Desert,desert,angelgarciavwbq,Angel Garcia
Mar 26,home,Chaffey,L,7-3,7,3,4,win,20150326_yff8,0,0,0,0,0.0,,,,0.0,,,2015,2014-15,Desert,desert,angelgarciavwbq,Angel Garcia
Mar 28,home,Chaffey,L,12-2,12,2,10,win,20150328_je2o,0,0,0,0,0.0,,,,0.0,,,2015,2014-15,Desert,desert,angelgarciavwbq,Angel Garcia
Mar 31,home,Cerro Coso,W,12-10,12,10,2,win,20150331_5hgw,0,0,0,0,0.0,,,,0.0,,,2015,2014-15,Desert,desert,angelgarciavwbq,Angel Garcia
Apr 2,home,Cerro Coso,W,7-6,7,6,1,win,20150402_o884,0,0,0,0,0.0,,,,0.0,,,2015,2014-15,Desert,desert,angelgarciavwbq,Angel Garcia
Apr 4,home,Cerro Coso,W,8-6,8,6,2,win,20150404_uutp,0,0,0,0,0.0,,,,0.0,,,2015,2014-15,Desert,desert,angelgarciavwbq,Angel Garcia
Apr 7,home,San Bernardino,L,5-1,5,1,4,win,20150407_1oyg,0,0,0,0,0.0,,,,0.0,,,2015,2014-15,Desert,desert,angelgarciavwbq,Angel Garcia
Apr 9,home,San Bernardino,L,12-2,12,2,10,win,20150409_79wp,0,0,0,0,0.0,,,,0.0,,,2015,2014-15,Desert,desert,angelgarciavwbq,Angel Garcia
Apr 11,home,San Bernardino,L,14-5,14,5,9,win,20150411_lxab,0,0,0,0,0.0,,,,0.0,,,2015,2014-15,Desert,desert,angelgarciavwbq,Angel Garcia
Apr 14,home,Victor Valley,W,15-9,15,9,6,win,20150414_kn1w,0,0,0,0,0.0,,,,0.0,,,2015,2014-15,Desert,desert,angelgarciavwbq,Angel Garcia
Apr 16,home,Victor Valley,L,11-7,11,7,4,win,20150416_qc9t,0,0,0,0,0.0,,,,0.0,,,2015,2014-15,Desert,desert,angelgarciavwbq,Angel Garcia
Apr 18,home,Victor Valley,W,4-0,4,0,4,win,20150418_75hd,0,0,0,0,0.0,,,,0.0,,,2015,2014-15,Desert,desert,angelgarciavwbq,Angel Garcia
Jan 29,home,West Valley,L,9-5,9,5,4,win,20150129_5wxp,0,0,0,0,0.0,,,,0.0,,,2015,2014-15,American River,americanriver,stevemercadoope4,Steve Mercado
Jan 31,home,West Valley,L,19-11,19,11,8,win,20150131_b3g7,0,0,0,0,0.0,,,,0.0,,,2015,2014-15,American River,americanriver,stevemercadoope4,Steve Mercado
Feb 4,home,Shasta,W,9-1,9,1,8,win,20150204_f3vd,0,0,0,0,0.0,,,,0.0,,,2015,2014-15,American River,americanriver,stevemercadoope4,Steve Mercado
Feb 5,home,Feather River,L,9-3,9,3,6,win,20150205_psel,0,0,0,0,0.0,,,,0.0,,,2015,2014-15,American River,americanriver,stevemercadoope4,Steve Mercado
Feb 10,home,Solano,W,7-4,7,4,3,win,20150210_9wuy,0,0,0,0,0.0,,,,0.0,,,2015,2014-15,American River,americanriver,stevemercadoope4,Steve Mercado
Feb 13,home,Hartnell,L,10-6,10,6,4,win,20150213_1e5c,0,0,0,0,0.0,,,,0.0,,,2015,2014-15,American River,americanriver,stevemercadoope4,Steve Mercado
Feb 14,home,Hartnell,L,12-1,12,1,11,win,20150214_v1lx,0,0,0,0,0.0,,,,0.0,,,2015,2014-15,American River,americanriver,stevemercadoope4,Steve Mercado
Feb 17,home,Mission,W,10-0,10,0,10,win,20150217_ngr8,0,0,0,0,0.0,,,,0.0,,,2015,2014-15,American River,americanriver,stevemercadoope4,Steve Mercado
Feb 18,home,Shasta,W,17-6,17,6,11,win,20150218_ppf0,0,0,0,0,0.0,,,,0.0,,,2015,2014-15,American River,americanriver,stevemercadoope4,Steve Mercado
Feb 21,home,Laney,W,10-4,10,4,6,win,20150221_z3ln,0,0,0,0,0.0,,,,0.0,,,2015,2014-15,American River,americanriver,stevemercadoope4,Steve Mercado
Feb 24,home,Solano,W,9-7,9,7,2,win,20150224_736l,0,0,0,0,0.0,,,,0.0,,,2015,2014-15,American River,americanriver,stevemercadoope4,Steve Mercado
Feb 26,home,Diablo Valley,L,6-4,6,4,2,win,20150226_736p,0,0,0,0,0.0,,,,0.0,,,2015,2014-15,American River,americanriver,stevemercadoope4,Steve Mercado
Mar 3,home,Modesto,W,2-1,2,1,1,win,20150303_twxj,0,0,0,0,0.0,,,,0.0,,,2015,2014-15,American River,americanriver,stevemercadoope4,Steve Mercado
Mar 5,home,Cosumnes River,L,8-2,8,2,6,win,20150305_ud0a,0,0,0,0,0.0,,,,0.0,,,2015,2014-15,American River,americanriver,stevemercadoope4,Steve Mercado
Mar 6,home,Diablo Valley,W,4-3,4,3,1,win,20150306_ptlm,0,0,0,0,0.0,,,,0.0,,,2015,2014-15,American River,americanriver,stevemercadoope4,Steve Mercado
Mar 10,home,Sacramento City,W,2-1,2,1,1,win,20150310_dmfn,0,0,0,0,0.0,,,,0.0,,,2015,2014-15,American River,americanriver,stevemercadoope4,Steve Mercado
Mar 12,home,Sacramento City,W,12-1,12,1,11,win,20150312_u2ru,0,0,0,0,0.0,,,,0.0,,,2015,2014-15,American River,americanriver,stevemercadoope4,Steve Mercado
Mar 14,home,Sacramento City,L,13-5,13,5,8,win,20150314_ts1b,0,0,0,0,0.0,,,,0.0,,,2015,2014-15,American River,americanriver,stevemercadoope4,Steve Mercado
Mar 17,home,San Joaquin  Delta,L,8-5,8,5,3,win,20150317_rkw8,0,0,0,0,0.0,,,,0.0,,,2015,2014-15,American River,americanriver,stevemercadoope4,Steve Mercado
Mar 19,home,San Joaquin  Delta,L,10-1,10,1,9,win,20150319_c7n5,0,0,0,0,0.0,,,,0.0,,,2015,2014-15,American River,americanriver,stevemercadoope4,Steve Mercado
Mar 21,home,San Joaquin  Delta,L,5-4,5,4,1,win,20150321_vecm,0,0,0,0,0.0,,,,0.0,,,2015,2014-15,American River,americanriver,stevemercadoope4,Steve Mercado
Mar 24,home,Cosumnes River,L,10-4,10,4,6,win,20150324_eunl,0,0,0,0,0.0,,,,0.0,,,2015,2014-15,American River,americanriver,stevemercadoope4,Steve Mercado
Mar 26,home,Cosumnes River,L,10-3,10,3,7,win,20150326_faul,0,0,0,0,0.0,,,,0.0,,,2015,2014-15,American River,americanriver,stevemercadoope4,Steve Mercado
Mar 28,home,Cosumnes River,L,3-2,3,2,1,win,20150328_zf98,0,0,0,0,0.0,,,,0.0,,,2015,2014-15,American River,americanriver,stevemercadoope4,Steve Mercado
Mar 31,home,Modesto,W,3-2,3,2,1,win,20150331_sa3d,0,0,0,0,0.0,,,,0.0,,,2015,2014-15,American River,americanriver,stevemercadoope4,Steve Mercado
Apr 2,home,Modesto,L,6-0,6,0,6,win,20150402_u2dl,0,0,0,0,0.0,,,,0.0,,,2015,2014-15,American River,americanriver,stevemercadoope4,Steve Mercado
Apr 4,home,Modesto,W,3-2,3,2,1,win,20150404_d5u0,0,0,0,0,0.0,,,,0.0,,,2015,2014-15,American River,americanriver,stevemercadoope4,Steve Mercado
Apr 8,home,Santa Rosa,L,8-2,8,2,6,win,20150408_ufu5,0,0,0,0,0.0,,,,0.0,,,2015,2014-15,American River,americanriver,stevemercadoope4,Steve Mercado
Apr 9,home,Santa Rosa,L,10-3,10,3,7,win,20150409_4tkk,0,0,0,0,0.0,,,,0.0,,,2015,2014-15,American River,americanriver,stevemercadoope4,Steve Mercado
Apr 11,home,Santa Rosa,W,3-1,3,1,2,win,20150411_krin,0,0,0,0,0.0,,,,0.0,,,2015,2014-15,American River,americanriver,stevemercadoope4,Steve Mercado
Apr 14,home,Sierra,W,4-2,4,2,2,win,20150414_3erk,0,0,0,0,0.0,,,,0.0,,,2015,2014-15,American River,americanriver,stevemercadoope4,Steve Mercado
Apr 16,home,Sierra,W,7-1,7,1,6,win,20150416_ouxq,0,0,0,0,0.0,,,,0.0,,,2015,2014-15,American River,americanriver,stevemercadoope4,Steve Mercado
Apr 17,home,Sierra,L,4-2,4,2,2,win,20150417_xe75,0,0,0,0,0.0,,,,0.0,,,2015,2014-15,American River,americanriver,stevemercadoope4,Steve Mercado
Apr 21,home,Diablo Valley,W,4-1,4,1,3,win,20150421_s4y3,0,0,0,0,0.0,,,,0.0,,,2015,2014-15,American River,americanriver,stevemercadoope4,Steve Mercado
Apr 23,home,Diablo Valley,L,15-7,15,7,8,win,20150423_2ccc,0,0,0,0,0.0,,,,0.0,,,2015,2014-15,American River,americanriver,stevemercadoope4,Steve Mercado
Apr 24,home,Diablo Valley,W,9-8,9,8,1,win,20150424_ww5s,0,0,0,0,0.0,,,,0.0,,,2015,2014-15,American River,americanriver,stevemercadoope4,Steve Mercado
Feb 4,home,Lassen,W,10-9,10,9,1,win,20150204_4d8u,0,0,0,0,0.0,,,,0.0,,,2015,2014-15,Yuba,yuba,shanenortonjh4l,Shane Norton
Feb 5,home,Lassen,W,11-3,11,3,8,win,20150205_fcwj,0,0,0,0,0.0,,,,0.0,,,2015,2014-15,Yuba,yuba,shanenortonjh4l,Shane Norton
Feb 5,home,Lassen,W,4-3,4,3,1,win,20150205_168a,0,0,0,0,0.0,,,,0.0,,,2015,2014-15,Yuba,yuba,shanenortonjh4l,Shane Norton
Feb 12,home,Feather River,L,10-1,10,1,9,win,20150212_tioz,0,0,0,0,0.0,,,,0.0,,,2015,2014-15,Yuba,yuba,shanenortonjh4l,Shane Norton
Feb 13,home,Cabrillo,L,10-7,10,7,3,win,20150213_g3ph,0,0,0,0,0.0,,,,0.0,,,2015,2014-15,Yuba,yuba,shanenortonjh4l,Shane Norton
Feb 14,home,West Valley,L,9-3,9,3,6,win,20150214_rdzh,0,0,0,0,0.0,,,,0.0,,,2015,2014-15,Yuba,yuba,shanenortonjh4l,Shane Norton
Feb 19,home,Redwoods,W,5-2,5,2,3,win,20150219_yj0c,0,0,0,0,0.0,,,,0.0,,,2015,2014-15,Yuba,yuba,shanenortonjh4l,Shane Norton
Feb 20,home,Redwoods,W,6-2,6,2,4,win,20150220_w0qb,0,0,0,0,0.0,,,,0.0,,,2015,2014-15,Yuba,yuba,shanenortonjh4l,Shane Norton
Feb 24,home,Marin,L,10-8,10,8,2,win,20150224_f8gd,0,0,0,0,0.0,,,,0.0,,,2015,2014-15,Yuba,yuba,shanenortonjh4l,Shane Norton
Feb 26,home,Marin,L,16-4,16,4,12,win,20150226_ejnc,0,0,0,0,0.0,,,,0.0,,,2015,2014-15,Yuba,yuba,shanenortonjh4l,Shane Norton
Mar 3,home,Solano,L,10-5,10,5,5,win,20150303_03ti,0,0,0,0,0.0,,,,0.0,,,2015,2014-15,Yuba,yuba,shanenortonjh4l,Shane Norton
Jan 27,home,Grossmont,W,7-3,7,3,4,win,20150127_n9zn,0,0,0,0,0.0,,,,0.0,,,2015,2014-15,Cypress,cypress,austincasevw6h,Austin Case
Jan 30,home,Ventura,W,4-3,4,3,1,win,20150130_gopd,0,0,0,0,0.0,,,,0.0,,,2015,2014-15,Cypress,cypress,austincasevw6h,Austin Case
Jan 31,home,Ventura,W,11-4,11,4,7,win,20150131_q00k,0,0,0,0,0.0,,,,0.0,,,2015,2014-15,Cypress,cypress,austincasevw6h,Austin Case
Feb 5,home,San Bernardino,W,2-0,2,0,2,win,20150205_ml2m,0,0,0,0,0.0,,,,0.0,,,2015,2014-15,Cypress,cypress,austincasevw6h,Austin Case
Feb 6,home,Desert,W,8-7,8,7,1,win,20150206_qytm,0,0,0,0,0.0,,,,0.0,,,2015,2014-15,Cypress,cypress,austincasevw6h,Austin Case
Feb 7,home,Palomar,W,8-7,8,7,1,win,20150207_jyfv,0,0,0,0,0.0,,,,0.0,,,2015,2014-15,Cypress,cypress,austincasevw6h,Austin Case
Feb 13,home,Merced,W,21-1,21,1,20,win,20150213_41z9,0,0,0,0,0.0,,,,0.0,,,2015,2014-15,Cypress,cypress,austincasevw6h,Austin Case
Feb 14,home,Merced,L,13-12,13,12,1,win,20150214_7zuj,0,0,0,0,0.0,,,,0.0,,,2015,2014-15,Cypress,cypress,austincasevw6h,Austin Case
Feb 17,home,Desert,W,22-1,22,1,21,win,20150217_f0sh,0,0,0,0,0.0,,,,0.0,,,2015,2014-15,Cypress,cypress,austincasevw6h,Austin Case
Feb 20,home,Glendale,W,11-3,11,3,8,win,20150220_74fi,0,0,0,0,0.0,,,,0.0,,,2015,2014-15,Cypress,cypress,austincasevw6h,Austin Case
Feb 21,home,El Camino,W,6-5,6,5,1,win,20150221_geuz,0,0,0,0,0.0,,,,0.0,,,2015,2014-15,Cypress,cypress,austincasevw6h,Austin Case
Feb 26,home,Golden West,L,7-6,7,6,1,win,20150226_pu3e,0,0,0,0,0.0,,,,0.0,,,2015,2014-15,Cypress,cypress,austincasevw6h,Austin Case
Feb 28,home,Saddleback,W,10-3,10,3,7,win,20150228_z393,0,0,0,0,0.0,,,,0.0,,,2015,2014-15,Cypress,cypress,austincasevw6h,Austin Case
Mar 3,home,Irvine Valley,W,5-0,5,0,5,win,20150303_xvpi,0,0,0,0,0.0,,,,0.0,,,2015,2014-15,Cypress,cypress,austincasevw6h,Austin Case
Mar 5,home,Orange Coast,L,3-2,3,2,1,win,20150305_cryy,0,0,0,0,0.0,,,,0.0,,,2015,2014-15,Cypress,cypress,austincasevw6h,Austin Case
Mar 10,home,Santa Ana,W,5-2,5,2,3,win,20150310_fxsq,0,0,0,0,0.0,,,,0.0,,,2015,2014-15,Cypress,cypress,austincasevw6h,Austin Case
Mar 12,home,Fullerton,L,6-5,6,5,1,win,20150312_y0g2,0,0,0,0,0.0,,,,0.0,,,2015,2014-15,Cypress,cypress,austincasevw6h,Austin Case
Mar 21,home,Saddleback,W,4-1,4,1,3,win,20150321_swz9,0,0,0,0,0.0,,,,0.0,,,2015,2014-15,Cypress,cypress,austincasevw6h,Austin Case
Mar 24,home,Saddleback,W,3-1,3,1,2,win,20150324_3dej,0,0,0,0,0.0,,,,0.0,,,2015,2014-15,Cypress,cypress,austincasevw6h,Austin Case
Mar 26,home,Irvine Valley,W,3-2,3,2,1,win,20150326_cp7i,0,0,0,0,0.0,,,,0.0,,,2015,2014-15,Cypress,cypress,austincasevw6h,Austin Case
Mar 27,home,Irvine Valley,W,4-3,4,3,1,win,20150327_5809,0,0,0,0,0.0,,,,0.0,,,2015,2014-15,Cypress,cypress,austincasevw6h,Austin Case
Mar 31,home,Cuesta,L,2-1,2,1,1,win,20150331_1ugz,0,0,0,0,0.0,,,,0.0,,,2015,2014-15,Cypress,cypress,austincasevw6h,Austin Case
Apr 1,home,Fresno City,L,14-6,14,6,8,win,20150401_lmv2,0,0,0,0,0.0,,,,0.0,,,2015,2014-15,Cypress,cypress,austincasevw6h,Austin Case
Apr 2,home,Allan Hancock,W,7-4,7,4,3,win,20150402_fkxa,0,0,0,0,0.0,,,,0.0,,,2015,2014-15,Cypress,cypress,austincasevw6h,Austin Case
Apr 7,home,Orange Coast,W,15-9,15,9,6,win,20150407_2385,0,0,0,0,0.0,,,,0.0,,,2015,2014-15,Cypress,cypress,austincasevw6h,Austin Case
Apr 9,home,Orange Coast,W,11-10,11,10,1,win,20150409_7qne,0,0,0,0,0.0,,,,0.0,,,2015,2014-15,Cypress,cypress,austincasevw6h,Austin Case
Apr 14,home,Riverside,W,8-7,8,7,1,win,20150414_x9aj,0,0,0,0,0.0,,,,0.0,,,2015,2014-15,Cypress,cypress,austincasevw6h,Austin Case
Apr 16,home,Santa Ana,W,12-1,12,1,11,win,20150416_j99p,0,0,0,0,0.0,,,,0.0,,,2015,2014-15,Cypress,cypress,austincasevw6h,Austin Case
Apr 17,home,Santa Ana,L,18-5,18,5,13,win,20150417_rv4i,0,0,0,0,0.0,,,,0.0,,,2015,2014-15,Cypress,cypress,austincasevw6h,Austin Case
Apr 23,home,Fullerton,W,6-1,6,1,5,win,20150423_w78y,0,0,0,0,0.0,,,,0.0,,,2015,2014-15,Cypress,cypress,austincasevw6h,Austin Case
May 1,home,Fullerton,L,6-5,6,5,1,win,20150501_aclw,0,0,0,0,0.0,,,,0.0,,,2015,2014-15,Cypress,cypress,austincasevw6h,Austin Case
May 2,home,Fullerton,L,6-5,6,5,1,win,20150502_6nw9,0,0,0,0,0.0,,,,0.0,,,2015,2014-15,Cypress,cypress,austincasevw6h,Austin Case
Jan 27,home,Laney,L,5-4,5,4,1,win,20150127_cogz,0,0,0,0,0.0,,,,0.0,,,2015,2014-15,San Francisco,sanfrancisco,justinbrownz02k,Justin Brown
Jan 31,home,Laney,L,11-0,11,0,11,win,20150131_lmz0,0,0,0,0,0.0,,,,0.0,,,2015,2014-15,San Francisco,sanfrancisco,justinbrownz02k,Justin Brown
Feb 3,home,Gavilan,L,1-0,1,0,1,win,20150203_9t67,0,0,0,0,0.0,,,,0.0,,,2015,2014-15,San Francisco,sanfrancisco,justinbrownz02k,Justin Brown
Feb 5,home,Contra Costa,W,2-1,2,1,1,win,20150205_mfsy,0,0,0,0,0.0,,,,0.0,,,2015,2014-15,San Francisco,sanfrancisco,justinbrownz02k,Justin Brown
Feb 7,home,Contra Costa,L,9-2,9,2,7,win,20150207_wrs1,0,0,0,0,0.0,,,,0.0,,,2015,2014-15,San Francisco,sanfrancisco,justinbrownz02k,Justin Brown
Feb 12,home,Napa,L,4-3,4,3,1,win,20150212_6oi9,0,0,0,0,0.0,,,,0.0,,,2015,2014-15,San Francisco,sanfrancisco,justinbrownz02k,Justin Brown
Feb 13,home,Napa,L,10-4,10,4,6,win,20150213_xbtf,0,0,0,0,0.0,,,,0.0,,,2015,2014-15,San Francisco,sanfrancisco,justinbrownz02k,Justin Brown
Feb 13,home,Napa,L,2-0,2,0,2,win,20150213_lj6t,0,0,0,0,0.0,,,,0.0,,,2015,2014-15,San Francisco,sanfrancisco,justinbrownz02k,Justin Brown
Feb 19,home,Marin,T,2-2,2,2,0,tie,20150219_mg9d,0,0,0,0,0.0,,,,0.0,,,2015,2014-15,San Francisco,sanfrancisco,justinbrownz02k,Justin Brown
Feb 21,home,Gavilan,L,9-1,9,1,8,win,20150221_4r3t,0,0,0,0,0.0,,,,0.0,,,2015,2014-15,San Francisco,sanfrancisco,justinbrownz02k,Justin Brown
Feb 24,home,Mission,L,5-3,5,3,2,win,20150224_hnf2,0,0,0,0,0.0,,,,0.0,,,2015,2014-15,San Francisco,sanfrancisco,justinbrownz02k,Justin Brown
Feb 26,home,Canada,L,5-0,5,0,5,win,20150226_e40k,0,0,0,0,0.0,,,,0.0,,,2015,2014-15,San Francisco,sanfrancisco,justinbrownz02k,Justin Brown
Feb 27,home,Skyline,L,2-1,2,1,1,win,20150227_n3oj,0,0,0,0,0.0,,,,0.0,,,2015,2014-15,San Francisco,sanfrancisco,justinbrownz02k,Justin Brown
Mar 3,home,De Anza,L,9-0,9,0,9,win,20150303_qjos,0,0,0,0,0.0,,,,0.0,,,2015,2014-15,San Francisco,sanfrancisco,justinbrownz02k,Justin Brown
Mar 5,home,San Mateo,L,9-0,9,0,9,win,20150305_cp01,0,0,0,0,0.0,,,,0.0,,,2015,2014-15,San Francisco,sanfrancisco,justinbrownz02k,Justin Brown
Mar 7,home,West Valley,L,8-1,8,1,7,win,20150307_ioqe,0,0,0,0,0.0,,,,0.0,,,2015,2014-15,San Francisco,sanfrancisco,justinbrownz02k,Justin Brown
Mar 12,home,Chabot,W,3-2,3,2,1,win,20150312_6817,0,0,0,0,0.0,,,,0.0,,,2015,2014-15,San Francisco,sanfrancisco,justinbrownz02k,Justin Brown
Mar 13,home,San Mateo,L,9-0,9,0,9,win,20150313_iati,0,0,0,0,0.0,,,,0.0,,,2015,2014-15,San Francisco,sanfrancisco,justinbrownz02k,Justin Brown
Mar 17,home,Gavilan,W,2-1,2,1,1,win,20150317_nlfo,0,0,0,0,0.0,,,,0.0,,,2015,2014-15,San Francisco,sanfrancisco,justinbrownz02k,Justin Brown
Mar 19,home,Chabot,L,7-1,7,1,6,win,20150319_9i8v,0,0,0,0,0.0,,,,0.0,,,2015,2014-15,San Francisco,sanfrancisco,justinbrownz02k,Justin Brown
Mar 24,home,Monterey,L,13-3,13,3,10,win,20150324_56qn,0,0,0,0,0.0,,,,0.0,,,2015,2014-15,San Francisco,sanfrancisco,justinbrownz02k,Justin Brown
Mar 26,home,Mission,W,16-4,16,4,12,win,20150326_3ky6,0,0,0,0,0.0,,,,0.0,,,2015,2014-15,San Francisco,sanfrancisco,justinbrownz02k,Justin Brown
Mar 27,home,De Anza,L,3-2,3,2,1,win,20150327_8ipu,0,0,0,0,0.0,,,,0.0,,,2015,2014-15,San Francisco,sanfrancisco,justinbrownz02k,Justin Brown
Mar 31,home,Cabrillo,L,4-1,4,1,3,win,20150331_h45c,0,0,0,0,0.0,,,,0.0,,,2015,2014-15,San Francisco,sanfrancisco,justinbrownz02k,Justin Brown
Apr 2,home,San Mateo,L,8-0,8,0,8,win,20150402_f3zr,0,0,0,0,0.0,,,,0.0,,,2015,2014-15,San Francisco,sanfrancisco,justinbrownz02k,Justin Brown
Apr 7,home,Skyline,L,11-4,11,4,7,win,20150407_e81i,0,0,0,0,0.0,,,,0.0,,,2015,2014-15,San Francisco,sanfrancisco,justinbrownz02k,Justin Brown
Apr 9,home,Hartnell,W,5-2,5,2,3,win,20150409_ybhz,0,0,0,0,0.0,,,,0.0,,,2015,2014-15,San Francisco,sanfrancisco,justinbrownz02k,Justin Brown
Jan 30,home,Napa,W,16-3,16,3,13,win,20150130_xre5,0,0,0,0,0.0,,,,0.0,,,2015,2014-15,Santa Barbara,santabarbara,mattgimenezkrri,Matt Gimenez
Jan 31,home,Napa,W,4-0,4,0,4,win,20150131_2ly5,0,0,0,0,0.0,,,,0.0,,,2015,2014-15,Santa Barbara,santabarbara,mattgimenezkrri,Matt Gimenez
Jan 31,home,Napa,W,4-3,4,3,1,win,20150131_co3t,0,0,0,0,0.0,,,,0.0,,,2015,2014-15,Santa Barbara,santabarbara,mattgimenezkrri,Matt Gimenez
Feb 5,home,Glendale,W,6-5,6,5,1,win,20150205_799j,0,0,0,0,0.0,,,,0.0,,,2015,2014-15,Santa Barbara,santabarbara,mattgimenezkrri,Matt Gimenez
Feb 7,home,Saddleback,W,8-5,8,5,3,win,20150207_es91,0,0,0,0,0.0,,,,0.0,,,2015,2014-15,Santa Barbara,santabarbara,mattgimenezkrri,Matt Gimenez
Feb 10,home,East Los Angeles,W,4-1,4,1,3,win,20150210_hwnm,0,0,0,0,0.0,,,,0.0,,,2015,2014-15,Santa Barbara,santabarbara,mattgimenezkrri,Matt Gimenez
Feb 12,home,East Los Angeles,W,5-0,5,0,5,win,20150212_755v,0,0,0,0,0.0,,,,0.0,,,2015,2014-15,Santa Barbara,santabarbara,mattgimenezkrri,Matt Gimenez
Feb 17,home,Moorpark,W,17-0,17,0,17,win,20150217_loan,0,0,0,0,0.0,,,,0.0,,,2015,2014-15,Santa Barbara,santabarbara,mattgimenezkrri,Matt Gimenez
Feb 19,home,Oxnard,W,4-3,4,3,1,win,20150219_9mu2,0,0,0,0,0.0,,,,0.0,,,2015,2014-15,Santa Barbara,santabarbara,mattgimenezkrri,Matt Gimenez
Feb 21,home,Oxnard,L,6-2,6,2,4,win,20150221_e8yk,0,0,0,0,0.0,,,,0.0,,,2015,2014-15,Santa Barbara,santabarbara,mattgimenezkrri,Matt Gimenez
Mar 5,home,LA Pierce,L,4-3,4,3,1,win,20150305_kscp,0,0,0,0,0.0,,,,0.0,,,2015,2014-15,Santa Barbara,santabarbara,mattgimenezkrri,Matt Gimenez
Mar 7,home,LA Pierce,W,13-2,13,2,11,win,20150307_14fo,0,0,0,0,0.0,,,,0.0,,,2015,2014-15,Santa Barbara,santabarbara,mattgimenezkrri,Matt Gimenez
Mar 12,home,Ventura,W,12-1,12,1,11,win,20150312_p7ux,0,0,0,0,0.0,,,,0.0,,,2015,2014-15,Santa Barbara,santabarbara,mattgimenezkrri,Matt Gimenez
Mar 17,home,Allan Hancock,W,12-4,12,4,8,win,20150317_ri5x,0,0,0,0,0.0,,,,0.0,,,2015,2014-15,Santa Barbara,santabarbara,mattgimenezkrri,Matt Gimenez
Mar 24,home,Oxnard,W,13-0,13,0,13,win,20150324_c3m1,0,0,0,0,0.0,,,,0.0,,,2015,2014-15,Santa Barbara,santabarbara,mattgimenezkrri,Matt Gimenez
Mar 26,home,Oxnard,L,4-2,4,2,2,win,20150326_lr7d,0,0,0,0,0.0,,,,0.0,,,2015,2014-15,Santa Barbara,santabarbara,mattgimenezkrri,Matt Gimenez
Mar 27,home,Cuesta,W,10-1,10,1,9,win,20150327_byno,0,0,0,0,0.0,,,,0.0,,,2015,2014-15,Santa Barbara,santabarbara,mattgimenezkrri,Matt Gimenez
Mar 31,home,Glendale,W,14-4,14,4,10,win,20150331_1ny7,0,0,0,0,0.0,,,,0.0,,,2015,2014-15,Santa Barbara,santabarbara,mattgimenezkrri,Matt Gimenez
Apr 1,home,Riverside,W,5-2,5,2,3,win,20150401_ba1w,0,0,0,0,0.0,,,,0.0,,,2015,2014-15,Santa Barbara,santabarbara,mattgimenezkrri,Matt Gimenez
Apr 3,home,Reedley,W,11-8,11,8,3,win,20150403_1oip,0,0,0,0,0.0,,,,0.0,,,2015,2014-15,Santa Barbara,santabarbara,mattgimenezkrri,Matt Gimenez
Apr 9,home,Fresno City,W,5-3,5,3,2,win,20150409_pia0,0,0,0,0,0.0,,,,0.0,,,2015,2014-15,Santa Barbara,santabarbara,mattgimenezkrri,Matt Gimenez
Apr 13,home,Cuesta,L,4-3,4,3,1,win,20150413_7c3f,0,0,0,0,0.0,,,,0.0,,,2015,2014-15,Santa Barbara,santabarbara,mattgimenezkrri,Matt Gimenez
Apr 14,home,LA Pierce,W,13-2,13,2,11,win,20150414_jyb2,0,0,0,0,0.0,,,,0.0,,,2015,2014-15,Santa Barbara,santabarbara,mattgimenezkrri,Matt Gimenez
Apr 16,home,LA Pierce,L,5-4,5,4,1,win,20150416_fktu,0,0,0,0,0.0,,,,0.0,,,2015,2014-15,Santa Barbara,santabarbara,mattgimenezkrri,Matt Gimenez
Apr 18,home,Ventura,W,6-5,6,5,1,win,20150418_iioj,0,0,0,0,0.0,,,,0.0,,,2015,2014-15,Santa Barbara,santabarbara,mattgimenezkrri,Matt Gimenez
Apr 21,home,Ventura,W,5-4,5,4,1,win,20150421_uwfd,0,0,0,0,0.0,,,,0.0,,,2015,2014-15,Santa Barbara,santabarbara,mattgimenezkrri,Matt Gimenez
Apr 23,home,Allan Hancock,W,14-0,14,0,14,win,20150423_eqgz,0,0,0,0,0.0,,,,0.0,,,2015,2014-15,Santa Barbara,santabarbara,mattgimenezkrri,Matt Gimenez
Apr 24,home,Allan Hancock,W,3-1,3,1,2,win,20150424_2lmp,0,0,0,0,0.0,,,,0.0,,,2015,2014-15,Santa Barbara,santabarbara,mattgimenezkrri,Matt Gimenez
May 1,home,Rio Hondo,W,5-0,5,0,5,win,20150501_jw3t,0,0,0,0,0.0,,,,0.0,,,2015,2014-15,Santa Barbara,santabarbara,mattgimenezkrri,Matt Gimenez
May 2,home,Rio Hondo,W,4-0,4,0,4,win,20150502_6yf4,0,0,0,0,0.0,,,,0.0,,,2015,2014-15,Santa Barbara,santabarbara,mattgimenezkrri,Matt Gimenez
May 8,home,Fullerton,L,2-1,2,1,1,win,20150508_3aia,0,0,0,0,0.0,,,,0.0,,,2015,2014-15,Santa Barbara,santabarbara,mattgimenezkrri,Matt Gimenez
May 9,home,Fullerton,W,3-0,3,0,3,win,20150509_la5v,0,0,0,0,0.0,,,,0.0,,,2015,2014-15,Santa Barbara,santabarbara,mattgimenezkrri,Matt Gimenez
May 10,home,Fullerton,W,4-0,4,0,4,win,20150510_sa1i,0,0,0,0,0.0,,,,0.0,,,2015,2014-15,Santa Barbara,santabarbara,mattgimenezkrri,Matt Gimenez
May 15,home,Orange Coast,W,3-1,3,1,2,win,20150515_ibzg,0,0,0,0,0.0,,,,0.0,,,2015,2014-15,Santa Barbara,santabarbara,mattgimenezkrri,Matt Gimenez
May 16,home,Orange Coast,L,5-2,5,2,3,win,20150516_03ti,0,0,0,0,0.0,,,,0.0,,,2015,2014-15,Santa Barbara,santabarbara,mattgimenezkrri,Matt Gimenez
May 17,home,Orange Coast,L,10-2,10,2,8,win,20150517_7ppz,0,0,0,0,0.0,,,,0.0,,,2015,2014-15,Santa Barbara,santabarbara,mattgimenezkrri,Matt Gimenez
Jan 27,home,Reedley,L,4-1,4,1,3,win,20150127_9f2m,0,0,0,0,0.0,,,,0.0,,,2015,2014-15,Monterey,monterey,dominicbifanoy657,Dominic Bifano
Feb 5,home,Modesto,L,1-0,1,0,1,win,20150205_85pr,0,0,0,0,0.0,,,,0.0,,,2015,2014-15,Monterey,monterey,dominicbifanoy657,Dominic Bifano
Feb 7,home,Laney,L,1-0,1,0,1,win,20150207_c1wn,0,0,0,0,0.0,,,,0.0,,,2015,2014-15,Monterey,monterey,dominicbifanoy657,Dominic Bifano
Feb 12,home,Cerro Coso,W,1-0,1,0,1,win,20150212_wjuv,0,0,0,0,0.0,,,,0.0,,,2015,2014-15,Monterey,monterey,dominicbifanoy657,Dominic Bifano
Feb 13,home,Taft,L,10-3,10,3,7,win,20150213_hmzu,0,0,0,0,0.0,,,,0.0,,,2015,2014-15,Monterey,monterey,dominicbifanoy657,Dominic Bifano
Feb 17,home,De Anza,W,5-4,5,4,1,win,20150217_076v,0,0,0,0,0.0,,,,0.0,,,2015,2014-15,Monterey,monterey,dominicbifanoy657,Dominic Bifano
Feb 20,home,Folsom Lake,W,9-3,9,3,6,win,20150220_74t6,0,0,0,0,0.0,,,,0.0,,,2015,2014-15,Monterey,monterey,dominicbifanoy657,Dominic Bifano
Feb 21,home,Folsom Lake,L,2-0,2,0,2,win,20150221_emko,0,0,0,0,0.0,,,,0.0,,,2015,2014-15,Monterey,monterey,dominicbifanoy657,Dominic Bifano
Feb 24,home,Hartnell,W,9-4,9,4,5,win,20150224_sgrm,0,0,0,0,0.0,,,,0.0,,,2015,2014-15,Monterey,monterey,dominicbifanoy657,Dominic Bifano
Feb 26,home,Gavilan,L,2-0,2,0,2,win,20150226_lxo2,0,0,0,0,0.0,,,,0.0,,,2015,2014-15,Monterey,monterey,dominicbifanoy657,Dominic Bifano
Mar 3,home,Skyline,L,2-1,2,1,1,win,20150303_brup,0,0,0,0,0.0,,,,0.0,,,2015,2014-15,Monterey,monterey,dominicbifanoy657,Dominic Bifano
Mar 5,home,Canada,L,7-1,7,1,6,win,20150305_vcue,0,0,0,0,0.0,,,,0.0,,,2015,2014-15,Monterey,monterey,dominicbifanoy657,Dominic Bifano
Mar 7,home,Cabrillo,W,2-1,2,1,1,win,20150307_utfl,0,0,0,0,0.0,,,,0.0,,,2015,2014-15,Monterey,monterey,dominicbifanoy657,Dominic Bifano
Mar 21,home,Ohlone,L,5-3,5,3,2,win,20150321_ugax,0,0,0,0,0.0,,,,0.0,,,2015,2014-15,Monterey,monterey,dominicbifanoy657,Dominic Bifano
Mar 24,home,San Francisco,W,13-3,13,3,10,win,20150324_56qn,0,0,0,0,0.0,,,,0.0,,,2015,2014-15,Monterey,monterey,dominicbifanoy657,Dominic Bifano
Mar 26,home,Skyline,L,4-3,4,3,1,win,20150326_buvo,0,0,0,0,0.0,,,,0.0,,,2015,2014-15,Monterey,monterey,dominicbifanoy657,Dominic Bifano
Mar 31,home,West Valley,W,2-1,2,1,1,win,20150331_xx5c,0,0,0,0,0.0,,,,0.0,,,2015,2014-15,Monterey,monterey,dominicbifanoy657,Dominic Bifano
Apr 2,home,Hartnell,L,6-4,6,4,2,win,20150402_bloy,0,0,0,0,0.0,,,,0.0,,,2015,2014-15,Monterey,monterey,dominicbifanoy657,Dominic Bifano
Apr 4,home,Canada,W,8-4,8,4,4,win,20150404_edkv,0,0,0,0,0.0,,,,0.0,,,2015,2014-15,Monterey,monterey,dominicbifanoy657,Dominic Bifano
Apr 7,home,San Mateo,L,7-3,7,3,4,win,20150407_xi7c,0,0,0,0,0.0,,,,0.0,,,2015,2014-15,Monterey,monterey,dominicbifanoy657,Dominic Bifano
Apr 14,home,Chabot,W,8-4,8,4,4,win,20150414_r7ws,0,0,0,0,0.0,,,,0.0,,,2015,2014-15,Monterey,monterey,dominicbifanoy657,Dominic Bifano
Apr 16,home,Ohlone,W,3-1,3,1,2,win,20150416_aqli,0,0,0,0,0.0,,,,0.0,,,2015,2014-15,Monterey,monterey,dominicbifanoy657,Dominic Bifano
Apr 18,home,Hartnell,L,12-5,12,5,7,win,20150418_dl5k,0,0,0,0,0.0,,,,0.0,,,2015,2014-15,Monterey,monterey,dominicbifanoy657,Dominic Bifano
Apr 23,home,Skyline,L,6-2,6,2,4,win,20150423_2nek,0,0,0,0,0.0,,,,0.0,,,2015,2014-15,Monterey,monterey,dominicbifanoy657,Dominic Bifano
Jan 31,home,Cuesta,W,4-3,4,3,1,win,20150131_35pp,0,0,0,1,2.0,0.0,0.0,0.0,0.0,0.0,4.0,2015,2014-15,Riverside,riverside,davidroblestaez,David Robles
Feb 3,home,Mt. San Jacinto,W,9-6,9,6,3,win,20150203_1dd1,0,0,0,1,0.1,,,,0.0,,1.0,2015,2014-15,Riverside,riverside,davidroblestaez,David Robles
Feb 6,home,East Los Angeles,W,4-3,4,3,1,win,20150206_9rbe,0,0,0,1,0.1,0.0,0.0,0.0,0.0,2.0,0.0,2015,2014-15,Riverside,riverside,davidroblestaez,David Robles
Feb 10,home,Desert,W,12-5,12,5,7,win,20150210_zvrb,0,0,0,0,1.0,3.0,3.0,3.0,27.0,1.0,1.0,2015,2014-15,Riverside,riverside,davidroblestaez,David Robles
Feb 14,home,Western Nevada,W,7-1,7,1,6,win,20150214_g58a,0,0,0,0,1.0,1.0,0.0,0.0,0.0,0.0,3.0,2015,2014-15,Riverside,riverside,davidroblestaez,David Robles
Feb 17,home,Mt. San Antonio,L,13-4,13,4,9,win,20150217_pmed,0,0,0,0,2.2,5.0,6.0,5.0,16.88,3.0,2.0,2015,2014-15,Riverside,riverside,davidroblestaez,David Robles
Feb 24,home,Mt. San Antonio,W,11-4,11,4,7,win,20150224_rv5x,0,0,0,0,1.0,0.0,0.0,0.0,0.0,0.0,1.0,2015,2014-15,Riverside,riverside,davidroblestaez,David Robles
Feb 26,home,Orange Coast,L,4-3,4,3,1,win,20150226_tvw9,0,0,1,0,1.2,3.0,1.0,1.0,5.4,1.0,1.0,2015,2014-15,Riverside,riverside,davidroblestaez,David Robles
Feb 28,home,Irvine Valley,L,4-1,4,1,3,win,20150228_i4t0,0,0,0,0,0.0,,,,0.0,,,2015,2014-15,Riverside,riverside,davidroblestaez,David Robles
Mar 3,home,Santa Ana,W,6-3,6,3,3,win,20150303_rhpf,0,0,0,1,1.0,2.0,0.0,0.0,0.0,0.0,2.0,2015,2014-15,Riverside,riverside,davidroblestaez,David Robles
Mar 10,home,Fullerton,L,3-2,3,2,1,win,20150310_d493,0,0,0,0,1.0,,,,0.0,,,2015,2014-15,Riverside,riverside,davidroblestaez,David Robles
Mar 12,home,Golden West,W,13-0,13,0,13,win,20150312_ugk6,0,0,0,0,1.2,1.0,0.0,0.0,0.0,0.0,2.0,2015,2014-15,Riverside,riverside,davidroblestaez,David Robles
Mar 17,home,Orange Coast,L,9-5,9,5,4,win,20150317_f5ng,0,0,1,0,1.0,2.0,4.0,2.0,18.0,2.0,0.0,2015,2014-15,Riverside,riverside,davidroblestaez,David Robles
Mar 21,home,Irvine Valley,W,5-0,5,0,5,win,20150321_3ztt,0,0,0,0,0.0,,,,0.0,,,2015,2014-15,Riverside,riverside,davidroblestaez,David Robles
Mar 24,home,Irvine Valley,L,9-4,9,4,5,win,20150324_gbrm,0,0,0,0,0.0,,,,0.0,,,2015,2014-15,Riverside,riverside,davidroblestaez,David Robles
Mar 26,home,Santa Ana,W,7-0,7,0,7,win,20150326_49o7,0,0,0,0,0.0,,,,0.0,,,2015,2014-15,Riverside,riverside,davidroblestaez,David Robles
Mar 27,home,Santa Ana,W,3-2,3,2,1,win,20150327_qblk,0,0,0,0,0.0,,,,0.0,,,2015,2014-15,Riverside,riverside,davidroblestaez,David Robles
Apr 1,home,Santa Barbara,L,5-2,5,2,3,win,20150401_ba1w,0,0,0,0,2.1,1.0,1.0,0.0,0.0,1.0,5.0,2015,2014-15,Riverside,riverside,davidroblestaez,David Robles
Apr 2,home,Taft,L,4-3,4,3,1,win,20150402_gveg,0,0,0,0,0.0,,,,0.0,,,2015,2014-15,Riverside,riverside,davidroblestaez,David Robles
Apr 7,home,Saddleback,L,8-5,8,5,3,win,20150407_tn3k,0,0,1,0,0.1,3.0,4.0,4.0,108.0,1.0,,2015,2014-15,Riverside,riverside,davidroblestaez,David Robles
Apr 9,home,Saddleback,L,9-4,9,4,5,win,20150409_0f7n,0,0,0,0,0.0,,,,0.0,,,2015,2014-15,Riverside,riverside,davidroblestaez,David Robles
Apr 11,home,Cypress,W,9-2,9,2,7,win,20150411_36ur,0,0,0,0,1.2,1.0,,,0.0,,2.0,2015,2014-15,Riverside,riverside,davidroblestaez,David Robles
Apr 16,home,Fullerton,W,9-3,9,3,6,win,20150416_238x,0,0,0,0,1.2,0.0,0.0,0.0,0.0,0.0,1.0,2015,2014-15,Riverside,riverside,davidroblestaez,David Robles
Apr 21,home,Golden West,L,4-2,4,2,2,win,20150421_e3mk,0,0,1,0,2.0,2.0,2.0,1.0,4.5,1.0,0.0,2015,2014-15,Riverside,riverside,davidroblestaez,David Robles
Apr 28,home,Cerritos,W,6-2,6,2,4,win,20150428_bbuq,0,0,0,0,0.2,1.0,0.0,0.0,0.0,1.0,0.0,2015,2014-15,Riverside,riverside,davidroblestaez,David Robles
May 1,home,Palomar,L,7-3,7,3,4,win,20150501_6ln4,0,0,0,0,1.1,1.0,,,0.0,,2.0,2015,2014-15,Riverside,riverside,davidroblestaez,David Robles
Jan 27,home,Antelope Valley,W,3-0,3,0,3,win,20150127_0zl7,0,0,0,0,0.0,,,,0.0,,,2015,2014-15,Moorpark,moorpark,garrettserinosi49,Garrett Serino
Jan 30,home,Porterville,W,6-4,6,4,2,win,20150130_dyi3,0,0,0,0,0.0,,,,0.0,,,2015,2014-15,Moorpark,moorpark,garrettserinosi49,Garrett Serino
Feb 1,home,Bakersfield,W,5-4,5,4,1,win,20150201_lmqn,0,0,0,0,0.0,,,,0.0,,,2015,2014-15,Moorpark,moorpark,garrettserinosi49,Garrett Serino
Feb 3,home,East Los Angeles,W,12-10,12,10,2,win,20150203_sppj,0,0,0,0,0.0,,,,0.0,,,2015,2014-15,Moorpark,moorpark,garrettserinosi49,Garrett Serino
Feb 5,home,LA Valley,L,2-1,2,1,1,win,20150205_ittd,0,0,0,0,0.0,,,,0.0,,,2015,2014-15,Moorpark,moorpark,garrettserinosi49,Garrett Serino
Feb 10,home,Cypress,W,10-4,10,4,6,win,20150210_bcqb,0,0,0,0,0.0,,,,0.0,,,2015,2014-15,Moorpark,moorpark,garrettserinosi49,Garrett Serino
Feb 12,home,Bakersfield,W,4-2,4,2,2,win,20150212_h4hg,0,0,0,0,0.0,,,,0.0,,,2015,2014-15,Moorpark,moorpark,garrettserinosi49,Garrett Serino
Feb 14,home,Santa Barbara,L,8-3,8,3,5,win,20150214_wj0p,0,0,0,0,0.0,,,,0.0,,,2015,2014-15,Moorpark,moorpark,garrettserinosi49,Garrett Serino
Feb 17,home,Santa Barbara,L,17-0,17,0,17,win,20150217_loan,0,0,0,0,0.0,,,,0.0,,,2015,2014-15,Moorpark,moorpark,garrettserinosi49,Garrett Serino
Feb 19,home,LA Pierce,L,7-1,7,1,6,win,20150219_4qhl,0,0,0,0,0.0,,,,0.0,,,2015,2014-15,Moorpark,moorpark,garrettserinosi49,Garrett Serino
Feb 21,home,LA Pierce,W,9-4,9,4,5,win,20150221_0lmh,0,0,0,0,0.0,,,,0.0,,,2015,2014-15,Moorpark,moorpark,garrettserinosi49,Garrett Serino
Feb 24,home,Ventura,W,5-0,5,0,5,win,20150224_bz0q,0,0,0,0,0.0,,,,0.0,,,2015,2014-15,Moorpark,moorpark,garrettserinosi49,Garrett Serino
Feb 26,home,Ventura,L,14-9,14,9,5,win,20150226_7i69,0,0,0,0,0.0,,,,0.0,,,2015,2014-15,Moorpark,moorpark,garrettserinosi49,Garrett Serino
Feb 28,home,Cuesta,L,11-2,11,2,9,win,20150228_1dl8,0,0,0,0,0.0,,,,0.0,,,2015,2014-15,Moorpark,moorpark,garrettserinosi49,Garrett Serino
Mar 3,home,Cuesta,L,4-1,4,1,3,win,20150303_1yv2,0,0,0,0,0.0,,,,0.0,,,2015,2014-15,Moorpark,moorpark,garrettserinosi49,Garrett Serino
Mar 5,home,Oxnard,W,4-3,4,3,1,win,20150305_p8ar,0,0,0,0,0.0,,,,0.0,,,2015,2014-15,Moorpark,moorpark,garrettserinosi49,Garrett Serino
Mar 7,home,Oxnard,L,1-0,1,0,1,win,20150307_hdxx,0,0,0,0,0.0,,,,0.0,,,2015,2014-15,Moorpark,moorpark,garrettserinosi49,Garrett Serino
Mar 10,home,Allan Hancock,W,7-2,7,2,5,win,20150310_updn,0,0,0,0,0.0,,,,0.0,,,2015,2014-15,Moorpark,moorpark,garrettserinosi49,Garrett Serino
Mar 12,home,Allan Hancock,W,11-10,11,10,1,win,20150312_tdl7,0,0,0,0,0.0,,,,0.0,,,2015,2014-15,Moorpark,moorpark,garrettserinosi49,Garrett Serino
Mar 17,home,Rio Hondo,W,6-2,6,2,4,win,20150317_md2u,0,0,0,0,0.0,,,,0.0,,,2015,2014-15,Moorpark,moorpark,garrettserinosi49,Garrett Serino
Mar 19,home,Santa Barbara,L,6-1,6,1,5,win,20150319_l1na,0,0,0,0,0.0,,,,0.0,,,2015,2014-15,Moorpark,moorpark,garrettserinosi49,Garrett Serino
Mar 21,home,Santa Barbara,L,8-5,8,5,3,win,20150321_56pb,0,0,0,0,0.0,,,,0.0,,,2015,2014-15,Moorpark,moorpark,garrettserinosi49,Garrett Serino
Mar 24,home,LA Pierce,W,9-6,9,6,3,win,20150324_goci,0,0,0,0,0.0,,,,0.0,,,2015,2014-15,Moorpark,moorpark,garrettserinosi49,Garrett Serino
Mar 26,home,LA Pierce,W,6-5,6,5,1,win,20150326_mc5u,0,0,0,0,0.0,,,,0.0,,,2015,2014-15,Moorpark,moorpark,garrettserinosi49,Garrett Serino
Mar 27,home,Ventura,L,3-2,3,2,1,win,20150327_ot2a,0,0,0,0,0.0,,,,0.0,,,2015,2014-15,Moorpark,moorpark,garrettserinosi49,Garrett Serino
Mar 30,home,Chaffey,W,4-3,4,3,1,win,20150330_b335,0,0,0,0,0.0,,,,0.0,,,2015,2014-15,Moorpark,moorpark,garrettserinosi49,Garrett Serino
Apr 2,home,LA Valley,L,8-7,8,7,1,win,20150402_xszq,0,0,0,0,0.0,,,,0.0,,,2015,2014-15,Moorpark,moorpark,garrettserinosi49,Garrett Serino
Apr 3,home,Taft,W,12-4,12,4,8,win,20150403_ujjd,0,0,0,0,0.0,,,,0.0,,,2015,2014-15,Moorpark,moorpark,garrettserinosi49,Garrett Serino
Apr 9,home,Cuesta,W,9-5,9,5,4,win,20150409_mvp5,0,0,0,0,0.0,,,,0.0,,,2015,2014-15,Moorpark,moorpark,garrettserinosi49,Garrett Serino
Apr 10,home,Ventura,L,10-5,10,5,5,win,20150410_a88y,0,0,0,0,0.0,,,,0.0,,,2015,2014-15,Moorpark,moorpark,garrettserinosi49,Garrett Serino
Apr 11,home,Cuesta,L,6-4,6,4,2,win,20150411_tyka,0,0,0,0,0.0,,,,0.0,,,2015,2014-15,Moorpark,moorpark,garrettserinosi49,Garrett Serino
Apr 14,home,Oxnard,W,4-3,4,3,1,win,20150414_rt6f,0,0,0,0,0.0,,,,0.0,,,2015,2014-15,Moorpark,moorpark,garrettserinosi49,Garrett Serino
Apr 16,home,Oxnard,L,11-9,11,9,2,win,20150416_0phf,0,0,0,0,0.0,,,,0.0,,,2015,2014-15,Moorpark,moorpark,garrettserinosi49,Garrett Serino
Apr 18,home,Allan Hancock,W,7-1,7,1,6,win,20150418_kb5i,0,0,0,0,0.0,,,,0.0,,,2015,2014-15,Moorpark,moorpark,garrettserinosi49,Garrett Serino
Apr 21,home,Allan Hancock,W,10-2,10,2,8,win,20150421_f7ot,0,0,0,0,0.0,,,,0.0,,,2015,2014-15,Moorpark,moorpark,garrettserinosi49,Garrett Serino
Feb 5,home,Allan Hancock,W,13-2,13,2,11,win,20150205_4vnc,0,0,0,0,0.0,,,,0.0,,,2015,2014-15,Canyons,canyons,isaacyoshinaga46ph,Isaac Yoshinaga
Feb 17,home,Cerro Coso,W,19-2,19,2,17,win,20150217_8832,0,0,0,0,0.0,,,,0.0,,,2015,2014-15,Canyons,canyons,isaacyoshinaga46ph,Isaac Yoshinaga
Feb 26,home,Cosumnes River,L,5-3,5,3,2,win,20150226_3lka,0,0,0,0,0.0,,,,0.0,,,2015,2014-15,Canyons,canyons,isaacyoshinaga46ph,Isaac Yoshinaga
Mar 10,home,West LA,W,8-0,8,0,8,win,20150310_1jzj,0,0,0,0,0.0,,,,0.0,,,2015,2014-15,Canyons,canyons,isaacyoshinaga46ph,Isaac Yoshinaga
Mar 19,home,Antelope Valley,L,3-0,3,0,3,win,20150319_b4ts,0,0,0,0,0.0,,,,0.0,,,2015,2014-15,Canyons,canyons,isaacyoshinaga46ph,Isaac Yoshinaga
Mar 31,home,Merced,L,17-5,17,5,12,win,20150331_2fb9,0,0,0,0,0.0,,,,0.0,,,2015,2014-15,Canyons,canyons,isaacyoshinaga46ph,Isaac Yoshinaga
Apr 1,home,East Los Angeles,W,6-5,6,5,1,win,20150401_uk08,0,0,0,0,0.0,,,,0.0,,,2015,2014-15,Canyons,canyons,isaacyoshinaga46ph,Isaac Yoshinaga
Apr 9,home,West LA,W,18-5,18,5,13,win,20150409_kn08,0,0,0,0,0.0,,,,0.0,,,2015,2014-15,Canyons,canyons,isaacyoshinaga46ph,Isaac Yoshinaga
Apr 21,home,Bakersfield,W,7-5,7,5,2,win,20150421_rz4d,0,0,0,0,0.0,,,,0.0,,,2015,2014-15,Canyons,canyons,isaacyoshinaga46ph,Isaac Yoshinaga
Feb 13,home,Modesto,W,16-3,16,3,13,win,20150213_ze0p,0,0,0,0,0.0,,,,0.0,,,2015,2014-15,Redwoods,redwoods,josephlefebvrenvsl,Joseph Lefebvre
Feb 15,home,Skyline,L,7-6,7,6,1,win,20150215_3mbp,0,0,0,0,0.0,,,,0.0,,,2015,2014-15,Redwoods,redwoods,josephlefebvrenvsl,Joseph Lefebvre
Feb 20,home,Yuba,L,10-2,10,2,8,win,20150220_k6c5,0,0,0,0,0.0,,,,0.0,,,2015,2014-15,Redwoods,redwoods,josephlefebvrenvsl,Joseph Lefebvre
Feb 20,home,Yuba,L,6-2,6,2,4,win,20150220_w0qb,0,0,0,0,0.0,,,,0.0,,,2015,2014-15,Redwoods,redwoods,josephlefebvrenvsl,Joseph Lefebvre
Feb 27,home,Butte,L,11-3,11,3,8,win,20150227_nf32,0,0,0,0,0.0,,,,0.0,,,2015,2014-15,Redwoods,redwoods,josephlefebvrenvsl,Joseph Lefebvre
Feb 28,home,Butte,L,15-10,15,10,5,win,20150228_5nxe,0,0,0,0,0.0,,,,0.0,,,2015,2014-15,Redwoods,redwoods,josephlefebvrenvsl,Joseph Lefebvre
Mar 6,home,Feather River,L,7-0,7,0,7,win,20150306_qmnt,0,0,0,0,0.0,,,,0.0,,,2015,2014-15,Redwoods,redwoods,josephlefebvrenvsl,Joseph Lefebvre
Mar 6,home,Feather River,L,20-1,20,1,19,win,20150306_fa6w,0,0,0,0,0.0,,,,0.0,,,2015,2014-15,Redwoods,redwoods,josephlefebvrenvsl,Joseph Lefebvre
Mar 13,home,Siskiyous,L,7-6,7,6,1,win,20150313_rpb6,0,0,0,0,0.0,,,,0.0,,,2015,2014-15,Redwoods,redwoods,josephlefebvrenvsl,Joseph Lefebvre
Mar 14,home,Siskiyous,L,6-5,6,5,1,win,20150314_6qwe,0,0,0,0,0.0,,,,0.0,,,2015,2014-15,Redwoods,redwoods,josephlefebvrenvsl,Joseph Lefebvre
Mar 20,home,Shasta,L,8-0,8,0,8,win,20150320_7eu9,0,0,0,0,0.0,,,,0.0,,,2015,2014-15,Redwoods,redwoods,josephlefebvrenvsl,Joseph Lefebvre
Mar 27,home,Lassen,L,21-8,21,8,13,win,20150327_toe5,0,0,0,0,0.0,,,,0.0,,,2015,2014-15,Redwoods,redwoods,josephlefebvrenvsl,Joseph Lefebvre
Mar 28,home,Lassen,W,8-7,8,7,1,win,20150328_g7pz,0,0,0,0,0.0,,,,0.0,,,2015,2014-15,Redwoods,redwoods,josephlefebvrenvsl,Joseph Lefebvre
Mar 28,home,Lassen,L,11-3,11,3,8,win,20150328_8wod,0,0,0,0,0.0,,,,0.0,,,2015,2014-15,Redwoods,redwoods,josephlefebvrenvsl,Joseph Lefebvre
Apr 3,home,Butte,W,6-5,6,5,1,win,20150403_a023,0,0,0,0,0.0,,,,0.0,,,2015,2014-15,Redwoods,redwoods,josephlefebvrenvsl,Joseph Lefebvre
Apr 18,home,Shasta,L,3-2,3,2,1,win,20150418_f31f,0,0,0,0,0.0,,,,0.0,,,2015,2014-15,Redwoods,redwoods,josephlefebvrenvsl,Joseph Lefebvre
Jan 27,home,Monterey,W,4-1,4,1,3,win,20150127_9f2m,0,0,0,0,0.0,,,,0.0,,,2015,2014-15,Reedley,reedley,alancrowleymfft,Alan Crowley
Jan 30,home,Canada,L,9-0,9,0,9,win,20150130_aevu,0,0,0,0,0.0,,,,0.0,,,2015,2014-15,Reedley,reedley,alancrowleymfft,Alan Crowley
Jan 31,home,San Mateo,L,3-1,3,1,2,win,20150131_kpt8,0,0,0,0,0.0,,,,0.0,,,2015,2014-15,Reedley,reedley,alancrowleymfft,Alan Crowley
Feb 3,home,De Anza,L,4-3,4,3,1,win,20150203_ux06,0,0,0,0,0.0,,,,0.0,,,2015,2014-15,Reedley,reedley,alancrowleymfft,Alan Crowley
Feb 5,home,Hartnell,W,5-1,5,1,4,win,20150205_trml,0,0,0,0,0.0,,,,0.0,,,2015,2014-15,Reedley,reedley,alancrowleymfft,Alan Crowley
Feb 6,home,Golden West,L,7-2,7,2,5,win,20150206_o7yk,0,0,0,0,0.0,,,,0.0,,,2015,2014-15,Reedley,reedley,alancrowleymfft,Alan Crowley
Feb 10,home,Sierra,L,3-1,3,1,2,win,20150210_ej9r,0,0,0,0,0.0,,,,0.0,,,2015,2014-15,Reedley,reedley,alancrowleymfft,Alan Crowley
Feb 12,home,Modesto,L,2-1,2,1,1,win,20150212_2h76,0,0,0,0,0.0,,,,0.0,,,2015,2014-15,Reedley,reedley,alancrowleymfft,Alan Crowley
Feb 17,home,Fresno City,L,7-3,7,3,4,win,20150217_p4wd,0,0,0,0,0.0,,,,0.0,,,2015,2014-15,Reedley,reedley,alancrowleymfft,Alan Crowley
Feb 19,home,Fresno City,L,6-0,6,0,6,win,20150219_azzf,0,0,0,0,0.0,,,,0.0,,,2015,2014-15,Reedley,reedley,alancrowleymfft,Alan Crowley
Feb 21,home,Fresno City,L,6-5,6,5,1,win,20150221_g9y0,0,0,0,0,0.0,,,,0.0,,,2015,2014-15,Reedley,reedley,alancrowleymfft,Alan Crowley
Feb 24,home,Taft,W,8-2,8,2,6,win,20150224_ttow,0,0,0,0,0.0,,,,0.0,,,2015,2014-15,Reedley,reedley,alancrowleymfft,Alan Crowley
Feb 26,home,Taft,W,8-1,8,1,7,win,20150226_grht,0,0,0,0,0.0,,,,0.0,,,2015,2014-15,Reedley,reedley,alancrowleymfft,Alan Crowley
Feb 28,home,Taft,L,6-5,6,5,1,win,20150228_74p6,0,0,0,0,0.0,,,,0.0,,,2015,2014-15,Reedley,reedley,alancrowleymfft,Alan Crowley
Mar 3,home,Merced,W,5-4,5,4,1,win,20150303_m2nz,0,0,0,0,0.0,,,,0.0,,,2015,2014-15,Reedley,reedley,alancrowleymfft,Alan Crowley
Mar 5,home,Merced,L,4-3,4,3,1,win,20150305_ucfq,0,0,0,0,0.0,,,,0.0,,,2015,2014-15,Reedley,reedley,alancrowleymfft,Alan Crowley
Mar 7,home,Merced,L,8-7,8,7,1,win,20150307_sx3l,0,0,0,0,0.0,,,,0.0,,,2015,2014-15,Reedley,reedley,alancrowleymfft,Alan Crowley
Mar 17,home,Sequoias,L,9-1,9,1,8,win,20150317_u06t,0,0,0,0,0.0,,,,0.0,,,2015,2014-15,Reedley,reedley,alancrowleymfft,Alan Crowley
Mar 19,home,Sequoias,L,8-0,8,0,8,win,20150319_6bw4,0,0,0,0,0.0,,,,0.0,,,2015,2014-15,Reedley,reedley,alancrowleymfft,Alan Crowley
Mar 21,home,Sequoias,W,8-2,8,2,6,win,20150321_50m1,0,0,0,0,0.0,,,,0.0,,,2015,2014-15,Reedley,reedley,alancrowleymfft,Alan Crowley
Mar 24,home,West Hills Coalinga,W,10-5,10,5,5,win,20150324_9ym4,0,0,0,0,0.0,,,,0.0,,,2015,2014-15,Reedley,reedley,alancrowleymfft,Alan Crowley
Mar 26,home,West Hills Coalinga,W,3-2,3,2,1,win,20150326_nesi,0,0,0,0,0.0,,,,0.0,,,2015,2014-15,Reedley,reedley,alancrowleymfft,Alan Crowley
Mar 28,home,West Hills Coalinga,W,9-8,9,8,1,win,20150328_33os,0,0,0,0,0.0,,,,0.0,,,2015,2014-15,Reedley,reedley,alancrowleymfft,Alan Crowley
Mar 31,home,Saddleback,L,13-7,13,7,6,win,20150331_leeq,0,0,0,0,0.0,,,,0.0,,,2015,2014-15,Reedley,reedley,alancrowleymfft,Alan Crowley
Apr 1,home,Bakersfield,L,5-3,5,3,2,win,20150401_3t1y,0,0,0,0,0.0,,,,0.0,,,2015,2014-15,Reedley,reedley,alancrowleymfft,Alan Crowley
Apr 3,home,Santa Barbara,L,11-8,11,8,3,win,20150403_1oip,0,0,0,0,0.0,,,,0.0,,,2015,2014-15,Reedley,reedley,alancrowleymfft,Alan Crowley
Apr 9,home,Porterville,W,5-2,5,2,3,win,20150409_gudn,0,0,0,0,0.0,,,,0.0,,,2015,2014-15,Reedley,reedley,alancrowleymfft,Alan Crowley
Apr 10,home,Porterville,W,11-0,11,0,11,win,20150410_966u,0,0,0,0,0.0,,,,0.0,,,2015,2014-15,Reedley,reedley,alancrowleymfft,Alan Crowley
Apr 11,home,Porterville,W,7-2,7,2,5,win,20150411_204e,0,0,0,0,0.0,,,,0.0,,,2015,2014-15,Reedley,reedley,alancrowleymfft,Alan Crowley
Apr 14,home,Merced,L,10-5,10,5,5,win,20150414_j11g,0,0,0,0,0.0,,,,0.0,,,2015,2014-15,Reedley,reedley,alancrowleymfft,Alan Crowley
Apr 16,home,Porterville,W,7-4,7,4,3,win,20150416_t3eo,0,0,0,0,0.0,,,,0.0,,,2015,2014-15,Reedley,reedley,alancrowleymfft,Alan Crowley
Apr 18,home,Fresno City,W,9-6,9,6,3,win,20150418_6p1k,0,0,0,0,0.0,,,,0.0,,,2015,2014-15,Reedley,reedley,alancrowleymfft,Alan Crowley
Apr 19,home,West Hills Coalinga,W,14-4,14,4,10,win,20150419_2l75,0,0,0,0,0.0,,,,0.0,,,2015,2014-15,Reedley,reedley,alancrowleymfft,Alan Crowley
Apr 23,home,Taft,L,4-2,4,2,2,win,20150423_39h3,0,0,0,0,0.0,,,,0.0,,,2015,2014-15,Reedley,reedley,alancrowleymfft,Alan Crowley
Apr 24,home,Sequoias,L,5-2,5,2,3,win,20150424_gh13,0,0,0,0,0.0,,,,0.0,,,2015,2014-15,Reedley,reedley,alancrowleymfft,Alan Crowley
Jan 29,home,American River,W,9-5,9,5,4,win,20150129_5wxp,0,0,0,0,0.0,,,,0.0,,,2015,2014-15,West Valley,westvalley,reedvandiemensr4k,Reed Van diemen
Feb 7,home,San Joaquin  Delta,L,12-6,12,6,6,win,20150207_67yl,0,0,0,0,0.0,,,,0.0,,,2015,2014-15,West Valley,westvalley,reedvandiemensr4k,Reed Van diemen
Feb 11,home,Diablo Valley,W,5-0,5,0,5,win,20150211_rq0u,0,0,0,0,0.0,,,,0.0,,,2015,2014-15,West Valley,westvalley,reedvandiemensr4k,Reed Van diemen
Feb 14,home,Yuba,W,9-3,9,3,6,win,20150214_rdzh,0,0,0,0,0.0,,,,0.0,,,2015,2014-15,West Valley,westvalley,reedvandiemensr4k,Reed Van diemen
Apr 11,home,Chabot,L,21-9,21,9,12,win,20150411_9xwn,0,0,0,0,0.0,,,,0.0,,,2015,2014-15,West Valley,westvalley,reedvandiemensr4k,Reed Van diemen
Apr 14,home,De Anza,W,2-1,2,1,1,win,20150414_lvt9,0,0,0,0,0.0,,,,0.0,,,2015,2014-15,West Valley,westvalley,reedvandiemensr4k,Reed Van diemen
Apr 18,home,San Mateo,L,9-5,9,5,4,win,20150418_73r6,0,0,0,0,0.0,,,,0.0,,,2015,2014-15,West Valley,westvalley,reedvandiemensr4k,Reed Van diemen
Apr 21,home,Mission,L,9-6,9,6,3,win,20150421_oh1h,0,0,0,0,0.0,,,,0.0,,,2015,2014-15,West Valley,westvalley,reedvandiemensr4k,Reed Van diemen
Apr 23,home,Cabrillo,L,15-10,15,10,5,win,20150423_uvbt,0,0,0,0,0.0,,,,0.0,,,2015,2014-15,West Valley,westvalley,reedvandiemensr4k,Reed Van diemen
Jan 29,home,Mendocino,L,5-4,5,4,1,win,20150129_99bb,0,0,0,0,0.0,,,,0.0,,,2015,2014-15,Redwoods,redwoods,coletonbettsaze7,Coleton Betts
Jan 31,home,Mendocino,W,13-1,13,1,12,win,20150131_hfeo,0,0,0,0,0.0,,,,0.0,,,2015,2014-15,Redwoods,redwoods,coletonbettsaze7,Coleton Betts
Feb 13,home,Modesto,W,16-3,16,3,13,win,20150213_ze0p,0,0,0,0,0.0,,,,0.0,,,2015,2014-15,Redwoods,redwoods,coletonbettsaze7,Coleton Betts
Feb 15,home,Skyline,L,7-6,7,6,1,win,20150215_3mbp,0,0,0,0,0.0,,,,0.0,,,2015,2014-15,Redwoods,redwoods,coletonbettsaze7,Coleton Betts
Feb 19,home,Yuba,L,5-2,5,2,3,win,20150219_yj0c,0,0,0,0,0.0,,,,0.0,,,2015,2014-15,Redwoods,redwoods,coletonbettsaze7,Coleton Betts
Feb 20,home,Yuba,L,10-2,10,2,8,win,20150220_k6c5,0,0,0,0,0.0,,,,0.0,,,2015,2014-15,Redwoods,redwoods,coletonbettsaze7,Coleton Betts
Feb 27,home,Butte,L,11-3,11,3,8,win,20150227_nf32,0,0,0,0,0.0,,,,0.0,,,2015,2014-15,Redwoods,redwoods,coletonbettsaze7,Coleton Betts
Feb 28,home,Butte,L,15-10,15,10,5,win,20150228_5nxe,0,0,0,0,0.0,,,,0.0,,,2015,2014-15,Redwoods,redwoods,coletonbettsaze7,Coleton Betts
Mar 6,home,Feather River,L,20-1,20,1,19,win,20150306_fa6w,0,0,0,0,0.0,,,,0.0,,,2015,2014-15,Redwoods,redwoods,coletonbettsaze7,Coleton Betts
Mar 7,home,Feather River,L,12-8,12,8,4,win,20150307_9d9n,0,0,0,0,0.0,,,,0.0,,,2015,2014-15,Redwoods,redwoods,coletonbettsaze7,Coleton Betts
Mar 13,home,Siskiyous,L,7-6,7,6,1,win,20150313_rpb6,0,0,0,0,0.0,,,,0.0,,,2015,2014-15,Redwoods,redwoods,coletonbettsaze7,Coleton Betts
Mar 14,home,Siskiyous,L,6-5,6,5,1,win,20150314_6qwe,0,0,0,0,0.0,,,,0.0,,,2015,2014-15,Redwoods,redwoods,coletonbettsaze7,Coleton Betts
Mar 20,home,Shasta,L,8-0,8,0,8,win,20150320_7eu9,0,0,0,0,0.0,,,,0.0,,,2015,2014-15,Redwoods,redwoods,coletonbettsaze7,Coleton Betts
Mar 27,home,Lassen,L,21-8,21,8,13,win,20150327_toe5,0,0,0,0,0.0,,,,0.0,,,2015,2014-15,Redwoods,redwoods,coletonbettsaze7,Coleton Betts
Apr 3,home,Butte,W,6-5,6,5,1,win,20150403_a023,0,0,0,0,0.0,,,,0.0,,,2015,2014-15,Redwoods,redwoods,coletonbettsaze7,Coleton Betts
Apr 9,home,Feather River,L,8-4,8,4,4,win,20150409_qzvs,0,0,0,0,0.0,,,,0.0,,,2015,2014-15,Redwoods,redwoods,coletonbettsaze7,Coleton Betts
Apr 18,home,Shasta,L,3-2,3,2,1,win,20150418_f31f,0,0,0,0,0.0,,,,0.0,,,2015,2014-15,Redwoods,redwoods,coletonbettsaze7,Coleton Betts
Apr 23,home,Lassen,L,6-5,6,5,1,win,20150423_1cj0,0,0,0,0,0.0,,,,0.0,,,2015,2014-15,Redwoods,redwoods,coletonbettsaze7,Coleton Betts
Jan 29,home,Mendocino,L,5-4,5,4,1,win,20150129_99bb,0,0,0,0,2.1,2.0,1.0,,0.0,1.0,,2015,2014-15,Redwoods,redwoods,williamsangsterof3j,William Sangster
Jan 31,home,Mendocino,L,4-3,4,3,1,win,20150131_m1ou,0,0,0,0,0.0,,,,0.0,,,2015,2014-15,Redwoods,redwoods,williamsangsterof3j,William Sangster
Jan 31,home,Mendocino,W,13-1,13,1,12,win,20150131_hfeo,0,0,0,0,1.0,,,,0.0,,,2015,2014-15,Redwoods,redwoods,williamsangsterof3j,William Sangster
Feb 15,home,Skyline,L,7-6,7,6,1,win,20150215_3mbp,0,0,1,0,1.0,3.0,2.0,1.0,9.0,1.0,,2015,2014-15,Redwoods,redwoods,williamsangsterof3j,William Sangster
Feb 20,home,Yuba,L,6-2,6,2,4,win,20150220_w0qb,1,0,1,0,5.2,6.0,4.0,4.0,6.35,3.0,2.0,2015,2014-15,Redwoods,redwoods,williamsangsterof3j,William Sangster
Feb 28,home,Butte,L,10-0,10,0,10,win,20150228_rskn,0,0,0,0,0.0,,,,0.0,,,2015,2014-15,Redwoods,redwoods,williamsangsterof3j,William Sangster
Feb 28,home,Butte,L,15-10,15,10,5,win,20150228_5nxe,0,0,0,0,0.1,1.0,1.0,,0.0,1.0,,2015,2014-15,Redwoods,redwoods,williamsangsterof3j,William Sangster
Mar 6,home,Feather River,L,7-0,7,0,7,win,20150306_qmnt,0,0,0,0,3.0,3.0,2.0,1.0,3.0,,1.0,2015,2014-15,Redwoods,redwoods,williamsangsterof3j,William Sangster
Mar 7,home,Feather River,L,12-8,12,8,4,win,20150307_9d9n,0,0,0,0,3.2,4.0,1.0,1.0,2.45,,2.0,2015,2014-15,Redwoods,redwoods,williamsangsterof3j,William Sangster
Mar 13,home,Siskiyous,L,7-6,7,6,1,win,20150313_rpb6,1,0,1,0,6.0,10.0,7.0,6.0,9.0,1.0,2.0,2015,2014-15,Redwoods,redwoods,williamsangsterof3j,William Sangster
Mar 20,home,Shasta,L,8-0,8,0,8,win,20150320_7eu9,1,0,1,0,5.2,6.0,4.0,4.0,6.35,4.0,4.0,2015,2014-15,Redwoods,redwoods,williamsangsterof3j,William Sangster
Mar 27,home,Lassen,L,21-8,21,8,13,win,20150327_toe5,0,0,0,0,0.0,,,,0.0,,,2015,2014-15,Redwoods,redwoods,williamsangsterof3j,William Sangster
Mar 28,home,Lassen,L,11-3,11,3,8,win,20150328_8wod,1,0,1,0,2.1,8.0,6.0,6.0,23.14,1.0,0.0,2015,2014-15,Redwoods,redwoods,williamsangsterof3j,William Sangster
Apr 3,home,Butte,L,7-0,7,0,7,win,20150403_ibj9,0,0,0,0,0.0,,,,0.0,,,2015,2014-15,Redwoods,redwoods,williamsangsterof3j,William Sangster
Apr 3,home,Butte,W,6-5,6,5,1,win,20150403_a023,1,0,0,0,5.0,9.0,4.0,2.0,3.6,2.0,2.0,2015,2014-15,Redwoods,redwoods,williamsangsterof3j,William Sangster
Apr 9,home,Feather River,L,8-4,8,4,4,win,20150409_qzvs,0,0,0,0,0.0,,,,0.0,,,2015,2014-15,Redwoods,redwoods,williamsangsterof3j,William Sangster
Apr 9,home,Feather River,L,4-3,4,3,1,win,20150409_1p26,0,0,0,0,0.0,,,,0.0,,,2015,2014-15,Redwoods,redwoods,williamsangsterof3j,William Sangster
Apr 13,home,Siskiyous,L,3-0,3,0,3,win,20150413_nr2s,0,0,0,0,0.0,,,,0.0,,,2015,2014-15,Redwoods,redwoods,williamsangsterof3j,William Sangster
Apr 18,home,Shasta,L,3-2,3,2,1,win,20150418_f31f,1,0,0,0,7.0,7.0,2.0,2.0,2.57,0.0,3.0,2015,2014-15,Redwoods,redwoods,williamsangsterof3j,William Sangster
Apr 23,home,Lassen,L,6-5,6,5,1,win,20150423_1cj0,0,0,0,0,0.0,,,,0.0,,,2015,2014-15,Redwoods,redwoods,williamsangsterof3j,William Sangster
Apr 23,home,Lassen,L,9-4,9,4,5,win,20150423_tv2m,1,0,1,0,3.2,10.0,5.0,5.0,12.27,1.0,3.0,2015,2014-15,Redwoods,redwoods,williamsangsterof3j,William Sangster
Jan 30,home,Palomar,L,3-2,3,2,1,win,20150130_r1ej,0,0,0,0,0.0,,,,0.0,,,2015,2014-15,Golden West,goldenwest,dillonpersingernr83,Dillon Persinger
Jan 31,home,Palomar,W,11-6,11,6,5,win,20150131_fvls,0,0,0,0,0.0,,,,0.0,,,2015,2014-15,Golden West,goldenwest,dillonpersingernr83,Dillon Persinger
Feb 5,home,Sequoias,W,7-3,7,3,4,win,20150205_a6uq,0,0,0,0,0.0,,,,0.0,,,2015,2014-15,Golden West,goldenwest,dillonpersingernr83,Dillon Persinger
Feb 6,home,Reedley,W,7-2,7,2,5,win,20150206_o7yk,0,0,0,0,0.0,,,,0.0,,,2015,2014-15,Golden West,goldenwest,dillonpersingernr83,Dillon Persinger
Feb 7,home,Hartnell,W,3-1,3,1,2,win,20150207_f1r5,0,0,0,0,0.0,,,,0.0,,,2015,2014-15,Golden West,goldenwest,dillonpersingernr83,Dillon Persinger
Feb 10,home,Cerritos,W,4-2,4,2,2,win,20150210_l5yf,0,0,0,0,0.0,,,,0.0,,,2015,2014-15,Golden West,goldenwest,dillonpersingernr83,Dillon Persinger
Feb 12,home,LA Harbor,L,6-2,6,2,4,win,20150212_ib9j,0,0,0,0,0.0,,,,0.0,,,2015,2014-15,Golden West,goldenwest,dillonpersingernr83,Dillon Persinger
Feb 13,home,LA Harbor,W,8-2,8,2,6,win,20150213_f8nf,0,0,0,0,0.0,,,,0.0,,,2015,2014-15,Golden West,goldenwest,dillonpersingernr83,Dillon Persinger
Feb 17,home,LA Harbor,L,6-1,6,1,5,win,20150217_iytz,0,0,0,0,0.0,,,,0.0,,,2015,2014-15,Golden West,goldenwest,dillonpersingernr83,Dillon Persinger
Feb 19,home,Bakersfield,W,4-2,4,2,2,win,20150219_ai2r,0,0,0,0,0.0,,,,0.0,,,2015,2014-15,Golden West,goldenwest,dillonpersingernr83,Dillon Persinger
Feb 20,home,Bakersfield,W,8-5,8,5,3,win,20150220_t7eh,0,0,0,0,0.0,,,,0.0,,,2015,2014-15,Golden West,goldenwest,dillonpersingernr83,Dillon Persinger
Feb 21,home,Bakersfield,L,7-6,7,6,1,win,20150221_zvsx,0,0,0,0,0.0,,,,0.0,,,2015,2014-15,Golden West,goldenwest,dillonpersingernr83,Dillon Persinger
Feb 24,home,Cerritos,L,3-2,3,2,1,win,20150224_iydm,0,0,0,0,0.0,,,,0.0,,,2015,2014-15,Golden West,goldenwest,dillonpersingernr83,Dillon Persinger
Feb 26,home,Cypress,W,7-6,7,6,1,win,20150226_pu3e,0,0,0,0,0.0,,,,0.0,,,2015,2014-15,Golden West,goldenwest,dillonpersingernr83,Dillon Persinger
Feb 28,home,Fullerton,L,7-4,7,4,3,win,20150228_evrf,0,0,0,0,0.0,,,,0.0,,,2015,2014-15,Golden West,goldenwest,dillonpersingernr83,Dillon Persinger
Mar 3,home,Saddleback,L,9-8,9,8,1,win,20150303_b3r5,0,0,0,0,0.0,,,,0.0,,,2015,2014-15,Golden West,goldenwest,dillonpersingernr83,Dillon Persinger
Mar 5,home,Irvine Valley,L,7-3,7,3,4,win,20150305_82mc,0,0,0,0,0.0,,,,0.0,,,2015,2014-15,Golden West,goldenwest,dillonpersingernr83,Dillon Persinger
Mar 7,home,Santa Ana,W,9-3,9,3,6,win,20150307_4ikn,0,0,0,0,0.0,,,,0.0,,,2015,2014-15,Golden West,goldenwest,dillonpersingernr83,Dillon Persinger
Mar 10,home,Orange Coast,W,5-4,5,4,1,win,20150310_b690,0,0,0,0,0.0,,,,0.0,,,2015,2014-15,Golden West,goldenwest,dillonpersingernr83,Dillon Persinger
Mar 12,home,Riverside,L,13-0,13,0,13,win,20150312_ugk6,0,0,0,0,0.0,,,,0.0,,,2015,2014-15,Golden West,goldenwest,dillonpersingernr83,Dillon Persinger
Mar 17,home,Cypress,W,5-4,5,4,1,win,20150317_k9qu,0,0,0,0,0.0,,,,0.0,,,2015,2014-15,Golden West,goldenwest,dillonpersingernr83,Dillon Persinger
Mar 19,home,Cypress,L,5-1,5,1,4,win,20150319_wg7p,0,0,0,0,0.0,,,,0.0,,,2015,2014-15,Golden West,goldenwest,dillonpersingernr83,Dillon Persinger
Mar 21,home,Fullerton,W,5-4,5,4,1,win,20150321_ssta,0,0,0,0,0.0,,,,0.0,,,2015,2014-15,Golden West,goldenwest,dillonpersingernr83,Dillon Persinger
Mar 24,home,Fullerton,L,12-6,12,6,6,win,20150324_4n5o,0,0,0,0,0.0,,,,0.0,,,2015,2014-15,Golden West,goldenwest,dillonpersingernr83,Dillon Persinger
Mar 26,home,Saddleback,W,5-2,5,2,3,win,20150326_v4ux,0,0,0,0,0.0,,,,0.0,,,2015,2014-15,Golden West,goldenwest,dillonpersingernr83,Dillon Persinger
Mar 27,home,Saddleback,W,7-1,7,1,6,win,20150327_76jd,0,0,0,0,0.0,,,,0.0,,,2015,2014-15,Golden West,goldenwest,dillonpersingernr83,Dillon Persinger
Mar 31,home,Chaffey,L,6-2,6,2,4,win,20150331_tymd,0,0,0,0,0.0,,,,0.0,,,2015,2014-15,Golden West,goldenwest,dillonpersingernr83,Dillon Persinger
Apr 2,home,Chaffey,L,6-5,6,5,1,win,20150402_1ikn,0,0,0,0,0.0,,,,0.0,,,2015,2014-15,Golden West,goldenwest,dillonpersingernr83,Dillon Persinger
Apr 7,home,Irvine Valley,W,15-0,15,0,15,win,20150407_bwyx,0,0,0,0,0.0,,,,0.0,,,2015,2014-15,Golden West,goldenwest,dillonpersingernr83,Dillon Persinger
Apr 9,home,Irvine Valley,W,2-1,2,1,1,win,20150409_u8uo,0,0,0,0,0.0,,,,0.0,,,2015,2014-15,Golden West,goldenwest,dillonpersingernr83,Dillon Persinger
Apr 11,home,Santa Ana,W,2-1,2,1,1,win,20150411_onqn,0,0,0,0,0.0,,,,0.0,,,2015,2014-15,Golden West,goldenwest,dillonpersingernr83,Dillon Persinger
Apr 14,home,Santa Ana,W,12-6,12,6,6,win,20150414_tvw9,0,0,0,0,0.0,,,,0.0,,,2015,2014-15,Golden West,goldenwest,dillonpersingernr83,Dillon Persinger
Apr 16,home,Orange Coast,W,5-4,5,4,1,win,20150416_m9hs,0,0,0,0,0.0,,,,0.0,,,2015,2014-15,Golden West,goldenwest,dillonpersingernr83,Dillon Persinger
Apr 17,home,Orange Coast,W,14-10,14,10,4,win,20150417_ygao,0,0,0,0,0.0,,,,0.0,,,2015,2014-15,Golden West,goldenwest,dillonpersingernr83,Dillon Persinger
Apr 21,home,Riverside,W,4-2,4,2,2,win,20150421_e3mk,0,0,0,0,0.0,,,,0.0,,,2015,2014-15,Golden West,goldenwest,dillonpersingernr83,Dillon Persinger
Apr 23,home,Riverside,W,5-1,5,1,4,win,20150423_giyt,0,0,0,0,0.0,,,,0.0,,,2015,2014-15,Golden West,goldenwest,dillonpersingernr83,Dillon Persinger
May 1,home,Cuesta,L,8-0,8,0,8,win,20150501_i0bn,0,0,0,0,0.0,,,,0.0,,,2015,2014-15,Golden West,goldenwest,dillonpersingernr83,Dillon Persinger
May 2,home,Cuesta,W,13-8,13,8,5,win,20150502_85s5,0,0,0,0,0.0,,,,0.0,,,2015,2014-15,Golden West,goldenwest,dillonpersingernr83,Dillon Persinger
May 2,home,Cuesta,W,6-5,6,5,1,win,20150502_coe6,0,0,0,0,0.0,,,,0.0,,,2015,2014-15,Golden West,goldenwest,dillonpersingernr83,Dillon Persinger
May 8,home,Saddleback,W,6-3,6,3,3,win,20150508_556a,0,0,0,0,0.0,,,,0.0,,,2015,2014-15,Golden West,goldenwest,dillonpersingernr83,Dillon Persinger
May 9,home,Saddleback,L,2-0,2,0,2,win,20150509_n6k9,0,0,0,0,0.0,,,,0.0,,,2015,2014-15,Golden West,goldenwest,dillonpersingernr83,Dillon Persinger
May 10,home,Saddleback,L,8-7,8,7,1,win,20150510_p3td,0,0,0,0,0.0,,,,0.0,,,2015,2014-15,Golden West,goldenwest,dillonpersingernr83,Dillon Persinger
Jan 27,home,Los Medanos,W,3-2,3,2,1,win,20150127_shm7,0,0,0,0,0.0,,,,0.0,,,2015,2014-15,Cabrillo,cabrillo,markortiz6aeh,Mark Ortiz
Jan 29,home,Diablo Valley,W,8-4,8,4,4,win,20150129_ttjc,0,0,0,0,0.0,,,,0.0,,,2015,2014-15,Cabrillo,cabrillo,markortiz6aeh,Mark Ortiz
Feb 5,home,Laney,W,7-3,7,3,4,win,20150205_cqna,0,0,0,0,0.0,,,,0.0,,,2015,2014-15,Cabrillo,cabrillo,markortiz6aeh,Mark Ortiz
Feb 9,home,Feather River,L,11-10,11,10,1,win,20150209_o3s5,0,0,0,0,0.0,,,,0.0,,,2015,2014-15,Cabrillo,cabrillo,markortiz6aeh,Mark Ortiz
Feb 12,home,West Valley,L,6-5,6,5,1,win,20150212_zyik,0,0,0,0,0.0,,,,0.0,,,2015,2014-15,Cabrillo,cabrillo,markortiz6aeh,Mark Ortiz
Feb 13,home,Yuba,W,10-7,10,7,3,win,20150213_g3ph,0,0,0,0,0.0,,,,0.0,,,2015,2014-15,Cabrillo,cabrillo,markortiz6aeh,Mark Ortiz
Feb 14,home,Feather River,W,7-6,7,6,1,win,20150214_55y7,0,0,0,0,0.0,,,,0.0,,,2015,2014-15,Cabrillo,cabrillo,markortiz6aeh,Mark Ortiz
Apr 9,home,Monterey,W,9-0,9,0,9,win,20150409_cxtz,0,0,0,0,0.2,0.0,0.0,0.0,0.0,0.0,1.0,2015,2014-15,Cabrillo,cabrillo,markortiz6aeh,Mark Ortiz
May 8,home,San Joaquin  Delta,L,11-0,11,0,11,win,20150508_1q9i,0,0,0,0,0.0,,,,0.0,,,2015,2014-15,Cabrillo,cabrillo,markortiz6aeh,Mark Ortiz
May 9,home,San Joaquin  Delta,L,8-2,8,2,6,win,20150509_7yq3,0,0,0,0,0.0,,,,0.0,,,2015,2014-15,Cabrillo,cabrillo,markortiz6aeh,Mark Ortiz
Mar 12,home,Riverside,L,13-0,13,0,13,win,20150312_ugk6,0,0,0,0,0.0,,,,0.0,,,2015,2014-15,Golden West,goldenwest,michaelcimino7n2b,Michael Cimino
Mar 24,home,Fullerton,L,12-6,12,6,6,win,20150324_4n5o,0,0,0,0,0.0,,,,0.0,,,2015,2014-15,Golden West,goldenwest,michaelcimino7n2b,Michael Cimino
Apr 7,home,Irvine Valley,W,15-0,15,0,15,win,20150407_bwyx,0,0,0,0,0.0,,,,0.0,,,2015,2014-15,Golden West,goldenwest,michaelcimino7n2b,Michael Cimino
Jan 27,home,Chaffey,W,6-5,6,5,1,win,20150127_7jrj,0,0,0,0,0.0,,,,0.0,,,2015,2014-15,San Diego City,sandiego,kikileyvakrcm,Kiki Leyva
Jan 30,home,Saddleback,L,13-5,13,5,8,win,20150130_dtb0,0,0,0,0,0.0,,,,0.0,,,2015,2014-15,San Diego City,sandiego,kikileyvakrcm,Kiki Leyva
Jan 31,home,Saddleback,L,8-0,8,0,8,win,20150131_6ct2,0,0,0,0,0.0,,,,0.0,,,2015,2014-15,San Diego City,sandiego,kikileyvakrcm,Kiki Leyva
Feb 3,home,West LA,W,4-3,4,3,1,win,20150203_c3ar,0,0,0,0,0.0,,,,0.0,,,2015,2014-15,San Diego City,sandiego,kikileyvakrcm,Kiki Leyva
Feb 6,home,Cerro Coso,W,6-1,6,1,5,win,20150206_cahu,0,0,0,0,0.0,,,,0.0,,,2015,2014-15,San Diego City,sandiego,kikileyvakrcm,Kiki Leyva
Feb 7,home,Irvine Valley,W,3-2,3,2,1,win,20150207_wzo2,0,0,0,0,0.0,,,,0.0,,,2015,2014-15,San Diego City,sandiego,kikileyvakrcm,Kiki Leyva
Feb 14,home,El Camino-Compton Center,L,6-3,6,3,3,win,20150214_c86d,0,0,0,0,0.0,,,,0.0,,,2015,2014-15,San Diego City,sandiego,kikileyvakrcm,Kiki Leyva
Feb 17,home,Irvine Valley,W,6-1,6,1,5,win,20150217_e72u,0,0,0,0,0.0,,,,0.0,,,2015,2014-15,San Diego City,sandiego,kikileyvakrcm,Kiki Leyva
Feb 19,home,West LA,W,2-1,2,1,1,win,20150219_r9hh,0,0,0,0,0.0,,,,0.0,,,2015,2014-15,San Diego City,sandiego,kikileyvakrcm,Kiki Leyva
Feb 21,home,Palomar,L,8-1,8,1,7,win,20150221_fivs,0,0,0,0,0.0,,,,0.0,,,2015,2014-15,San Diego City,sandiego,kikileyvakrcm,Kiki Leyva
Feb 24,home,Southwestern,W,6-0,6,0,6,win,20150224_nils,0,0,0,0,0.0,,,,0.0,,,2015,2014-15,San Diego City,sandiego,kikileyvakrcm,Kiki Leyva
Feb 26,home,San Diego Mesa,W,4-3,4,3,1,win,20150226_n4yt,0,0,0,0,0.0,,,,0.0,,,2015,2014-15,San Diego City,sandiego,kikileyvakrcm,Kiki Leyva
Mar 4,home,Grossmont,L,10-2,10,2,8,win,20150304_hnvp,0,0,0,0,0.0,,,,0.0,,,2015,2014-15,San Diego City,sandiego,kikileyvakrcm,Kiki Leyva
Mar 5,home,Imperial Valley,L,5-3,5,3,2,win,20150305_jl50,0,0,0,0,0.0,,,,0.0,,,2015,2014-15,San Diego City,sandiego,kikileyvakrcm,Kiki Leyva
Mar 7,home,Mt. San Jacinto,L,12-2,12,2,10,win,20150307_k2nd,0,0,0,0,0.0,,,,0.0,,,2015,2014-15,San Diego City,sandiego,kikileyvakrcm,Kiki Leyva
Mar 10,home,Palomar,L,1-0,1,0,1,win,20150310_z920,0,0,0,0,0.0,,,,0.0,,,2015,2014-15,San Diego City,sandiego,kikileyvakrcm,Kiki Leyva
Mar 12,home,Palomar,L,6-1,6,1,5,win,20150312_xfqa,0,0,0,0,0.0,,,,0.0,,,2015,2014-15,San Diego City,sandiego,kikileyvakrcm,Kiki Leyva
Mar 14,home,Palomar,L,10-6,10,6,4,win,20150314_j07u,0,0,0,0,0.0,,,,0.0,,,2015,2014-15,San Diego City,sandiego,kikileyvakrcm,Kiki Leyva
Mar 17,home,Southwestern,L,6-3,6,3,3,win,20150317_ahu2,0,0,0,0,0.0,,,,0.0,,,2015,2014-15,San Diego City,sandiego,kikileyvakrcm,Kiki Leyva
Mar 19,home,Southwestern,L,7-3,7,3,4,win,20150319_lrjy,0,0,0,0,0.0,,,,0.0,,,2015,2014-15,San Diego City,sandiego,kikileyvakrcm,Kiki Leyva
Mar 21,home,Southwestern,L,3-2,3,2,1,win,20150321_gb20,0,0,0,0,0.0,,,,0.0,,,2015,2014-15,San Diego City,sandiego,kikileyvakrcm,Kiki Leyva
Mar 24,home,San Diego Mesa,L,14-8,14,8,6,win,20150324_s8je,0,0,0,0,0.0,,,,0.0,,,2015,2014-15,San Diego City,sandiego,kikileyvakrcm,Kiki Leyva
Mar 26,home,San Diego Mesa,L,11-0,11,0,11,win,20150326_vbgu,0,0,0,0,0.0,,,,0.0,,,2015,2014-15,San Diego City,sandiego,kikileyvakrcm,Kiki Leyva
Mar 27,home,San Diego Mesa,L,4-2,4,2,2,win,20150327_2fv8,0,0,0,0,0.0,,,,0.0,,,2015,2014-15,San Diego City,sandiego,kikileyvakrcm,Kiki Leyva
Apr 9,home,Grossmont,W,6-5,6,5,1,win,20150409_ybwt,0,0,0,0,0.0,,,,0.0,,,2015,2014-15,San Diego City,sandiego,kikileyvakrcm,Kiki Leyva
Apr 10,home,Grossmont,L,6-2,6,2,4,win,20150410_k39j,0,0,0,0,0.0,,,,0.0,,,2015,2014-15,San Diego City,sandiego,kikileyvakrcm,Kiki Leyva
Apr 14,home,Imperial Valley,W,12-7,12,7,5,win,20150414_s13b,0,0,0,0,0.0,,,,0.0,,,2015,2014-15,San Diego City,sandiego,kikileyvakrcm,Kiki Leyva
Apr 16,home,Imperial Valley,W,7-6,7,6,1,win,20150416_34ea,0,0,0,0,0.0,,,,0.0,,,2015,2014-15,San Diego City,sandiego,kikileyvakrcm,Kiki Leyva
Jan 29,home,Sequoias,W,8-1,8,1,7,win,20150129_cijw,0,0,0,0,0.0,,,,0.0,,,2015,2014-15,El Camino,elcamino,angelmoraq9ec,Angel Mora
Jan 31,home,Porterville,W,9-1,9,1,8,win,20150131_zyby,0,0,0,0,0.0,,,,0.0,,,2015,2014-15,El Camino,elcamino,angelmoraq9ec,Angel Mora
Feb 10,home,San Bernardino,W,16-3,16,3,13,win,20150210_8ekt,0,0,0,0,0.0,,,,0.0,,,2015,2014-15,El Camino,elcamino,angelmoraq9ec,Angel Mora
Feb 12,home,San Bernardino,W,5-0,5,0,5,win,20150212_2rez,0,0,0,0,0.0,,,,0.0,,,2015,2014-15,El Camino,elcamino,angelmoraq9ec,Angel Mora
Feb 17,home,Barstow,W,6-0,6,0,6,win,20150217_c9ep,0,0,0,0,0.0,,,,0.0,,,2015,2014-15,El Camino,elcamino,angelmoraq9ec,Angel Mora
Feb 19,home,Imperial Valley,W,5-3,5,3,2,win,20150219_500q,0,0,0,0,0.0,,,,0.0,,,2015,2014-15,El Camino,elcamino,angelmoraq9ec,Angel Mora
Mar 14,home,El Camino-Compton Center,L,10-4,10,4,6,win,20150314_5akw,0,0,0,0,0.0,,,,0.0,,,2015,2014-15,El Camino,elcamino,angelmoraq9ec,Angel Mora
Mar 17,home,Pasadena,W,9-3,9,3,6,win,20150317_r2st,0,0,0,0,0.0,,,,0.0,,,2015,2014-15,El Camino,elcamino,angelmoraq9ec,Angel Mora
Mar 19,home,Pasadena,W,10-2,10,2,8,win,20150319_p5xk,0,0,0,0,0.0,,,,0.0,,,2015,2014-15,El Camino,elcamino,angelmoraq9ec,Angel Mora
Mar 28,home,Mt. San Antonio,W,6-1,6,1,5,win,20150328_d9ru,0,0,0,0,0.0,,,,0.0,,,2015,2014-15,El Camino,elcamino,angelmoraq9ec,Angel Mora
Mar 30,home,Antelope Valley,W,14-3,14,3,11,win,20150330_2bdv,0,0,0,0,0.0,,,,0.0,,,2015,2014-15,El Camino,elcamino,angelmoraq9ec,Angel Mora
Apr 16,home,Cerritos,L,10-2,10,2,8,win,20150416_e5ss,0,0,0,0,0.0,,,,0.0,,,2015,2014-15,El Camino,elcamino,angelmoraq9ec,Angel Mora
Apr 24,home,East Los Angeles,W,9-6,9,6,3,win,20150424_52mz,0,0,0,0,0.0,,,,0.0,,,2015,2014-15,El Camino,elcamino,angelmoraq9ec,Angel Mora
Jan 30,home,Santa Barbara,L,16-3,16,3,13,win,20150130_xre5,0,0,0,0,0.0,,,,0.0,,,2015,2014-15,Napa,napa,austinbarlowmcmo,Austin Barlow
Jan 31,home,Santa Barbara,L,4-3,4,3,1,win,20150131_co3t,1,0,0,0,5.0,5.0,3.0,2.0,3.6,2.0,3.0,2015,2014-15,Napa,napa,austinbarlowmcmo,Austin Barlow
Feb 5,home,Butte,W,6-5,6,5,1,win,20150205_of3h,0,0,0,0,2.2,5.0,3.0,3.0,10.13,1.0,1.0,2015,2014-15,Napa,napa,austinbarlowmcmo,Austin Barlow
Feb 13,home,San Francisco,W,2-0,2,0,2,win,20150213_lj6t,1,1,0,0,9.0,6.0,0.0,0.0,0.0,0.0,13.0,2015,2014-15,Napa,napa,austinbarlowmcmo,Austin Barlow
Feb 19,home,Shasta,L,5-3,5,3,2,win,20150219_8ec2,0,0,0,0,0.0,,,,0.0,,,2015,2014-15,Napa,napa,austinbarlowmcmo,Austin Barlow
Feb 20,home,Shasta,W,11-6,11,6,5,win,20150220_og3o,0,0,0,0,0.0,,,,0.0,,,2015,2014-15,Napa,napa,austinbarlowmcmo,Austin Barlow
Feb 21,home,Shasta,W,6-0,6,0,6,win,20150221_hfhn,1,1,0,0,7.0,6.0,0.0,0.0,0.0,0.0,9.0,2015,2014-15,Napa,napa,austinbarlowmcmo,Austin Barlow
Feb 24,home,Contra Costa,W,6-4,6,4,2,win,20150224_5m5z,0,0,0,0,0.0,,,,0.0,,,2015,2014-15,Napa,napa,austinbarlowmcmo,Austin Barlow
Feb 26,home,Contra Costa,L,8-2,8,2,6,win,20150226_esp7,0,0,0,0,0.0,,,,0.0,,,2015,2014-15,Napa,napa,austinbarlowmcmo,Austin Barlow
Feb 28,home,Laney,W,10-9,10,9,1,win,20150228_yhrx,1,0,0,0,5.0,5.0,6.0,4.0,7.2,2.0,4.0,2015,2014-15,Napa,napa,austinbarlowmcmo,Austin Barlow
Mar 3,home,Laney,W,4-3,4,3,1,win,20150303_hrdj,0,0,0,0,0.0,,,,0.0,,,2015,2014-15,Napa,napa,austinbarlowmcmo,Austin Barlow
Mar 5,home,Mendocino,W,5-0,5,0,5,win,20150305_kt6v,0,0,0,0,0.0,,,,0.0,,,2015,2014-15,Napa,napa,austinbarlowmcmo,Austin Barlow
Mar 7,home,Mendocino,W,11-3,11,3,8,win,20150307_77f6,1,1,0,0,7.0,8.0,2.0,2.0,2.57,0.0,4.0,2015,2014-15,Napa,napa,austinbarlowmcmo,Austin Barlow
Mar 14,home,Los Medanos,W,7-6,7,6,1,win,20150314_jcqz,0,0,0,0,0.0,,,,0.0,,,2015,2014-15,Napa,napa,austinbarlowmcmo,Austin Barlow
Mar 17,home,Los Medanos,W,4-0,4,0,4,win,20150317_3m3d,1,1,0,0,6.1,4.0,0.0,0.0,0.0,0.0,3.0,2015,2014-15,Napa,napa,austinbarlowmcmo,Austin Barlow
Mar 19,home,Marin,L,15-0,15,0,15,win,20150319_63zh,0,0,0,0,0.0,,,,0.0,,,2015,2014-15,Napa,napa,austinbarlowmcmo,Austin Barlow
Mar 21,home,Marin,L,12-6,12,6,6,win,20150321_xdvh,0,0,0,0,1.2,3.0,2.0,2.0,10.8,,1.0,2015,2014-15,Napa,napa,austinbarlowmcmo,Austin Barlow
Mar 24,home,Solano,W,10-3,10,3,7,win,20150324_j4na,1,1,0,0,6.2,8.0,2.0,0.0,0.0,0.0,3.0,2015,2014-15,Napa,napa,austinbarlowmcmo,Austin Barlow
Mar 31,home,Folsom Lake,W,3-0,3,0,3,win,20150331_uzqo,1,1,0,0,8.0,5.0,0.0,0.0,0.0,1.0,7.0,2015,2014-15,Napa,napa,austinbarlowmcmo,Austin Barlow
Apr 2,home,Yuba,W,5-3,5,3,2,win,20150402_cio7,0,0,0,0,0.0,,,,0.0,,,2015,2014-15,Napa,napa,austinbarlowmcmo,Austin Barlow
Apr 7,home,Contra Costa,W,16-3,16,3,13,win,20150407_zlf5,1,1,0,0,5.0,3.0,1.0,1.0,1.8,0.0,4.0,2015,2014-15,Napa,napa,austinbarlowmcmo,Austin Barlow
Apr 10,home,Mendocino,L,5-3,5,3,2,win,20150410_noyn,0,0,0,0,3.0,4.0,1.0,,0.0,1.0,2.0,2015,2014-15,Napa,napa,austinbarlowmcmo,Austin Barlow
Apr 13,home,Butte,L,17-14,17,14,3,win,20150413_e2kk,0,0,0,0,0.0,,,,0.0,,,2015,2014-15,Napa,napa,austinbarlowmcmo,Austin Barlow
Apr 16,home,Los Medanos,W,7-6,7,6,1,win,20150416_af6o,1,1,0,0,8.0,12.0,6.0,4.0,4.5,0.0,7.0,2015,2014-15,Napa,napa,austinbarlowmcmo,Austin Barlow
Apr 18,home,Marin,L,8-3,8,3,5,win,20150418_czj8,0,0,0,0,0.0,,,,0.0,,,2015,2014-15,Napa,napa,austinbarlowmcmo,Austin Barlow
Apr 21,home,Solano,L,15-12,15,12,3,win,20150421_rx5s,0,0,0,0,0.0,,,,0.0,,,2015,2014-15,Napa,napa,austinbarlowmcmo,Austin Barlow
Apr 23,home,Folsom Lake,W,10-4,10,4,6,win,20150423_fchi,0,0,0,0,0.0,,,,0.0,,,2015,2014-15,Napa,napa,austinbarlowmcmo,Austin Barlow
Apr 24,home,Yuba,L,4-1,4,1,3,win,20150424_zqtq,1,0,1,0,8.0,8.0,4.0,2.0,2.25,1.0,1.0,2015,2014-15,Napa,napa,austinbarlowmcmo,Austin Barlow
Jan 29,home,Laney,W,12-6,12,6,6,win,20150129_a9wz,0,0,0,0,0.0,,,,0.0,,,2015,2014-15,Skyline,skyline,philcaulfieldmzln,Phil Caulfield
Jan 31,home,Cosumnes River,W,6-5,6,5,1,win,20150131_7itl,0,0,0,0,0.0,,,,0.0,,,2015,2014-15,Skyline,skyline,philcaulfieldmzln,Phil Caulfield
Feb 3,home,Cosumnes River,L,11-6,11,6,5,win,20150203_7ev3,0,0,0,0,0.0,,,,0.0,,,2015,2014-15,Skyline,skyline,philcaulfieldmzln,Phil Caulfield
Feb 12,home,Shasta,W,14-7,14,7,7,win,20150212_nr7o,0,0,0,0,0.0,,,,0.0,,,2015,2014-15,Skyline,skyline,philcaulfieldmzln,Phil Caulfield
Feb 13,home,Shasta,L,11-7,11,7,4,win,20150213_6du8,0,0,0,0,0.0,,,,0.0,,,2015,2014-15,Skyline,skyline,philcaulfieldmzln,Phil Caulfield
Feb 14,home,Shasta,W,7-2,7,2,5,win,20150214_awn9,0,0,0,0,0.0,,,,0.0,,,2015,2014-15,Skyline,skyline,philcaulfieldmzln,Phil Caulfield
Feb 15,home,Redwoods,W,7-6,7,6,1,win,20150215_3mbp,0,0,0,0,0.0,,,,0.0,,,2015,2014-15,Skyline,skyline,philcaulfieldmzln,Phil Caulfield
Feb 19,home,San Diego Mesa,L,8-3,8,3,5,win,20150219_to8c,0,0,0,0,0.0,,,,0.0,,,2015,2014-15,Skyline,skyline,philcaulfieldmzln,Phil Caulfield
Feb 20,home,San Diego Mesa,W,5-3,5,3,2,win,20150220_zggm,0,0,0,0,0.0,,,,0.0,,,2015,2014-15,Skyline,skyline,philcaulfieldmzln,Phil Caulfield
Feb 26,home,Hartnell,W,10-3,10,3,7,win,20150226_8y77,0,0,0,0,0.0,,,,0.0,,,2015,2014-15,Skyline,skyline,philcaulfieldmzln,Phil Caulfield
Feb 27,home,San Francisco,W,2-1,2,1,1,win,20150227_n3oj,0,0,0,0,0.0,,,,0.0,,,2015,2014-15,Skyline,skyline,philcaulfieldmzln,Phil Caulfield
Feb 28,home,Mission,L,12-6,12,6,6,win,20150228_i3ie,0,0,0,0,0.0,,,,0.0,,,2015,2014-15,Skyline,skyline,philcaulfieldmzln,Phil Caulfield
Mar 3,home,Monterey,W,2-1,2,1,1,win,20150303_brup,0,0,0,0,0.0,,,,0.0,,,2015,2014-15,Skyline,skyline,philcaulfieldmzln,Phil Caulfield
Mar 5,home,Gavilan,W,3-2,3,2,1,win,20150305_cryd,0,0,0,0,0.0,,,,0.0,,,2015,2014-15,Skyline,skyline,philcaulfieldmzln,Phil Caulfield
Mar 7,home,Ohlone,L,3-2,3,2,1,win,20150307_it7z,0,0,0,0,0.0,,,,0.0,,,2015,2014-15,Skyline,skyline,philcaulfieldmzln,Phil Caulfield
Mar 10,home,Chabot,W,9-5,9,5,4,win,20150310_4zhc,0,0,0,0,0.0,,,,0.0,,,2015,2014-15,Skyline,skyline,philcaulfieldmzln,Phil Caulfield
Mar 12,home,Cabrillo,L,3-0,3,0,3,win,20150312_mgnd,0,0,0,0,0.0,,,,0.0,,,2015,2014-15,Skyline,skyline,philcaulfieldmzln,Phil Caulfield
Mar 14,home,Canada,L,8-1,8,1,7,win,20150314_dge9,0,0,0,0,0.0,,,,0.0,,,2015,2014-15,Skyline,skyline,philcaulfieldmzln,Phil Caulfield
Mar 17,home,West Valley,L,14-3,14,3,11,win,20150317_ix28,0,0,0,0,0.0,,,,0.0,,,2015,2014-15,Skyline,skyline,philcaulfieldmzln,Phil Caulfield
Mar 19,home,Ohlone,L,11-3,11,3,8,win,20150319_i9ba,0,0,0,0,0.0,,,,0.0,,,2015,2014-15,Skyline,skyline,philcaulfieldmzln,Phil Caulfield
Mar 21,home,Hartnell,W,4-0,4,0,4,win,20150321_awld,0,0,0,0,0.0,,,,0.0,,,2015,2014-15,Skyline,skyline,philcaulfieldmzln,Phil Caulfield
Mar 24,home,Canada,L,3-0,3,0,3,win,20150324_6e1k,0,0,0,0,0.0,,,,0.0,,,2015,2014-15,Skyline,skyline,philcaulfieldmzln,Phil Caulfield
Mar 26,home,Monterey,W,4-3,4,3,1,win,20150326_buvo,0,0,0,0,0.0,,,,0.0,,,2015,2014-15,Skyline,skyline,philcaulfieldmzln,Phil Caulfield
Mar 28,home,Cabrillo,W,7-3,7,3,4,win,20150328_7206,0,0,0,0,0.0,,,,0.0,,,2015,2014-15,Skyline,skyline,philcaulfieldmzln,Phil Caulfield
Mar 31,home,Mission,W,4-2,4,2,2,win,20150331_i5et,0,0,0,0,0.0,,,,0.0,,,2015,2014-15,Skyline,skyline,philcaulfieldmzln,Phil Caulfield
Apr 2,home,Gavilan,W,7-6,7,6,1,win,20150402_k9yn,0,0,0,0,0.0,,,,0.0,,,2015,2014-15,Skyline,skyline,philcaulfieldmzln,Phil Caulfield
Apr 4,home,De Anza,L,1-0,1,0,1,win,20150404_ib5a,0,0,0,0,0.0,,,,0.0,,,2015,2014-15,Skyline,skyline,philcaulfieldmzln,Phil Caulfield
Apr 7,home,San Francisco,W,11-4,11,4,7,win,20150407_e81i,0,0,0,0,0.0,,,,0.0,,,2015,2014-15,Skyline,skyline,philcaulfieldmzln,Phil Caulfield
Apr 9,home,Canada,L,3-2,3,2,1,win,20150409_wear,0,0,0,0,0.0,,,,0.0,,,2015,2014-15,Skyline,skyline,philcaulfieldmzln,Phil Caulfield
Apr 11,home,San Mateo,W,2-1,2,1,1,win,20150411_vbso,0,0,0,0,0.0,,,,0.0,,,2015,2014-15,Skyline,skyline,philcaulfieldmzln,Phil Caulfield
Apr 14,home,Ohlone,L,13-4,13,4,9,win,20150414_6lrp,0,0,0,0,0.0,,,,0.0,,,2015,2014-15,Skyline,skyline,philcaulfieldmzln,Phil Caulfield
Apr 16,home,Cabrillo,L,4-3,4,3,1,win,20150416_gbtc,0,0,0,0,0.0,,,,0.0,,,2015,2014-15,Skyline,skyline,philcaulfieldmzln,Phil Caulfield
Apr 21,home,Hartnell,W,5-3,5,3,2,win,20150421_jahm,0,0,0,0,0.0,,,,0.0,,,2015,2014-15,Skyline,skyline,philcaulfieldmzln,Phil Caulfield
Apr 23,home,Monterey,W,6-2,6,2,4,win,20150423_2nek,0,0,0,0,0.0,,,,0.0,,,2015,2014-15,Skyline,skyline,philcaulfieldmzln,Phil Caulfield
Apr 28,home,De Anza,W,3-1,3,1,2,win,20150428_w6h7,0,0,0,0,0.0,,,,0.0,,,2015,2014-15,Skyline,skyline,philcaulfieldmzln,Phil Caulfield
May 1,home,Fresno City,W,5-3,5,3,2,win,20150501_27to,0,0,0,0,0.0,,,,0.0,,,2015,2014-15,Skyline,skyline,philcaulfieldmzln,Phil Caulfield
May 2,home,Fresno City,L,16-6,16,6,10,win,20150502_mk3f,0,0,0,0,0.0,,,,0.0,,,2015,2014-15,Skyline,skyline,philcaulfieldmzln,Phil Caulfield
May 2,home,Fresno City,L,11-8,11,8,3,win,20150502_sraw,0,0,0,0,0.0,,,,0.0,,,2015,2014-15,Skyline,skyline,philcaulfieldmzln,Phil Caulfield
Jan 31,home,Mendocino,W,13-1,13,1,12,win,20150131_hfeo,0,0,0,0,0.0,,,,0.0,,,2015,2014-15,Redwoods,redwoods,dustincdeleon4jw3,Dustin C. Deleon
Feb 20,home,Yuba,L,10-2,10,2,8,win,20150220_k6c5,0,0,0,0,0.0,,,,0.0,,,2015,2014-15,Redwoods,redwoods,dustincdeleon4jw3,Dustin C. Deleon
Feb 27,home,Butte,L,11-3,11,3,8,win,20150227_nf32,0,0,0,0,0.0,,,,0.0,,,2015,2014-15,Redwoods,redwoods,dustincdeleon4jw3,Dustin C. Deleon
Feb 28,home,Butte,L,15-10,15,10,5,win,20150228_5nxe,0,0,0,0,0.0,,,,0.0,,,2015,2014-15,Redwoods,redwoods,dustincdeleon4jw3,Dustin C. Deleon
Mar 6,home,Feather River,L,20-1,20,1,19,win,20150306_fa6w,0,0,0,0,0.0,,,,0.0,,,2015,2014-15,Redwoods,redwoods,dustincdeleon4jw3,Dustin C. Deleon
Mar 13,home,Siskiyous,L,7-6,7,6,1,win,20150313_rpb6,0,0,0,0,0.0,,,,0.0,,,2015,2014-15,Redwoods,redwoods,dustincdeleon4jw3,Dustin C. Deleon
Mar 14,home,Siskiyous,L,6-5,6,5,1,win,20150314_6qwe,0,0,0,0,0.0,,,,0.0,,,2015,2014-15,Redwoods,redwoods,dustincdeleon4jw3,Dustin C. Deleon
Mar 20,home,Shasta,L,5-1,5,1,4,win,20150320_zxrh,0,0,0,0,0.0,,,,0.0,,,2015,2014-15,Redwoods,redwoods,dustincdeleon4jw3,Dustin C. Deleon
Mar 27,home,Lassen,L,21-8,21,8,13,win,20150327_toe5,0,0,0,0,0.0,,,,0.0,,,2015,2014-15,Redwoods,redwoods,dustincdeleon4jw3,Dustin C. Deleon
Mar 28,home,Lassen,L,11-3,11,3,8,win,20150328_8wod,0,0,0,0,0.0,,,,0.0,,,2015,2014-15,Redwoods,redwoods,dustincdeleon4jw3,Dustin C. Deleon
Jan 29,home,Cabrillo,L,8-4,8,4,4,win,20150129_ttjc,0,0,0,0,0.0,,,,0.0,,,2015,2014-15,Diablo Valley,diablovalley,markcastelluccihi81,Mark Castellucci
Jan 31,home,Merced,W,7-6,7,6,1,win,20150131_j4h5,0,0,0,0,0.0,,,,0.0,,,2015,2014-15,Diablo Valley,diablovalley,markcastelluccihi81,Mark Castellucci
Feb 3,home,San Mateo,L,1-0,1,0,1,win,20150203_x4de,0,0,0,0,0.0,,,,0.0,,,2015,2014-15,Diablo Valley,diablovalley,markcastelluccihi81,Mark Castellucci
Feb 4,home,Mendocino,L,6-5,6,5,1,win,20150204_wf87,0,0,0,0,0.0,,,,0.0,,,2015,2014-15,Diablo Valley,diablovalley,markcastelluccihi81,Mark Castellucci
Feb 10,home,Marin,L,7-3,7,3,4,win,20150210_apvo,0,0,0,0,0.0,,,,0.0,,,2015,2014-15,Diablo Valley,diablovalley,markcastelluccihi81,Mark Castellucci
Feb 11,home,West Valley,L,5-0,5,0,5,win,20150211_rq0u,0,0,0,0,0.0,,,,0.0,,,2015,2014-15,Diablo Valley,diablovalley,markcastelluccihi81,Mark Castellucci
Feb 12,home,Mission,W,4-3,4,3,1,win,20150212_qjz8,0,0,0,0,0.0,,,,0.0,,,2015,2014-15,Diablo Valley,diablovalley,markcastelluccihi81,Mark Castellucci
Feb 13,home,Laney,L,16-4,16,4,12,win,20150213_gm0a,0,0,0,0,0.0,,,,0.0,,,2015,2014-15,Diablo Valley,diablovalley,markcastelluccihi81,Mark Castellucci
Feb 17,home,Los Medanos,L,6-4,6,4,2,win,20150217_vxqo,0,0,0,0,0.0,,,,0.0,,,2015,2014-15,Diablo Valley,diablovalley,markcastelluccihi81,Mark Castellucci
Feb 19,home,Los Medanos,L,6-5,6,5,1,win,20150219_56ty,0,0,0,0,0.0,,,,0.0,,,2015,2014-15,Diablo Valley,diablovalley,markcastelluccihi81,Mark Castellucci
Feb 21,home,Marin,L,7-6,7,6,1,win,20150221_bnll,0,0,0,0,0.0,,,,0.0,,,2015,2014-15,Diablo Valley,diablovalley,markcastelluccihi81,Mark Castellucci
Feb 26,home,American River,W,6-4,6,4,2,win,20150226_736p,0,0,0,0,0.0,,,,0.0,,,2015,2014-15,Diablo Valley,diablovalley,markcastelluccihi81,Mark Castellucci
Mar 3,home,Sacramento City,L,14-4,14,4,10,win,20150303_f5ch,0,0,0,0,0.0,,,,0.0,,,2015,2014-15,Diablo Valley,diablovalley,markcastelluccihi81,Mark Castellucci
Mar 5,home,Santa Rosa,L,4-1,4,1,3,win,20150305_2pts,0,0,0,0,0.0,,,,0.0,,,2015,2014-15,Diablo Valley,diablovalley,markcastelluccihi81,Mark Castellucci
Mar 6,home,American River,L,4-3,4,3,1,win,20150306_ptlm,0,0,0,0,0.0,,,,0.0,,,2015,2014-15,Diablo Valley,diablovalley,markcastelluccihi81,Mark Castellucci
Mar 10,home,Modesto,W,8-7,8,7,1,win,20150310_mzzp,0,0,0,0,0.0,,,,0.0,,,2015,2014-15,Diablo Valley,diablovalley,markcastelluccihi81,Mark Castellucci
Mar 12,home,Modesto,W,5-4,5,4,1,win,20150312_w259,0,0,0,0,0.0,,,,0.0,,,2015,2014-15,Diablo Valley,diablovalley,markcastelluccihi81,Mark Castellucci
Mar 14,home,Modesto,W,8-6,8,6,2,win,20150314_t7tq,0,0,0,0,0.0,,,,0.0,,,2015,2014-15,Diablo Valley,diablovalley,markcastelluccihi81,Mark Castellucci
Mar 17,home,Sierra,L,7-3,7,3,4,win,20150317_da0f,0,0,0,0,0.0,,,,0.0,,,2015,2014-15,Diablo Valley,diablovalley,markcastelluccihi81,Mark Castellucci
Mar 19,home,Sierra,W,4-2,4,2,2,win,20150319_t8vw,0,0,0,0,0.0,,,,0.0,,,2015,2014-15,Diablo Valley,diablovalley,markcastelluccihi81,Mark Castellucci
Mar 20,home,Sierra,L,3-0,3,0,3,win,20150320_5klk,0,0,0,0,0.0,,,,0.0,,,2015,2014-15,Diablo Valley,diablovalley,markcastelluccihi81,Mark Castellucci
Mar 24,home,Santa Rosa,L,5-4,5,4,1,win,20150324_zdvg,0,0,0,0,0.0,,,,0.0,,,2015,2014-15,Diablo Valley,diablovalley,markcastelluccihi81,Mark Castellucci
Mar 26,home,Santa Rosa,L,11-5,11,5,6,win,20150326_fj6n,0,0,0,0,0.0,,,,0.0,,,2015,2014-15,Diablo Valley,diablovalley,markcastelluccihi81,Mark Castellucci
Mar 27,home,Santa Rosa,L,8-2,8,2,6,win,20150327_3hwl,0,0,0,0,0.0,,,,0.0,,,2015,2014-15,Diablo Valley,diablovalley,markcastelluccihi81,Mark Castellucci
Mar 31,home,Sacramento City,L,4-1,4,1,3,win,20150331_971e,0,0,0,0,0.0,,,,0.0,,,2015,2014-15,Diablo Valley,diablovalley,markcastelluccihi81,Mark Castellucci
Apr 2,home,Sacramento City,L,6-4,6,4,2,win,20150402_0uvv,0,0,0,0,0.0,,,,0.0,,,2015,2014-15,Diablo Valley,diablovalley,markcastelluccihi81,Mark Castellucci
Apr 4,home,Sacramento City,L,10-6,10,6,4,win,20150404_9hqa,0,0,0,0,0.0,,,,0.0,,,2015,2014-15,Diablo Valley,diablovalley,markcastelluccihi81,Mark Castellucci
Apr 8,home,Cosumnes River,L,2-0,2,0,2,win,20150408_5nxc,0,0,0,0,0.0,,,,0.0,,,2015,2014-15,Diablo Valley,diablovalley,markcastelluccihi81,Mark Castellucci
Apr 11,home,Cosumnes River,L,12-4,12,4,8,win,20150411_vccl,0,0,0,0,0.0,,,,0.0,,,2015,2014-15,Diablo Valley,diablovalley,markcastelluccihi81,Mark Castellucci
Apr 14,home,San Joaquin  Delta,L,8-2,8,2,6,win,20150414_as94,0,0,0,0,0.0,,,,0.0,,,2015,2014-15,Diablo Valley,diablovalley,markcastelluccihi81,Mark Castellucci
Apr 16,home,San Joaquin  Delta,L,7-0,7,0,7,win,20150416_tl2k,0,0,0,0,0.0,,,,0.0,,,2015,2014-15,Diablo Valley,diablovalley,markcastelluccihi81,Mark Castellucci
Apr 17,home,San Joaquin  Delta,L,1-0,1,0,1,win,20150417_ftss,0,0,0,0,0.0,,,,0.0,,,2015,2014-15,Diablo Valley,diablovalley,markcastelluccihi81,Mark Castellucci
Apr 21,home,American River,L,4-1,4,1,3,win,20150421_s4y3,0,0,0,0,0.0,,,,0.0,,,2015,2014-15,Diablo Valley,diablovalley,markcastelluccihi81,Mark Castellucci
Apr 23,home,American River,W,15-7,15,7,8,win,20150423_2ccc,0,0,0,0,0.0,,,,0.0,,,2015,2014-15,Diablo Valley,diablovalley,markcastelluccihi81,Mark Castellucci
Apr 24,home,American River,L,9-8,9,8,1,win,20150424_ww5s,0,0,0,0,0.0,,,,0.0,,,2015,2014-15,Diablo Valley,diablovalley,markcastelluccihi81,Mark Castellucci
Jan 27,home,Cypress,L,7-3,7,3,4,win,20150127_n9zn,0,0,0,0,0.0,,,,0.0,,,2015,2014-15,Grossmont,grossmont,blewismtzn,B Lewis
Jan 30,home,Victor Valley,W,7-4,7,4,3,win,20150130_prww,0,0,0,0,0.0,,,,0.0,,,2015,2014-15,Grossmont,grossmont,blewismtzn,B Lewis
Jan 31,home,Long Beach,W,7-0,7,0,7,win,20150131_dmk2,0,0,0,0,0.0,,,,0.0,,,2015,2014-15,Grossmont,grossmont,blewismtzn,B Lewis
Feb 3,home,Long Beach,W,6-3,6,3,3,win,20150203_plrl,0,0,0,0,0.0,,,,0.0,,,2015,2014-15,Grossmont,grossmont,blewismtzn,B Lewis
Feb 5,home,Fullerton,L,22-3,22,3,19,win,20150205_r1ib,0,0,0,0,0.0,,,,0.0,,,2015,2014-15,Grossmont,grossmont,blewismtzn,B Lewis
Feb 6,home,LA Harbor,W,5-3,5,3,2,win,20150206_q7le,0,0,0,0,0.0,,,,0.0,,,2015,2014-15,Grossmont,grossmont,blewismtzn,B Lewis
Feb 7,home,Chaffey,L,3-1,3,1,2,win,20150207_hc1j,0,0,0,0,0.0,,,,0.0,,,2015,2014-15,Grossmont,grossmont,blewismtzn,B Lewis
Feb 10,home,Santa Ana,L,11-10,11,10,1,win,20150210_llg1,0,0,0,0,0.0,,,,0.0,,,2015,2014-15,Grossmont,grossmont,blewismtzn,B Lewis
Feb 14,home,Chaffey,W,3-2,3,2,1,win,20150214_wgc2,0,0,0,0,0.0,,,,0.0,,,2015,2014-15,Grossmont,grossmont,blewismtzn,B Lewis
Feb 17,home,West LA,W,5-0,5,0,5,win,20150217_ooup,0,0,0,0,0.0,,,,0.0,,,2015,2014-15,Grossmont,grossmont,blewismtzn,B Lewis
Feb 20,home,East Los Angeles,L,5-3,5,3,2,win,20150220_zj06,0,0,0,0,0.0,,,,0.0,,,2015,2014-15,Grossmont,grossmont,blewismtzn,B Lewis
Feb 21,home,LA Harbor,L,22-12,22,12,10,win,20150221_ujsj,0,0,0,0,0.0,,,,0.0,,,2015,2014-15,Grossmont,grossmont,blewismtzn,B Lewis
Feb 24,home,Imperial Valley,W,8-4,8,4,4,win,20150224_8vh8,0,0,0,0,0.0,,,,0.0,,,2015,2014-15,Grossmont,grossmont,blewismtzn,B Lewis
Feb 26,home,Southwestern,L,3-2,3,2,1,win,20150226_o1yl,0,0,0,0,0.0,,,,0.0,,,2015,2014-15,Grossmont,grossmont,blewismtzn,B Lewis
Feb 27,home,Mt. San Jacinto,L,10-2,10,2,8,win,20150227_8snh,0,0,0,0,0.0,,,,0.0,,,2015,2014-15,Grossmont,grossmont,blewismtzn,B Lewis
Mar 4,home,San Diego City,W,10-2,10,2,8,win,20150304_hnvp,1,0,0,0,3.0,1.0,0.0,0.0,0.0,2.0,4.0,2015,2014-15,Grossmont,grossmont,blewismtzn,B Lewis
Mar 5,home,Palomar,L,4-3,4,3,1,win,20150305_1buo,0,0,0,0,0.0,,,,0.0,,,2015,2014-15,Grossmont,grossmont,blewismtzn,B Lewis
Mar 7,home,San Diego Mesa,W,6-5,6,5,1,win,20150307_iy38,0,0,0,0,0.0,,,,0.0,,,2015,2014-15,Grossmont,grossmont,blewismtzn,B Lewis
Mar 17,home,Imperial Valley,L,10-9,10,9,1,win,20150317_loc3,1,0,0,0,3.0,2.0,1.0,1.0,3.0,3.0,2.0,2015,2014-15,Grossmont,grossmont,blewismtzn,B Lewis
Mar 20,home,Imperial Valley,W,7-4,7,4,3,win,20150320_n7us,0,0,0,0,0.0,,,,0.0,,,2015,2014-15,Grossmont,grossmont,blewismtzn,B Lewis
Mar 24,home,Southwestern,L,5-2,5,2,3,win,20150324_suh6,0,0,1,0,0.2,2.0,3.0,1.0,13.5,1.0,,2015,2014-15,Grossmont,grossmont,blewismtzn,B Lewis
Mar 26,home,Southwestern,L,5-4,5,4,1,win,20150326_a0mu,0,0,0,0,0.0,,,,0.0,,,2015,2014-15,Grossmont,grossmont,blewismtzn,B Lewis
Mar 31,home,Mt. San Jacinto,W,9-8,9,8,1,win,20150331_xpc6,0,0,0,0,1.0,2.0,2.0,2.0,18.0,,,2015,2014-15,Grossmont,grossmont,blewismtzn,B Lewis
Apr 3,home,Mt. San Jacinto,L,5-0,5,0,5,win,20150403_o101,0,0,0,0,0.0,,,,0.0,,,2015,2014-15,Grossmont,grossmont,blewismtzn,B Lewis
Apr 7,home,San Diego City,W,7-2,7,2,5,win,20150407_pozz,0,0,0,0,0.0,,,,0.0,,,2015,2014-15,Grossmont,grossmont,blewismtzn,B Lewis
Apr 9,home,San Diego City,L,6-5,6,5,1,win,20150409_ybwt,0,0,0,0,0.0,,,,0.0,,,2015,2014-15,Grossmont,grossmont,blewismtzn,B Lewis
Apr 10,home,San Diego City,W,6-2,6,2,4,win,20150410_k39j,0,0,0,0,1.0,,,,0.0,,1.0,2015,2014-15,Grossmont,grossmont,blewismtzn,B Lewis
Apr 14,home,Palomar,L,8-0,8,0,8,win,20150414_a8pt,0,0,0,0,0.0,2.0,3.0,3.0,inf,1.0,,2015,2014-15,Grossmont,grossmont,blewismtzn,B Lewis
Apr 17,home,Palomar,L,4-2,4,2,2,win,20150417_1zye,0,0,0,0,0.0,,,,0.0,,,2015,2014-15,Grossmont,grossmont,blewismtzn,B Lewis
Apr 21,home,San Diego Mesa,W,5-4,5,4,1,win,20150421_ubnm,0,0,0,0,0.0,,,,0.0,,,2015,2014-15,Grossmont,grossmont,blewismtzn,B Lewis
Apr 23,home,San Diego Mesa,W,10-3,10,3,7,win,20150423_afub,0,0,0,0,0.0,,,,0.0,,,2015,2014-15,Grossmont,grossmont,blewismtzn,B Lewis
Apr 24,home,San Diego Mesa,W,5-1,5,1,4,win,20150424_p8x8,0,0,0,0,0.0,,,,0.0,,,2015,2014-15,Grossmont,grossmont,blewismtzn,B Lewis
Jan 27,home,Glendale,W,6-5,6,5,1,win,20150127_bqi7,0,0,0,0,0.0,,,,0.0,,,2015,2014-15,Cerritos,cerritos,daniellopezo2u6,Daniel Lopez
Jan 29,home,Canyons,L,2-0,2,0,2,win,20150129_q9u1,0,0,0,0,0.0,,,,0.0,,,2015,2014-15,Cerritos,cerritos,daniellopezo2u6,Daniel Lopez
Jan 31,home,Citrus,W,14-6,14,6,8,win,20150131_cq3e,0,0,0,0,0.0,,,,0.0,,,2015,2014-15,Cerritos,cerritos,daniellopezo2u6,Daniel Lopez
Feb 5,home,Ventura,W,6-4,6,4,2,win,20150205_gcsf,0,0,0,0,0.0,,,,0.0,,,2015,2014-15,Cerritos,cerritos,daniellopezo2u6,Daniel Lopez
Feb 7,home,Santa Ana,W,2-0,2,0,2,win,20150207_ic3l,0,0,0,0,0.0,,,,0.0,,,2015,2014-15,Cerritos,cerritos,daniellopezo2u6,Daniel Lopez
Feb 10,home,Golden West,L,4-2,4,2,2,win,20150210_l5yf,0,0,0,0,0.0,,,,0.0,,,2015,2014-15,Cerritos,cerritos,daniellopezo2u6,Daniel Lopez
Feb 12,home,Mt. San Jacinto,L,5-3,5,3,2,win,20150212_aa3a,0,0,0,0,0.0,,,,0.0,,,2015,2014-15,Cerritos,cerritos,daniellopezo2u6,Daniel Lopez
Jan 27,home,Folsom Lake,L,5-4,5,4,1,win,20150127_hrxj,0,0,0,0,0.0,,,,0.0,,,2015,2014-15,Shasta,shasta,kodycorbell8j6l,Kody Corbell
Feb 4,home,American River,L,9-1,9,1,8,win,20150204_f3vd,0,0,0,0,0.0,,,,0.0,,,2015,2014-15,Shasta,shasta,kodycorbell8j6l,Kody Corbell
Feb 5,home,Sierra,W,8-0,8,0,8,win,20150205_zm8n,0,0,0,0,0.0,,,,0.0,,,2015,2014-15,Shasta,shasta,kodycorbell8j6l,Kody Corbell
Feb 12,home,Skyline,L,14-7,14,7,7,win,20150212_nr7o,0,0,0,0,0.0,,,,0.0,,,2015,2014-15,Shasta,shasta,kodycorbell8j6l,Kody Corbell
Feb 13,home,Skyline,W,11-7,11,7,4,win,20150213_6du8,0,0,0,0,0.0,,,,0.0,,,2015,2014-15,Shasta,shasta,kodycorbell8j6l,Kody Corbell
Feb 14,home,Skyline,L,7-2,7,2,5,win,20150214_awn9,0,0,0,0,0.0,,,,0.0,,,2015,2014-15,Shasta,shasta,kodycorbell8j6l,Kody Corbell
Feb 18,home,American River,L,17-6,17,6,11,win,20150218_ppf0,0,0,0,0,0.0,,,,0.0,,,2015,2014-15,Shasta,shasta,kodycorbell8j6l,Kody Corbell
Feb 19,home,Napa,W,5-3,5,3,2,win,20150219_8ec2,0,0,0,0,0.0,,,,0.0,,,2015,2014-15,Shasta,shasta,kodycorbell8j6l,Kody Corbell
Feb 20,home,Napa,L,11-6,11,6,5,win,20150220_og3o,0,0,0,0,0.0,,,,0.0,,,2015,2014-15,Shasta,shasta,kodycorbell8j6l,Kody Corbell
Feb 21,home,Napa,L,6-0,6,0,6,win,20150221_hfhn,0,0,0,0,0.0,,,,0.0,,,2015,2014-15,Shasta,shasta,kodycorbell8j6l,Kody Corbell
Feb 24,home,Cosumnes River,L,20-13,20,13,7,win,20150224_yrwb,0,0,0,0,0.0,,,,0.0,,,2015,2014-15,Shasta,shasta,kodycorbell8j6l,Kody Corbell
Feb 27,home,Lassen,L,14-2,14,2,12,win,20150227_ig47,0,0,0,0,0.0,,,,0.0,,,2015,2014-15,Shasta,shasta,kodycorbell8j6l,Kody Corbell
Feb 28,home,Lassen,W,12-2,12,2,10,win,20150228_46cl,0,0,0,0,0.0,,,,0.0,,,2015,2014-15,Shasta,shasta,kodycorbell8j6l,Kody Corbell
Feb 28,home,Lassen,L,6-2,6,2,4,win,20150228_l0uq,0,0,0,0,0.0,,,,0.0,,,2015,2014-15,Shasta,shasta,kodycorbell8j6l,Kody Corbell
Mar 4,home,Siskiyous,L,4-3,4,3,1,win,20150304_tvjv,0,0,0,0,0.0,,,,0.0,,,2015,2014-15,Shasta,shasta,kodycorbell8j6l,Kody Corbell
Mar 7,home,Siskiyous,W,6-5,6,5,1,win,20150307_xlxp,0,0,0,0,0.0,,,,0.0,,,2015,2014-15,Shasta,shasta,kodycorbell8j6l,Kody Corbell
Mar 7,home,Siskiyous,L,5-4,5,4,1,win,20150307_0ebw,0,0,0,0,0.0,,,,0.0,,,2015,2014-15,Shasta,shasta,kodycorbell8j6l,Kody Corbell
Mar 13,home,Butte,W,7-6,7,6,1,win,20150313_zdls,0,0,0,0,0.0,,,,0.0,,,2015,2014-15,Shasta,shasta,kodycorbell8j6l,Kody Corbell
Mar 14,home,Butte,L,11-4,11,4,7,win,20150314_89jr,0,0,0,0,0.0,,,,0.0,,,2015,2014-15,Shasta,shasta,kodycorbell8j6l,Kody Corbell
Mar 14,home,Butte,W,12-4,12,4,8,win,20150314_fqcm,0,0,0,0,0.0,,,,0.0,,,2015,2014-15,Shasta,shasta,kodycorbell8j6l,Kody Corbell
Mar 20,home,Redwoods,W,8-0,8,0,8,win,20150320_7eu9,0,0,0,0,0.0,,,,0.0,,,2015,2014-15,Shasta,shasta,kodycorbell8j6l,Kody Corbell
Mar 20,home,Redwoods,W,5-1,5,1,4,win,20150320_zxrh,0,0,0,0,0.0,,,,0.0,,,2015,2014-15,Shasta,shasta,kodycorbell8j6l,Kody Corbell
Mar 28,home,Feather River,L,7-2,7,2,5,win,20150328_th3d,0,0,0,0,0.0,,,,0.0,,,2015,2014-15,Shasta,shasta,kodycorbell8j6l,Kody Corbell
Mar 28,home,Feather River,L,11-5,11,5,6,win,20150328_m805,0,0,0,0,0.0,,,,0.0,,,2015,2014-15,Shasta,shasta,kodycorbell8j6l,Kody Corbell
Apr 9,home,Siskiyous,L,8-3,8,3,5,win,20150409_91jp,0,0,0,0,0.0,,,,0.0,,,2015,2014-15,Shasta,shasta,kodycorbell8j6l,Kody Corbell
Apr 9,home,Siskiyous,L,6-5,6,5,1,win,20150409_zgpd,0,0,0,0,0.0,,,,0.0,,,2015,2014-15,Shasta,shasta,kodycorbell8j6l,Kody Corbell
Apr 11,home,Butte,L,6-5,6,5,1,win,20150411_5e12,0,0,0,0,0.0,,,,0.0,,,2015,2014-15,Shasta,shasta,kodycorbell8j6l,Kody Corbell
Apr 11,home,Butte,L,11-7,11,7,4,win,20150411_i06c,0,0,0,0,0.0,,,,0.0,,,2015,2014-15,Shasta,shasta,kodycorbell8j6l,Kody Corbell
Apr 17,home,Redwoods,L,4-3,4,3,1,win,20150417_dgyt,0,0,0,0,0.0,,,,0.0,,,2015,2014-15,Shasta,shasta,kodycorbell8j6l,Kody Corbell
Apr 18,home,Redwoods,W,15-5,15,5,10,win,20150418_uj76,0,0,0,0,0.0,,,,0.0,,,2015,2014-15,Shasta,shasta,kodycorbell8j6l,Kody Corbell
Apr 18,home,Redwoods,W,3-2,3,2,1,win,20150418_f31f,0,0,0,0,0.0,,,,0.0,,,2015,2014-15,Shasta,shasta,kodycorbell8j6l,Kody Corbell
Apr 23,home,Feather River,L,15-4,15,4,11,win,20150423_j2ve,0,0,0,0,0.0,,,,0.0,,,2015,2014-15,Shasta,shasta,kodycorbell8j6l,Kody Corbell
Apr 23,home,Feather River,L,11-4,11,4,7,win,20150423_nfig,0,0,0,0,0.0,,,,0.0,,,2015,2014-15,Shasta,shasta,kodycorbell8j6l,Kody Corbell
Jan 27,home,Grossmont,W,7-3,7,3,4,win,20150127_n9zn,0,0,0,0,0.0,,,,0.0,,,2015,2014-15,Cypress,cypress,justindonovan6jan,Justin Donovan
Jan 30,home,Ventura,W,4-3,4,3,1,win,20150130_gopd,0,0,0,0,0.0,,,,0.0,,,2015,2014-15,Cypress,cypress,justindonovan6jan,Justin Donovan
Jan 31,home,Ventura,W,11-4,11,4,7,win,20150131_q00k,0,0,0,0,0.0,,,,0.0,,,2015,2014-15,Cypress,cypress,justindonovan6jan,Justin Donovan
Feb 5,home,San Bernardino,W,2-0,2,0,2,win,20150205_ml2m,0,0,0,0,0.0,,,,0.0,,,2015,2014-15,Cypress,cypress,justindonovan6jan,Justin Donovan
Feb 7,home,Palomar,W,8-7,8,7,1,win,20150207_jyfv,0,0,0,0,0.0,,,,0.0,,,2015,2014-15,Cypress,cypress,justindonovan6jan,Justin Donovan
Feb 10,home,Moorpark,L,10-4,10,4,6,win,20150210_bcqb,0,0,0,0,0.0,,,,0.0,,,2015,2014-15,Cypress,cypress,justindonovan6jan,Justin Donovan
Feb 13,home,Merced,W,21-1,21,1,20,win,20150213_41z9,0,0,0,0,0.0,,,,0.0,,,2015,2014-15,Cypress,cypress,justindonovan6jan,Justin Donovan
Feb 14,home,Merced,L,13-12,13,12,1,win,20150214_7zuj,0,0,0,0,0.0,,,,0.0,,,2015,2014-15,Cypress,cypress,justindonovan6jan,Justin Donovan
Feb 17,home,Desert,W,22-1,22,1,21,win,20150217_f0sh,0,0,0,0,0.0,,,,0.0,,,2015,2014-15,Cypress,cypress,justindonovan6jan,Justin Donovan
Feb 20,home,Glendale,W,11-3,11,3,8,win,20150220_74fi,0,0,0,0,0.0,,,,0.0,,,2015,2014-15,Cypress,cypress,justindonovan6jan,Justin Donovan
Feb 21,home,El Camino,W,6-5,6,5,1,win,20150221_geuz,0,0,0,0,0.0,,,,0.0,,,2015,2014-15,Cypress,cypress,justindonovan6jan,Justin Donovan
Feb 26,home,Golden West,L,7-6,7,6,1,win,20150226_pu3e,0,0,0,0,0.0,,,,0.0,,,2015,2014-15,Cypress,cypress,justindonovan6jan,Justin Donovan
Feb 28,home,Saddleback,W,10-3,10,3,7,win,20150228_z393,0,0,0,0,0.0,,,,0.0,,,2015,2014-15,Cypress,cypress,justindonovan6jan,Justin Donovan
Mar 3,home,Irvine Valley,W,5-0,5,0,5,win,20150303_xvpi,0,0,0,0,0.0,,,,0.0,,,2015,2014-15,Cypress,cypress,justindonovan6jan,Justin Donovan
Mar 7,home,Riverside,W,8-3,8,3,5,win,20150307_nyul,0,0,0,0,0.0,,,,0.0,,,2015,2014-15,Cypress,cypress,justindonovan6jan,Justin Donovan
Mar 10,home,Santa Ana,W,5-2,5,2,3,win,20150310_fxsq,0,0,0,0,0.0,,,,0.0,,,2015,2014-15,Cypress,cypress,justindonovan6jan,Justin Donovan
Mar 12,home,Fullerton,L,6-5,6,5,1,win,20150312_y0g2,0,0,0,0,0.0,,,,0.0,,,2015,2014-15,Cypress,cypress,justindonovan6jan,Justin Donovan
Mar 17,home,Golden West,L,5-4,5,4,1,win,20150317_k9qu,0,0,0,0,0.0,,,,0.0,,,2015,2014-15,Cypress,cypress,justindonovan6jan,Justin Donovan
Mar 19,home,Golden West,W,5-1,5,1,4,win,20150319_wg7p,0,0,0,0,0.0,,,,0.0,,,2015,2014-15,Cypress,cypress,justindonovan6jan,Justin Donovan
Mar 21,home,Saddleback,W,4-1,4,1,3,win,20150321_swz9,0,0,0,0,0.0,,,,0.0,,,2015,2014-15,Cypress,cypress,justindonovan6jan,Justin Donovan
Mar 24,home,Saddleback,W,3-1,3,1,2,win,20150324_3dej,0,0,0,0,0.0,,,,0.0,,,2015,2014-15,Cypress,cypress,justindonovan6jan,Justin Donovan
Mar 26,home,Irvine Valley,W,3-2,3,2,1,win,20150326_cp7i,0,0,0,0,0.0,,,,0.0,,,2015,2014-15,Cypress,cypress,justindonovan6jan,Justin Donovan
Mar 27,home,Irvine Valley,W,4-3,4,3,1,win,20150327_5809,0,0,0,0,0.0,,,,0.0,,,2015,2014-15,Cypress,cypress,justindonovan6jan,Justin Donovan
Mar 31,home,Cuesta,L,2-1,2,1,1,win,20150331_1ugz,0,0,0,0,0.0,,,,0.0,,,2015,2014-15,Cypress,cypress,justindonovan6jan,Justin Donovan
Apr 1,home,Fresno City,L,14-6,14,6,8,win,20150401_lmv2,0,0,0,0,0.0,,,,0.0,,,2015,2014-15,Cypress,cypress,justindonovan6jan,Justin Donovan
Apr 7,home,Orange Coast,W,15-9,15,9,6,win,20150407_2385,0,0,0,0,0.0,,,,0.0,,,2015,2014-15,Cypress,cypress,justindonovan6jan,Justin Donovan
Apr 9,home,Orange Coast,W,11-10,11,10,1,win,20150409_7qne,0,0,0,0,0.0,,,,0.0,,,2015,2014-15,Cypress,cypress,justindonovan6jan,Justin Donovan
Apr 11,home,Riverside,L,9-2,9,2,7,win,20150411_36ur,0,0,0,0,0.0,,,,0.0,,,2015,2014-15,Cypress,cypress,justindonovan6jan,Justin Donovan
Apr 14,home,Riverside,W,8-7,8,7,1,win,20150414_x9aj,0,0,0,0,0.0,,,,0.0,,,2015,2014-15,Cypress,cypress,justindonovan6jan,Justin Donovan
Apr 16,home,Santa Ana,W,12-1,12,1,11,win,20150416_j99p,0,0,0,0,0.0,,,,0.0,,,2015,2014-15,Cypress,cypress,justindonovan6jan,Justin Donovan
Apr 17,home,Santa Ana,L,18-5,18,5,13,win,20150417_rv4i,0,0,0,0,0.0,,,,0.0,,,2015,2014-15,Cypress,cypress,justindonovan6jan,Justin Donovan
Apr 21,home,Fullerton,L,4-1,4,1,3,win,20150421_mjza,0,0,0,0,0.0,,,,0.0,,,2015,2014-15,Cypress,cypress,justindonovan6jan,Justin Donovan
Apr 23,home,Fullerton,W,6-1,6,1,5,win,20150423_w78y,0,0,0,0,0.0,,,,0.0,,,2015,2014-15,Cypress,cypress,justindonovan6jan,Justin Donovan
May 1,home,Fullerton,L,6-5,6,5,1,win,20150501_aclw,0,0,0,0,0.0,,,,0.0,,,2015,2014-15,Cypress,cypress,justindonovan6jan,Justin Donovan
May 2,home,Fullerton,L,6-5,6,5,1,win,20150502_6nw9,0,0,0,0,0.0,,,,0.0,,,2015,2014-15,Cypress,cypress,justindonovan6jan,Justin Donovan
Jan 30,home,Napa,W,16-3,16,3,13,win,20150130_xre5,0,0,0,0,0.0,,,,0.0,,,2015,2014-15,Santa Barbara,santabarbara,spencererdmaninow,Spencer Erdman
Jan 31,home,Napa,W,4-0,4,0,4,win,20150131_2ly5,0,0,0,0,0.0,,,,0.0,,,2015,2014-15,Santa Barbara,santabarbara,spencererdmaninow,Spencer Erdman
Jan 31,home,Napa,W,4-3,4,3,1,win,20150131_co3t,0,0,0,0,0.0,,,,0.0,,,2015,2014-15,Santa Barbara,santabarbara,spencererdmaninow,Spencer Erdman
Feb 5,home,Glendale,W,6-5,6,5,1,win,20150205_799j,0,0,0,0,0.0,,,,0.0,,,2015,2014-15,Santa Barbara,santabarbara,spencererdmaninow,Spencer Erdman
Feb 7,home,Saddleback,W,8-5,8,5,3,win,20150207_es91,0,0,0,0,0.0,,,,0.0,,,2015,2014-15,Santa Barbara,santabarbara,spencererdmaninow,Spencer Erdman
Feb 7,home,Saddleback,L,7-1,7,1,6,win,20150207_vvh9,0,0,0,0,0.0,,,,0.0,,,2015,2014-15,Santa Barbara,santabarbara,spencererdmaninow,Spencer Erdman
Feb 10,home,East Los Angeles,W,4-1,4,1,3,win,20150210_hwnm,0,0,0,0,0.0,,,,0.0,,,2015,2014-15,Santa Barbara,santabarbara,spencererdmaninow,Spencer Erdman
Feb 12,home,East Los Angeles,W,5-0,5,0,5,win,20150212_755v,0,0,0,0,0.0,,,,0.0,,,2015,2014-15,Santa Barbara,santabarbara,spencererdmaninow,Spencer Erdman
Feb 14,home,Moorpark,W,8-3,8,3,5,win,20150214_wj0p,0,0,0,0,0.0,,,,0.0,,,2015,2014-15,Santa Barbara,santabarbara,spencererdmaninow,Spencer Erdman
Feb 17,home,Moorpark,W,17-0,17,0,17,win,20150217_loan,0,0,0,0,0.0,,,,0.0,,,2015,2014-15,Santa Barbara,santabarbara,spencererdmaninow,Spencer Erdman
Feb 19,home,Oxnard,W,4-3,4,3,1,win,20150219_9mu2,0,0,0,0,0.0,,,,0.0,,,2015,2014-15,Santa Barbara,santabarbara,spencererdmaninow,Spencer Erdman
Feb 21,home,Oxnard,L,6-2,6,2,4,win,20150221_e8yk,0,0,0,0,0.0,,,,0.0,,,2015,2014-15,Santa Barbara,santabarbara,spencererdmaninow,Spencer Erdman
Feb 24,home,Cuesta,W,4-0,4,0,4,win,20150224_j8wj,0,0,0,0,0.0,,,,0.0,,,2015,2014-15,Santa Barbara,santabarbara,spencererdmaninow,Spencer Erdman
Feb 26,home,Cuesta,L,3-0,3,0,3,win,20150226_jkhk,0,0,0,0,0.0,,,,0.0,,,2015,2014-15,Santa Barbara,santabarbara,spencererdmaninow,Spencer Erdman
Mar 5,home,LA Pierce,L,4-3,4,3,1,win,20150305_kscp,0,0,0,0,0.0,,,,0.0,,,2015,2014-15,Santa Barbara,santabarbara,spencererdmaninow,Spencer Erdman
Mar 7,home,LA Pierce,W,13-2,13,2,11,win,20150307_14fo,0,0,0,0,0.0,,,,0.0,,,2015,2014-15,Santa Barbara,santabarbara,spencererdmaninow,Spencer Erdman
Mar 10,home,Ventura,L,3-0,3,0,3,win,20150310_ikbu,0,0,0,0,0.0,,,,0.0,,,2015,2014-15,Santa Barbara,santabarbara,spencererdmaninow,Spencer Erdman
Mar 12,home,Ventura,W,12-1,12,1,11,win,20150312_p7ux,0,0,0,0,0.0,,,,0.0,,,2015,2014-15,Santa Barbara,santabarbara,spencererdmaninow,Spencer Erdman
Mar 14,home,Allan Hancock,W,2-0,2,0,2,win,20150314_x782,0,0,0,0,0.0,,,,0.0,,,2015,2014-15,Santa Barbara,santabarbara,spencererdmaninow,Spencer Erdman
Mar 17,home,Allan Hancock,W,12-4,12,4,8,win,20150317_ri5x,0,0,0,0,0.0,,,,0.0,,,2015,2014-15,Santa Barbara,santabarbara,spencererdmaninow,Spencer Erdman
Mar 19,home,Moorpark,W,6-1,6,1,5,win,20150319_l1na,0,0,0,0,0.0,,,,0.0,,,2015,2014-15,Santa Barbara,santabarbara,spencererdmaninow,Spencer Erdman
Mar 21,home,Moorpark,W,8-5,8,5,3,win,20150321_56pb,0,0,0,0,0.0,,,,0.0,,,2015,2014-15,Santa Barbara,santabarbara,spencererdmaninow,Spencer Erdman
Mar 24,home,Oxnard,W,13-0,13,0,13,win,20150324_c3m1,0,0,0,0,0.0,,,,0.0,,,2015,2014-15,Santa Barbara,santabarbara,spencererdmaninow,Spencer Erdman
Mar 26,home,Oxnard,L,4-2,4,2,2,win,20150326_lr7d,0,0,0,0,0.0,,,,0.0,,,2015,2014-15,Santa Barbara,santabarbara,spencererdmaninow,Spencer Erdman
Mar 27,home,Cuesta,W,10-1,10,1,9,win,20150327_byno,0,0,0,0,0.0,,,,0.0,,,2015,2014-15,Santa Barbara,santabarbara,spencererdmaninow,Spencer Erdman
Mar 31,home,Glendale,W,14-4,14,4,10,win,20150331_1ny7,0,0,0,0,0.0,,,,0.0,,,2015,2014-15,Santa Barbara,santabarbara,spencererdmaninow,Spencer Erdman
Apr 1,home,Riverside,W,5-2,5,2,3,win,20150401_ba1w,0,0,0,0,0.0,,,,0.0,,,2015,2014-15,Santa Barbara,santabarbara,spencererdmaninow,Spencer Erdman
Apr 3,home,Reedley,W,11-8,11,8,3,win,20150403_1oip,0,0,0,0,0.0,,,,0.0,,,2015,2014-15,Santa Barbara,santabarbara,spencererdmaninow,Spencer Erdman
Apr 9,home,Fresno City,W,5-3,5,3,2,win,20150409_pia0,0,0,0,0,0.0,,,,0.0,,,2015,2014-15,Santa Barbara,santabarbara,spencererdmaninow,Spencer Erdman
Apr 13,home,Cuesta,L,4-3,4,3,1,win,20150413_7c3f,0,0,0,0,0.0,,,,0.0,,,2015,2014-15,Santa Barbara,santabarbara,spencererdmaninow,Spencer Erdman
Apr 14,home,LA Pierce,W,13-2,13,2,11,win,20150414_jyb2,0,0,0,0,0.0,,,,0.0,,,2015,2014-15,Santa Barbara,santabarbara,spencererdmaninow,Spencer Erdman
Apr 16,home,LA Pierce,L,5-4,5,4,1,win,20150416_fktu,0,0,0,0,0.0,,,,0.0,,,2015,2014-15,Santa Barbara,santabarbara,spencererdmaninow,Spencer Erdman
Apr 18,home,Ventura,W,6-5,6,5,1,win,20150418_iioj,0,0,0,0,0.0,,,,0.0,,,2015,2014-15,Santa Barbara,santabarbara,spencererdmaninow,Spencer Erdman
Apr 21,home,Ventura,W,5-4,5,4,1,win,20150421_uwfd,0,0,0,0,0.0,,,,0.0,,,2015,2014-15,Santa Barbara,santabarbara,spencererdmaninow,Spencer Erdman
Apr 23,home,Allan Hancock,W,14-0,14,0,14,win,20150423_eqgz,0,0,0,0,0.0,,,,0.0,,,2015,2014-15,Santa Barbara,santabarbara,spencererdmaninow,Spencer Erdman
Apr 24,home,Allan Hancock,W,3-1,3,1,2,win,20150424_2lmp,0,0,0,0,0.0,,,,0.0,,,2015,2014-15,Santa Barbara,santabarbara,spencererdmaninow,Spencer Erdman
May 1,home,Rio Hondo,W,5-0,5,0,5,win,20150501_jw3t,0,0,0,0,0.0,,,,0.0,,,2015,2014-15,Santa Barbara,santabarbara,spencererdmaninow,Spencer Erdman
May 2,home,Rio Hondo,W,4-0,4,0,4,win,20150502_6yf4,0,0,0,0,0.0,,,,0.0,,,2015,2014-15,Santa Barbara,santabarbara,spencererdmaninow,Spencer Erdman
May 8,home,Fullerton,L,2-1,2,1,1,win,20150508_3aia,0,0,0,0,0.0,,,,0.0,,,2015,2014-15,Santa Barbara,santabarbara,spencererdmaninow,Spencer Erdman
May 9,home,Fullerton,W,3-0,3,0,3,win,20150509_la5v,0,0,0,0,0.0,,,,0.0,,,2015,2014-15,Santa Barbara,santabarbara,spencererdmaninow,Spencer Erdman
May 10,home,Fullerton,W,4-0,4,0,4,win,20150510_sa1i,0,0,0,0,0.0,,,,0.0,,,2015,2014-15,Santa Barbara,santabarbara,spencererdmaninow,Spencer Erdman
May 15,home,Orange Coast,W,3-1,3,1,2,win,20150515_ibzg,0,0,0,0,0.0,,,,0.0,,,2015,2014-15,Santa Barbara,santabarbara,spencererdmaninow,Spencer Erdman
May 16,home,Orange Coast,L,5-2,5,2,3,win,20150516_03ti,0,0,0,0,0.0,,,,0.0,,,2015,2014-15,Santa Barbara,santabarbara,spencererdmaninow,Spencer Erdman
May 17,home,Orange Coast,L,10-2,10,2,8,win,20150517_7ppz,0,0,0,0,0.0,,,,0.0,,,2015,2014-15,Santa Barbara,santabarbara,spencererdmaninow,Spencer Erdman
Jan 30,home,Sacramento City,L,3-1,3,1,2,win,20150130_adfq,0,0,0,0,0.0,,,,0.0,,,2015,2014-15,Fresno City,fresno,danielgardner9sgb,Daniel Gardner
Jan 31,home,Sacramento City,W,10-7,10,7,3,win,20150131_229k,0,0,0,0,0.0,,,,0.0,,,2015,2014-15,Fresno City,fresno,danielgardner9sgb,Daniel Gardner
Feb 5,home,Los Medanos,W,9-2,9,2,7,win,20150205_wcrn,0,0,0,0,0.0,,,,0.0,,,2015,2014-15,Fresno City,fresno,danielgardner9sgb,Daniel Gardner
Feb 5,home,Los Medanos,W,8-2,8,2,6,win,20150205_f2g7,0,0,0,0,0.0,,,,0.0,,,2015,2014-15,Fresno City,fresno,danielgardner9sgb,Daniel Gardner
Feb 6,home,Los Medanos,L,7-6,7,6,1,win,20150206_dnak,0,0,0,0,0.0,,,,0.0,,,2015,2014-15,Fresno City,fresno,danielgardner9sgb,Daniel Gardner
Feb 13,home,Chabot,W,5-1,5,1,4,win,20150213_2d9r,0,0,0,0,0.0,,,,0.0,,,2015,2014-15,Fresno City,fresno,danielgardner9sgb,Daniel Gardner
Feb 14,home,Chabot,W,4-3,4,3,1,win,20150214_5ax4,0,0,0,0,0.0,,,,0.0,,,2015,2014-15,Fresno City,fresno,danielgardner9sgb,Daniel Gardner
Feb 17,home,Reedley,W,7-3,7,3,4,win,20150217_p4wd,0,0,0,0,0.0,,,,0.0,,,2015,2014-15,Fresno City,fresno,danielgardner9sgb,Daniel Gardner
Feb 19,home,Reedley,W,6-0,6,0,6,win,20150219_azzf,0,0,0,0,0.0,,,,0.0,,,2015,2014-15,Fresno City,fresno,danielgardner9sgb,Daniel Gardner
Feb 21,home,Reedley,W,6-5,6,5,1,win,20150221_g9y0,0,0,0,0,0.0,,,,0.0,,,2015,2014-15,Fresno City,fresno,danielgardner9sgb,Daniel Gardner
Feb 24,home,West Hills Coalinga,W,14-1,14,1,13,win,20150224_x2fb,0,0,0,0,0.0,,,,0.0,,,2015,2014-15,Fresno City,fresno,danielgardner9sgb,Daniel Gardner
Feb 26,home,West Hills Coalinga,W,4-2,4,2,2,win,20150226_jx3o,0,0,0,0,0.0,,,,0.0,,,2015,2014-15,Fresno City,fresno,danielgardner9sgb,Daniel Gardner
Feb 27,home,West Hills Coalinga,W,7-3,7,3,4,win,20150227_1q3q,0,0,0,0,0.0,,,,0.0,,,2015,2014-15,Fresno City,fresno,danielgardner9sgb,Daniel Gardner
Mar 3,home,Sequoias,W,10-6,10,6,4,win,20150303_03u2,0,0,0,0,0.0,,,,0.0,,,2015,2014-15,Fresno City,fresno,danielgardner9sgb,Daniel Gardner
Mar 5,home,Sequoias,L,9-4,9,4,5,win,20150305_h7pf,0,0,0,0,0.0,,,,0.0,,,2015,2014-15,Fresno City,fresno,danielgardner9sgb,Daniel Gardner
Mar 7,home,Sequoias,W,5-1,5,1,4,win,20150307_e4cq,0,0,0,0,0.0,,,,0.0,,,2015,2014-15,Fresno City,fresno,danielgardner9sgb,Daniel Gardner
Mar 10,home,Porterville,W,7-0,7,0,7,win,20150310_ypgw,0,0,0,0,0.0,,,,0.0,,,2015,2014-15,Fresno City,fresno,danielgardner9sgb,Daniel Gardner
Mar 12,home,Porterville,W,8-5,8,5,3,win,20150312_meia,0,0,0,0,0.0,,,,0.0,,,2015,2014-15,Fresno City,fresno,danielgardner9sgb,Daniel Gardner
Mar 14,home,Porterville,W,8-1,8,1,7,win,20150314_3v67,0,0,0,0,0.0,,,,0.0,,,2015,2014-15,Fresno City,fresno,danielgardner9sgb,Daniel Gardner
Mar 17,home,Merced,W,9-0,9,0,9,win,20150317_zalv,0,0,0,0,0.0,,,,0.0,,,2015,2014-15,Fresno City,fresno,danielgardner9sgb,Daniel Gardner
Mar 19,home,Merced,W,4-3,4,3,1,win,20150319_1uty,0,0,0,0,0.0,,,,0.0,,,2015,2014-15,Fresno City,fresno,danielgardner9sgb,Daniel Gardner
Mar 21,home,Merced,W,13-4,13,4,9,win,20150321_qd6h,0,0,0,0,0.0,,,,0.0,,,2015,2014-15,Fresno City,fresno,danielgardner9sgb,Daniel Gardner
Mar 24,home,Taft,W,18-2,18,2,16,win,20150324_sq5j,0,0,0,0,0.0,,,,0.0,,,2015,2014-15,Fresno City,fresno,danielgardner9sgb,Daniel Gardner
Mar 26,home,Taft,W,9-6,9,6,3,win,20150326_it3o,0,0,0,0,0.0,,,,0.0,,,2015,2014-15,Fresno City,fresno,danielgardner9sgb,Daniel Gardner
Mar 28,home,Taft,W,10-2,10,2,8,win,20150328_2md6,0,0,0,0,0.0,,,,0.0,,,2015,2014-15,Fresno City,fresno,danielgardner9sgb,Daniel Gardner
Mar 31,home,Cerritos,W,9-0,9,0,9,win,20150331_mkza,0,0,0,0,0.0,,,,0.0,,,2015,2014-15,Fresno City,fresno,danielgardner9sgb,Daniel Gardner
Apr 1,home,Cypress,W,14-6,14,6,8,win,20150401_lmv2,0,0,0,0,0.0,,,,0.0,,,2015,2014-15,Fresno City,fresno,danielgardner9sgb,Daniel Gardner
Apr 2,home,Cuesta,L,8-1,8,1,7,win,20150402_12kj,0,0,0,0,0.0,,,,0.0,,,2015,2014-15,Fresno City,fresno,danielgardner9sgb,Daniel Gardner
Apr 8,home,Oxnard,W,4-3,4,3,1,win,20150408_adup,0,0,0,0,0.0,,,,0.0,,,2015,2014-15,Fresno City,fresno,danielgardner9sgb,Daniel Gardner
Apr 9,home,Santa Barbara,L,5-3,5,3,2,win,20150409_pia0,0,0,0,0,0.0,,,,0.0,,,2015,2014-15,Fresno City,fresno,danielgardner9sgb,Daniel Gardner
Apr 14,home,Sequoias,W,14-10,14,10,4,win,20150414_euy1,0,0,0,0,0.0,,,,0.0,,,2015,2014-15,Fresno City,fresno,danielgardner9sgb,Daniel Gardner
Apr 18,home,Reedley,L,9-6,9,6,3,win,20150418_6p1k,0,0,0,0,0.0,,,,0.0,,,2015,2014-15,Fresno City,fresno,danielgardner9sgb,Daniel Gardner
Apr 19,home,Taft,L,4-3,4,3,1,win,20150419_q06i,0,0,0,0,0.0,,,,0.0,,,2015,2014-15,Fresno City,fresno,danielgardner9sgb,Daniel Gardner
Apr 21,home,Porterville,W,7-0,7,0,7,win,20150421_mgi5,0,0,0,0,0.0,,,,0.0,,,2015,2014-15,Fresno City,fresno,danielgardner9sgb,Daniel Gardner
Apr 23,home,West Hills Coalinga,W,4-0,4,0,4,win,20150423_qqvz,0,0,0,0,0.0,,,,0.0,,,2015,2014-15,Fresno City,fresno,danielgardner9sgb,Daniel Gardner
Apr 24,home,Merced,W,14-4,14,4,10,win,20150424_3jm4,0,0,0,0,0.0,,,,0.0,,,2015,2014-15,Fresno City,fresno,danielgardner9sgb,Daniel Gardner
May 1,home,Skyline,L,5-3,5,3,2,win,20150501_27to,0,0,0,0,0.0,,,,0.0,,,2015,2014-15,Fresno City,fresno,danielgardner9sgb,Daniel Gardner
May 2,home,Skyline,W,16-6,16,6,10,win,20150502_mk3f,0,0,0,0,0.0,,,,0.0,,,2015,2014-15,Fresno City,fresno,danielgardner9sgb,Daniel Gardner
May 2,home,Skyline,W,11-8,11,8,3,win,20150502_sraw,0,0,0,0,0.0,,,,0.0,,,2015,2014-15,Fresno City,fresno,danielgardner9sgb,Daniel Gardner
May 8,home,Ohlone,W,7-2,7,2,5,win,20150508_iwo4,0,0,0,0,0.0,,,,0.0,,,2015,2014-15,Fresno City,fresno,danielgardner9sgb,Daniel Gardner
May 9,home,Ohlone,L,4-3,4,3,1,win,20150509_r2bd,0,0,0,0,0.0,,,,0.0,,,2015,2014-15,Fresno City,fresno,danielgardner9sgb,Daniel Gardner
May 10,home,Ohlone,W,7-2,7,2,5,win,20150510_px0a,0,0,0,0,0.0,,,,0.0,,,2015,2014-15,Fresno City,fresno,danielgardner9sgb,Daniel Gardner
May 15,home,Feather River,W,2-1,2,1,1,win,20150515_ofyn,0,0,0,0,0.0,,,,0.0,,,2015,2014-15,Fresno City,fresno,danielgardner9sgb,Daniel Gardner
May 16,home,Feather River,W,9-7,9,7,2,win,20150516_5yt2,0,0,0,0,0.0,,,,0.0,,,2015,2014-15,Fresno City,fresno,danielgardner9sgb,Daniel Gardner
May 23,home,Palomar,L,7-3,7,3,4,win,20150523_vaq4,0,0,0,0,0.0,,,,0.0,,,2015,2014-15,Fresno City,fresno,danielgardner9sgb,Daniel Gardner
May 24,home,San Joaquin  Delta,L,13-2,13,2,11,win,20150524_fk8o,0,0,0,0,0.0,,,,0.0,,,2015,2014-15,Fresno City,fresno,danielgardner9sgb,Daniel Gardner
Jan 30,home,Santa Barbara,L,16-3,16,3,13,win,20150130_xre5,0,0,0,0,0.0,,,,0.0,,,2015,2014-15,Napa,napa,chrisbrunoqqci,Chris Bruno
Jan 31,home,Santa Barbara,L,4-0,4,0,4,win,20150131_2ly5,0,0,0,0,0.0,,,,0.0,,,2015,2014-15,Napa,napa,chrisbrunoqqci,Chris Bruno
Jan 31,home,Santa Barbara,L,4-3,4,3,1,win,20150131_co3t,0,0,0,0,0.0,,,,0.0,,,2015,2014-15,Napa,napa,chrisbrunoqqci,Chris Bruno
Feb 4,home,Butte,L,8-6,8,6,2,win,20150204_7omn,0,0,0,0,0.0,,,,0.0,,,2015,2014-15,Napa,napa,chrisbrunoqqci,Chris Bruno
Feb 5,home,Butte,W,6-5,6,5,1,win,20150205_of3h,0,0,0,0,0.0,,,,0.0,,,2015,2014-15,Napa,napa,chrisbrunoqqci,Chris Bruno
Feb 12,home,San Francisco,W,4-3,4,3,1,win,20150212_6oi9,0,0,0,0,0.0,,,,0.0,,,2015,2014-15,Napa,napa,chrisbrunoqqci,Chris Bruno
Feb 13,home,San Francisco,W,10-4,10,4,6,win,20150213_xbtf,0,0,0,0,0.0,,,,0.0,,,2015,2014-15,Napa,napa,chrisbrunoqqci,Chris Bruno
Feb 13,home,San Francisco,W,2-0,2,0,2,win,20150213_lj6t,0,0,0,0,0.0,,,,0.0,,,2015,2014-15,Napa,napa,chrisbrunoqqci,Chris Bruno
Feb 19,home,Shasta,L,5-3,5,3,2,win,20150219_8ec2,0,0,0,0,0.0,,,,0.0,,,2015,2014-15,Napa,napa,chrisbrunoqqci,Chris Bruno
Feb 20,home,Shasta,W,11-6,11,6,5,win,20150220_og3o,0,0,0,0,0.0,,,,0.0,,,2015,2014-15,Napa,napa,chrisbrunoqqci,Chris Bruno
Feb 21,home,Shasta,W,6-0,6,0,6,win,20150221_hfhn,0,0,0,0,0.0,,,,0.0,,,2015,2014-15,Napa,napa,chrisbrunoqqci,Chris Bruno
Feb 24,home,Contra Costa,W,6-4,6,4,2,win,20150224_5m5z,0,0,0,0,0.0,,,,0.0,,,2015,2014-15,Napa,napa,chrisbrunoqqci,Chris Bruno
Feb 26,home,Contra Costa,L,8-2,8,2,6,win,20150226_esp7,0,0,0,0,0.0,,,,0.0,,,2015,2014-15,Napa,napa,chrisbrunoqqci,Chris Bruno
Feb 28,home,Laney,W,10-9,10,9,1,win,20150228_yhrx,0,0,0,0,0.0,,,,0.0,,,2015,2014-15,Napa,napa,chrisbrunoqqci,Chris Bruno
Mar 3,home,Laney,W,4-3,4,3,1,win,20150303_hrdj,0,0,0,0,0.0,,,,0.0,,,2015,2014-15,Napa,napa,chrisbrunoqqci,Chris Bruno
Mar 5,home,Mendocino,W,5-0,5,0,5,win,20150305_kt6v,0,0,0,0,0.0,,,,0.0,,,2015,2014-15,Napa,napa,chrisbrunoqqci,Chris Bruno
Mar 7,home,Mendocino,W,11-3,11,3,8,win,20150307_77f6,0,0,0,0,0.0,,,,0.0,,,2015,2014-15,Napa,napa,chrisbrunoqqci,Chris Bruno
Mar 14,home,Los Medanos,W,7-6,7,6,1,win,20150314_jcqz,0,0,0,0,0.0,,,,0.0,,,2015,2014-15,Napa,napa,chrisbrunoqqci,Chris Bruno
Mar 17,home,Los Medanos,W,4-0,4,0,4,win,20150317_3m3d,0,0,0,0,0.0,,,,0.0,,,2015,2014-15,Napa,napa,chrisbrunoqqci,Chris Bruno
Mar 19,home,Marin,L,15-0,15,0,15,win,20150319_63zh,0,0,0,0,0.0,,,,0.0,,,2015,2014-15,Napa,napa,chrisbrunoqqci,Chris Bruno
Mar 21,home,Marin,L,12-6,12,6,6,win,20150321_xdvh,0,0,0,0,0.0,,,,0.0,,,2015,2014-15,Napa,napa,chrisbrunoqqci,Chris Bruno
Mar 24,home,Solano,W,10-3,10,3,7,win,20150324_j4na,0,0,0,0,0.0,,,,0.0,,,2015,2014-15,Napa,napa,chrisbrunoqqci,Chris Bruno
Mar 26,home,Solano,L,5-3,5,3,2,win,20150326_fw3i,0,0,0,0,0.0,,,,0.0,,,2015,2014-15,Napa,napa,chrisbrunoqqci,Chris Bruno
Mar 28,home,Folsom Lake,L,4-0,4,0,4,win,20150328_lkac,0,0,0,0,0.0,,,,0.0,,,2015,2014-15,Napa,napa,chrisbrunoqqci,Chris Bruno
Mar 31,home,Folsom Lake,W,3-0,3,0,3,win,20150331_uzqo,0,0,0,0,0.0,,,,0.0,,,2015,2014-15,Napa,napa,chrisbrunoqqci,Chris Bruno
Apr 2,home,Yuba,W,5-3,5,3,2,win,20150402_cio7,0,0,0,0,0.0,,,,0.0,,,2015,2014-15,Napa,napa,chrisbrunoqqci,Chris Bruno
Apr 3,home,Yuba,L,17-7,17,7,10,win,20150403_gco0,0,0,0,0,0.0,,,,0.0,,,2015,2014-15,Napa,napa,chrisbrunoqqci,Chris Bruno
Apr 7,home,Contra Costa,W,16-3,16,3,13,win,20150407_zlf5,0,0,0,0,0.0,,,,0.0,,,2015,2014-15,Napa,napa,chrisbrunoqqci,Chris Bruno
Apr 9,home,Laney,L,5-2,5,2,3,win,20150409_jd3n,0,0,0,0,0.0,,,,0.0,,,2015,2014-15,Napa,napa,chrisbrunoqqci,Chris Bruno
Apr 10,home,Mendocino,L,5-3,5,3,2,win,20150410_noyn,0,0,0,0,0.0,,,,0.0,,,2015,2014-15,Napa,napa,chrisbrunoqqci,Chris Bruno
Apr 13,home,Butte,L,17-14,17,14,3,win,20150413_e2kk,0,0,0,0,0.0,,,,0.0,,,2015,2014-15,Napa,napa,chrisbrunoqqci,Chris Bruno
Apr 16,home,Los Medanos,W,7-6,7,6,1,win,20150416_af6o,0,0,0,0,0.0,,,,0.0,,,2015,2014-15,Napa,napa,chrisbrunoqqci,Chris Bruno
Apr 18,home,Marin,L,8-3,8,3,5,win,20150418_czj8,0,0,0,0,0.0,,,,0.0,,,2015,2014-15,Napa,napa,chrisbrunoqqci,Chris Bruno
Apr 21,home,Solano,L,15-12,15,12,3,win,20150421_rx5s,0,0,0,0,0.0,,,,0.0,,,2015,2014-15,Napa,napa,chrisbrunoqqci,Chris Bruno
Apr 23,home,Folsom Lake,W,10-4,10,4,6,win,20150423_fchi,0,0,0,0,0.0,,,,0.0,,,2015,2014-15,Napa,napa,chrisbrunoqqci,Chris Bruno
Apr 24,home,Yuba,L,4-1,4,1,3,win,20150424_zqtq,0,0,0,0,0.0,,,,0.0,,,2015,2014-15,Napa,napa,chrisbrunoqqci,Chris Bruno
Jan 29,home,Orange Coast,L,5-4,5,4,1,win,20150129_0m02,0,0,0,0,0.0,,,,0.0,,,2015,2014-15,Palomar,palomar,chasegrante9oc,Chase Grant
Jan 30,home,Golden West,W,3-2,3,2,1,win,20150130_r1ej,0,0,0,0,0.0,,,,0.0,,,2015,2014-15,Palomar,palomar,chasegrante9oc,Chase Grant
Jan 31,home,Golden West,L,11-6,11,6,5,win,20150131_fvls,0,0,0,0,0.0,,,,0.0,,,2015,2014-15,Palomar,palomar,chasegrante9oc,Chase Grant
Feb 3,home,Orange Coast,W,4-3,4,3,1,win,20150203_inmu,0,0,0,0,0.0,,,,0.0,,,2015,2014-15,Palomar,palomar,chasegrante9oc,Chase Grant
Feb 5,home,Desert,W,19-0,19,0,19,win,20150205_kjd3,0,0,0,0,0.0,,,,0.0,,,2015,2014-15,Palomar,palomar,chasegrante9oc,Chase Grant
Feb 6,home,San Bernardino,W,12-3,12,3,9,win,20150206_nlco,0,0,0,0,0.0,,,,0.0,,,2015,2014-15,Palomar,palomar,chasegrante9oc,Chase Grant
Feb 7,home,Cypress,L,8-7,8,7,1,win,20150207_jyfv,0,0,0,0,0.0,,,,0.0,,,2015,2014-15,Palomar,palomar,chasegrante9oc,Chase Grant
Feb 12,home,Fullerton,W,8-1,8,1,7,win,20150212_nij7,0,0,0,0,0.0,,,,0.0,,,2015,2014-15,Palomar,palomar,chasegrante9oc,Chase Grant
Feb 14,home,Fullerton,W,4-2,4,2,2,win,20150214_ohyw,0,0,0,0,0.0,,,,0.0,,,2015,2014-15,Palomar,palomar,chasegrante9oc,Chase Grant
Feb 17,home,Glendale,W,9-2,9,2,7,win,20150217_enza,0,0,0,0,0.0,,,,0.0,,,2015,2014-15,Palomar,palomar,chasegrante9oc,Chase Grant
Feb 18,home,Cerritos,W,7-1,7,1,6,win,20150218_wk2b,0,0,0,0,0.0,,,,0.0,,,2015,2014-15,Palomar,palomar,chasegrante9oc,Chase Grant
Feb 19,home,Desert,W,3-1,3,1,2,win,20150219_i3jw,0,0,0,0,0.0,,,,0.0,,,2015,2014-15,Palomar,palomar,chasegrante9oc,Chase Grant
Feb 21,home,San Diego City,W,8-1,8,1,7,win,20150221_fivs,0,0,0,0,0.0,,,,0.0,,,2015,2014-15,Palomar,palomar,chasegrante9oc,Chase Grant
Feb 26,home,Imperial Valley,W,12-1,12,1,11,win,20150226_h4fy,0,0,0,0,0.0,,,,0.0,,,2015,2014-15,Palomar,palomar,chasegrante9oc,Chase Grant
Feb 27,home,San Diego Mesa,W,10-0,10,0,10,win,20150227_idxr,0,0,0,0,0.0,,,,0.0,,,2015,2014-15,Palomar,palomar,chasegrante9oc,Chase Grant
Mar 5,home,Grossmont,W,4-3,4,3,1,win,20150305_1buo,0,0,0,0,0.0,,,,0.0,,,2015,2014-15,Palomar,palomar,chasegrante9oc,Chase Grant
Mar 6,home,Mt. San Jacinto,W,7-0,7,0,7,win,20150306_0c1t,0,0,0,0,0.0,,,,0.0,,,2015,2014-15,Palomar,palomar,chasegrante9oc,Chase Grant
Mar 7,home,Southwestern,L,3-2,3,2,1,win,20150307_szy7,0,0,0,0,0.0,,,,0.0,,,2015,2014-15,Palomar,palomar,chasegrante9oc,Chase Grant
Mar 10,home,San Diego City,W,1-0,1,0,1,win,20150310_z920,0,0,0,0,0.0,,,,0.0,,,2015,2014-15,Palomar,palomar,chasegrante9oc,Chase Grant
Mar 14,home,San Diego City,W,10-6,10,6,4,win,20150314_j07u,0,0,0,0,0.0,,,,0.0,,,2015,2014-15,Palomar,palomar,chasegrante9oc,Chase Grant
Mar 26,home,Imperial Valley,W,15-3,15,3,12,win,20150326_nq6i,0,0,0,0,0.0,,,,0.0,,,2015,2014-15,Palomar,palomar,chasegrante9oc,Chase Grant
Mar 27,home,Imperial Valley,W,2-0,2,0,2,win,20150327_fida,0,0,0,0,0.0,,,,0.0,,,2015,2014-15,Palomar,palomar,chasegrante9oc,Chase Grant
Mar 31,home,San Diego Mesa,L,6-5,6,5,1,win,20150331_a11s,0,0,0,0,0.0,,,,0.0,,,2015,2014-15,Palomar,palomar,chasegrante9oc,Chase Grant
Apr 2,home,San Diego Mesa,W,5-4,5,4,1,win,20150402_39ub,0,0,0,0,0.0,,,,0.0,,,2015,2014-15,Palomar,palomar,chasegrante9oc,Chase Grant
Apr 3,home,San Diego Mesa,W,12-2,12,2,10,win,20150403_c7y2,0,0,0,0,0.0,,,,0.0,,,2015,2014-15,Palomar,palomar,chasegrante9oc,Chase Grant
Apr 7,home,Mt. San Jacinto,W,3-2,3,2,1,win,20150407_il6b,0,0,0,0,0.0,,,,0.0,,,2015,2014-15,Palomar,palomar,chasegrante9oc,Chase Grant
Apr 9,home,Mt. San Jacinto,W,9-2,9,2,7,win,20150409_w7ub,0,0,0,0,0.0,,,,0.0,,,2015,2014-15,Palomar,palomar,chasegrante9oc,Chase Grant
Apr 11,home,Mt. San Jacinto,W,6-2,6,2,4,win,20150411_jhxt,0,0,0,0,0.0,,,,0.0,,,2015,2014-15,Palomar,palomar,chasegrante9oc,Chase Grant
Apr 14,home,Grossmont,W,8-0,8,0,8,win,20150414_a8pt,0,0,0,0,0.0,,,,0.0,,,2015,2014-15,Palomar,palomar,chasegrante9oc,Chase Grant
Apr 21,home,Southwestern,W,7-0,7,0,7,win,20150421_ubaq,0,0,0,0,0.0,,,,0.0,,,2015,2014-15,Palomar,palomar,chasegrante9oc,Chase Grant
Apr 23,home,Southwestern,W,7-4,7,4,3,win,20150423_lpem,0,0,0,0,0.0,,,,0.0,,,2015,2014-15,Palomar,palomar,chasegrante9oc,Chase Grant
Apr 25,home,Southwestern,L,8-3,8,3,5,win,20150425_uofn,0,0,0,0,0.0,,,,0.0,,,2015,2014-15,Palomar,palomar,chasegrante9oc,Chase Grant
May 1,home,Riverside,W,7-3,7,3,4,win,20150501_6ln4,0,0,0,0,0.0,,,,0.0,,,2015,2014-15,Palomar,palomar,chasegrante9oc,Chase Grant
May 2,home,Riverside,W,4-2,4,2,2,win,20150502_871a,0,0,0,0,0.0,,,,0.0,,,2015,2014-15,Palomar,palomar,chasegrante9oc,Chase Grant
May 10,home,Irvine Valley,W,11-1,11,1,10,win,20150510_lg7m,0,0,0,0,0.0,,,,0.0,,,2015,2014-15,Palomar,palomar,chasegrante9oc,Chase Grant
May 16,home,Saddleback,W,6-1,6,1,5,win,20150516_evp5,0,0,0,0,0.0,,,,0.0,,,2015,2014-15,Palomar,palomar,chasegrante9oc,Chase Grant
May 17,home,Saddleback,W,4-3,4,3,1,win,20150517_lpf3,0,0,0,0,0.0,,,,0.0,,,2015,2014-15,Palomar,palomar,chasegrante9oc,Chase Grant
May 23,home,Fresno City,W,7-3,7,3,4,win,20150523_vaq4,0,0,0,0,0.0,,,,0.0,,,2015,2014-15,Palomar,palomar,chasegrante9oc,Chase Grant
May 24,home,Orange Coast,L,3-0,3,0,3,win,20150524_slaa,0,0,0,0,0.0,,,,0.0,,,2015,2014-15,Palomar,palomar,chasegrante9oc,Chase Grant
May 24,home,San Joaquin  Delta,L,14-7,14,7,7,win,20150524_a76s,0,0,0,0,0.0,,,,0.0,,,2015,2014-15,Palomar,palomar,chasegrante9oc,Chase Grant
Jan 29,home,Orange Coast,L,5-4,5,4,1,win,20150129_0m02,0,0,0,0,0.0,,,,0.0,,,2015,2014-15,Palomar,palomar,joelmitchelldqzt,Joel Mitchell
Feb 5,home,Desert,W,19-0,19,0,19,win,20150205_kjd3,0,0,0,0,0.0,,,,0.0,,,2015,2014-15,Palomar,palomar,joelmitchelldqzt,Joel Mitchell
Jan 31,home,Hartnell,W,15-3,15,3,12,win,20150131_76kx,0,0,0,0,0.0,,,,0.0,,,2015,2014-15,Marin,marin,stonephillipsyper,Stone Phillips
Feb 6,home,Sequoias,W,14-9,14,9,5,win,20150206_9t0k,0,0,0,0,0.0,,,,0.0,,,2015,2014-15,Marin,marin,stonephillipsyper,Stone Phillips
Feb 19,home,San Francisco,T,2-2,2,2,0,tie,20150219_mg9d,0,0,0,0,0.0,,,,0.0,,,2015,2014-15,Marin,marin,stonephillipsyper,Stone Phillips
Feb 26,home,Yuba,W,16-4,16,4,12,win,20150226_ejnc,0,0,0,0,0.0,,,,0.0,,,2015,2014-15,Marin,marin,stonephillipsyper,Stone Phillips
Feb 28,home,Folsom Lake,L,7-1,7,1,6,win,20150228_ndg2,0,0,0,0,0.0,,,,0.0,,,2015,2014-15,Marin,marin,stonephillipsyper,Stone Phillips
Mar 19,home,Napa,W,15-0,15,0,15,win,20150319_63zh,0,0,0,0,0.0,,,,0.0,,,2015,2014-15,Marin,marin,stonephillipsyper,Stone Phillips
Mar 24,home,Los Medanos,W,11-1,11,1,10,win,20150324_10f3,0,0,0,0,0.0,,,,0.0,,,2015,2014-15,Marin,marin,stonephillipsyper,Stone Phillips
Mar 26,home,Los Medanos,W,12-5,12,5,7,win,20150326_zpwf,0,0,0,0,0.0,,,,0.0,,,2015,2014-15,Marin,marin,stonephillipsyper,Stone Phillips
Mar 31,home,Mendocino,W,13-0,13,0,13,win,20150331_5fti,0,0,0,0,0.0,,,,0.0,,,2015,2014-15,Marin,marin,stonephillipsyper,Stone Phillips
Apr 2,home,Laney,W,17-7,17,7,10,win,20150402_23ec,0,0,0,0,0.0,,,,0.0,,,2015,2014-15,Marin,marin,stonephillipsyper,Stone Phillips
Apr 21,home,Los Medanos,L,5-4,5,4,1,win,20150421_fvvy,0,0,0,0,0.0,0.0,0.0,0.0,0.0,0.0,0.0,2015,2014-15,Marin,marin,stonephillipsyper,Stone Phillips
Apr 23,home,Mendocino,W,17-12,17,12,5,win,20150423_ovej,0,0,0,0,0.0,,,,0.0,,,2015,2014-15,Marin,marin,stonephillipsyper,Stone Phillips
Jan 31,home,Barstow,L,7-3,7,3,4,win,20150131_l2tm,0,0,0,0,0.0,,,,0.0,,,2015,2014-15,Taft,taft,kevinrochagc9e,Kevin Rocha
Feb 6,home,Siskiyous,L,6-3,6,3,3,win,20150206_ecuz,0,0,0,0,0.0,,,,0.0,,,2015,2014-15,Taft,taft,kevinrochagc9e,Kevin Rocha
Feb 7,home,Folsom Lake,W,17-4,17,4,13,win,20150207_mju4,0,0,0,0,0.0,,,,0.0,,,2015,2014-15,Taft,taft,kevinrochagc9e,Kevin Rocha
Feb 13,home,Monterey,W,10-3,10,3,7,win,20150213_hmzu,0,0,0,0,0.0,,,,0.0,,,2015,2014-15,Taft,taft,kevinrochagc9e,Kevin Rocha
Feb 14,home,Cerro Coso,W,12-5,12,5,7,win,20150214_d85d,0,0,0,0,0.0,,,,0.0,,,2015,2014-15,Taft,taft,kevinrochagc9e,Kevin Rocha
Feb 19,home,West Hills Coalinga,W,14-5,14,5,9,win,20150219_cbmt,0,0,0,0,0.0,,,,0.0,,,2015,2014-15,Taft,taft,kevinrochagc9e,Kevin Rocha
Feb 26,home,Reedley,L,8-1,8,1,7,win,20150226_grht,0,0,0,0,0.0,,,,0.0,,,2015,2014-15,Taft,taft,kevinrochagc9e,Kevin Rocha
Feb 28,home,Reedley,W,6-5,6,5,1,win,20150228_74p6,0,0,0,0,0.0,,,,0.0,,,2015,2014-15,Taft,taft,kevinrochagc9e,Kevin Rocha
Mar 7,home,Porterville,W,8-2,8,2,6,win,20150307_3mzd,0,0,0,0,0.0,,,,0.0,,,2015,2014-15,Taft,taft,kevinrochagc9e,Kevin Rocha
Mar 24,home,Fresno City,L,18-2,18,2,16,win,20150324_sq5j,0,0,0,0,0.0,,,,0.0,,,2015,2014-15,Taft,taft,kevinrochagc9e,Kevin Rocha
Mar 26,home,Fresno City,L,9-6,9,6,3,win,20150326_it3o,0,0,0,0,0.0,,,,0.0,,,2015,2014-15,Taft,taft,kevinrochagc9e,Kevin Rocha
Apr 1,home,Fullerton,L,11-0,11,0,11,win,20150401_q0je,0,0,0,0,0.0,,,,0.0,,,2015,2014-15,Taft,taft,kevinrochagc9e,Kevin Rocha
Apr 3,home,Moorpark,L,12-4,12,4,8,win,20150403_ujjd,0,0,0,0,0.0,,,,0.0,,,2015,2014-15,Taft,taft,kevinrochagc9e,Kevin Rocha
Apr 14,home,Porterville,W,9-4,9,4,5,win,20150414_v841,0,0,0,0,0.0,,,,0.0,,,2015,2014-15,Taft,taft,kevinrochagc9e,Kevin Rocha
Apr 16,home,Merced,L,13-3,13,3,10,win,20150416_jt8o,0,0,0,0,0.0,,,,0.0,,,2015,2014-15,Taft,taft,kevinrochagc9e,Kevin Rocha
Jan 29,home,Modesto,W,6-3,6,3,3,win,20150129_l96f,0,0,0,0,0.0,,,,0.0,,,2015,2014-15,Los Medanos,losmedanos,leonardaueaxtg,Leonard Aue
Jan 31,home,Modesto,W,7-6,7,6,1,win,20150131_0c8i,0,0,0,0,0.0,,,,0.0,,,2015,2014-15,Los Medanos,losmedanos,leonardaueaxtg,Leonard Aue
Feb 5,home,Fresno City,L,9-2,9,2,7,win,20150205_wcrn,0,0,0,0,0.0,,,,0.0,,,2015,2014-15,Los Medanos,losmedanos,leonardaueaxtg,Leonard Aue
Feb 5,home,Fresno City,L,8-2,8,2,6,win,20150205_f2g7,0,0,0,0,0.0,,,,0.0,,,2015,2014-15,Los Medanos,losmedanos,leonardaueaxtg,Leonard Aue
Feb 6,home,Fresno City,W,7-6,7,6,1,win,20150206_dnak,0,0,0,0,0.0,,,,0.0,,,2015,2014-15,Los Medanos,losmedanos,leonardaueaxtg,Leonard Aue
Feb 12,home,Santa Rosa,L,7-5,7,5,2,win,20150212_6kxf,0,0,0,0,0.0,,,,0.0,,,2015,2014-15,Los Medanos,losmedanos,leonardaueaxtg,Leonard Aue
Feb 14,home,Santa Rosa,L,11-1,11,1,10,win,20150214_2sh8,0,0,0,0,0.0,,,,0.0,,,2015,2014-15,Los Medanos,losmedanos,leonardaueaxtg,Leonard Aue
Feb 17,home,Diablo Valley,W,6-4,6,4,2,win,20150217_vxqo,0,0,0,0,0.0,,,,0.0,,,2015,2014-15,Los Medanos,losmedanos,leonardaueaxtg,Leonard Aue
Feb 18,home,Ohlone,L,11-3,11,3,8,win,20150218_898a,0,0,0,0,0.0,,,,0.0,,,2015,2014-15,Los Medanos,losmedanos,leonardaueaxtg,Leonard Aue
Feb 24,home,Folsom Lake,L,4-2,4,2,2,win,20150224_ub14,0,0,0,0,0.0,,,,0.0,,,2015,2014-15,Los Medanos,losmedanos,leonardaueaxtg,Leonard Aue
Mar 5,home,Yuba,L,7-5,7,5,2,win,20150305_00gv,0,0,0,0,0.0,,,,0.0,,,2015,2014-15,Los Medanos,losmedanos,leonardaueaxtg,Leonard Aue
Mar 14,home,Napa,L,7-6,7,6,1,win,20150314_jcqz,0,0,0,0,0.0,,,,0.0,,,2015,2014-15,Los Medanos,losmedanos,leonardaueaxtg,Leonard Aue
Mar 24,home,Marin,L,11-1,11,1,10,win,20150324_10f3,0,0,0,0,0.0,,,,0.0,,,2015,2014-15,Los Medanos,losmedanos,leonardaueaxtg,Leonard Aue
Mar 26,home,Marin,L,12-5,12,5,7,win,20150326_zpwf,0,0,0,0,0.0,,,,0.0,,,2015,2014-15,Los Medanos,losmedanos,leonardaueaxtg,Leonard Aue
Mar 28,home,Laney,W,8-2,8,2,6,win,20150328_9xsi,0,0,0,0,0.0,,,,0.0,,,2015,2014-15,Los Medanos,losmedanos,leonardaueaxtg,Leonard Aue
Mar 31,home,Laney,W,7-2,7,2,5,win,20150331_nioo,0,0,0,0,0.0,,,,0.0,,,2015,2014-15,Los Medanos,losmedanos,leonardaueaxtg,Leonard Aue
Apr 2,home,Contra Costa,L,6-4,6,4,2,win,20150402_a944,0,0,0,0,0.0,,,,0.0,,,2015,2014-15,Los Medanos,losmedanos,leonardaueaxtg,Leonard Aue
Apr 3,home,Contra Costa,W,5-1,5,1,4,win,20150403_orhf,0,0,0,0,0.0,,,,0.0,,,2015,2014-15,Los Medanos,losmedanos,leonardaueaxtg,Leonard Aue
Apr 14,home,Mendocino,W,7-5,7,5,2,win,20150414_7n5t,0,0,0,0,0.0,,,,0.0,,,2015,2014-15,Los Medanos,losmedanos,leonardaueaxtg,Leonard Aue
Apr 16,home,Napa,L,7-6,7,6,1,win,20150416_af6o,0,0,0,0,0.0,,,,0.0,,,2015,2014-15,Los Medanos,losmedanos,leonardaueaxtg,Leonard Aue
Apr 21,home,Marin,W,5-4,5,4,1,win,20150421_fvvy,0,0,0,0,0.0,,,,0.0,,,2015,2014-15,Los Medanos,losmedanos,leonardaueaxtg,Leonard Aue
Apr 23,home,Laney,L,10-3,10,3,7,win,20150423_09lv,0,0,0,0,0.0,,,,0.0,,,2015,2014-15,Los Medanos,losmedanos,leonardaueaxtg,Leonard Aue
Apr 24,home,Contra Costa,W,10-2,10,2,8,win,20150424_v5ia,0,0,0,0,0.0,,,,0.0,,,2015,2014-15,Los Medanos,losmedanos,leonardaueaxtg,Leonard Aue
Feb 12,home,De Anza,L,8-3,8,3,5,win,20150212_63kg,0,0,0,0,0.0,,,,0.0,,,2015,2014-15,Contra Costa,contracosta,jaredborundakdi5,Jared Borunda
Feb 14,home,Modesto,L,14-4,14,4,10,win,20150214_2yw8,0,0,0,0,0.0,,,,0.0,,,2015,2014-15,Contra Costa,contracosta,jaredborundakdi5,Jared Borunda
Feb 15,home,Redwoods,L,6-1,6,1,5,win,20150215_iarc,0,0,0,0,0.0,,,,0.0,,,2015,2014-15,Contra Costa,contracosta,jaredborundakdi5,Jared Borunda
Feb 17,home,Santa Rosa,L,4-0,4,0,4,win,20150217_w8ao,0,0,0,0,0.0,,,,0.0,,,2015,2014-15,Contra Costa,contracosta,jaredborundakdi5,Jared Borunda
Feb 19,home,Hartnell,W,7-6,7,6,1,win,20150219_63cy,0,0,0,0,0.0,,,,0.0,,,2015,2014-15,Contra Costa,contracosta,jaredborundakdi5,Jared Borunda
Feb 24,home,Napa,L,6-4,6,4,2,win,20150224_5m5z,0,0,0,0,0.0,,,,0.0,,,2015,2014-15,Contra Costa,contracosta,jaredborundakdi5,Jared Borunda
Feb 26,home,Napa,W,8-2,8,2,6,win,20150226_esp7,0,0,0,0,0.0,,,,0.0,,,2015,2014-15,Contra Costa,contracosta,jaredborundakdi5,Jared Borunda
Feb 28,home,Mendocino,L,7-4,7,4,3,win,20150228_u3bl,0,0,0,0,0.0,,,,0.0,,,2015,2014-15,Contra Costa,contracosta,jaredborundakdi5,Jared Borunda
Mar 3,home,Mendocino,L,7-2,7,2,5,win,20150303_7496,0,0,0,0,0.0,,,,0.0,,,2015,2014-15,Contra Costa,contracosta,jaredborundakdi5,Jared Borunda
Mar 5,home,Laney,W,6-0,6,0,6,win,20150305_34hh,0,0,0,0,0.0,,,,0.0,,,2015,2014-15,Contra Costa,contracosta,jaredborundakdi5,Jared Borunda
Mar 7,home,Laney,W,4-3,4,3,1,win,20150307_2p9b,0,0,0,0,0.0,,,,0.0,,,2015,2014-15,Contra Costa,contracosta,jaredborundakdi5,Jared Borunda
Mar 10,home,Marin,L,6-3,6,3,3,win,20150310_l984,0,0,0,0,0.0,,,,0.0,,,2015,2014-15,Contra Costa,contracosta,jaredborundakdi5,Jared Borunda
Mar 12,home,Marin,L,6-4,6,4,2,win,20150312_r9q7,0,0,0,0,0.0,,,,0.0,,,2015,2014-15,Contra Costa,contracosta,jaredborundakdi5,Jared Borunda
Mar 19,home,Folsom Lake,L,16-13,16,13,3,win,20150319_fbyd,0,0,0,0,0.0,,,,0.0,,,2015,2014-15,Contra Costa,contracosta,jaredborundakdi5,Jared Borunda
Mar 21,home,Folsom Lake,L,9-7,9,7,2,win,20150321_lxgw,0,0,0,0,0.0,,,,0.0,,,2015,2014-15,Contra Costa,contracosta,jaredborundakdi5,Jared Borunda
Mar 24,home,Yuba,L,9-4,9,4,5,win,20150324_v5k8,0,0,0,0,0.0,,,,0.0,,,2015,2014-15,Contra Costa,contracosta,jaredborundakdi5,Jared Borunda
Mar 26,home,Yuba,L,15-5,15,5,10,win,20150326_7s50,0,0,0,0,0.0,,,,0.0,,,2015,2014-15,Contra Costa,contracosta,jaredborundakdi5,Jared Borunda
Mar 28,home,Solano,L,10-0,10,0,10,win,20150328_x4x7,0,0,0,0,0.0,,,,0.0,,,2015,2014-15,Contra Costa,contracosta,jaredborundakdi5,Jared Borunda
Mar 31,home,Solano,L,21-4,21,4,17,win,20150331_tszu,0,0,0,0,0.0,,,,0.0,,,2015,2014-15,Contra Costa,contracosta,jaredborundakdi5,Jared Borunda
Apr 2,home,Los Medanos,W,6-4,6,4,2,win,20150402_a944,0,0,0,0,0.0,,,,0.0,,,2015,2014-15,Contra Costa,contracosta,jaredborundakdi5,Jared Borunda
Apr 3,home,Los Medanos,L,5-1,5,1,4,win,20150403_orhf,0,0,0,0,0.0,,,,0.0,,,2015,2014-15,Contra Costa,contracosta,jaredborundakdi5,Jared Borunda
Apr 7,home,Napa,L,16-3,16,3,13,win,20150407_zlf5,0,0,0,0,0.0,,,,0.0,,,2015,2014-15,Contra Costa,contracosta,jaredborundakdi5,Jared Borunda
Apr 9,home,Mendocino,L,4-3,4,3,1,win,20150409_0oty,0,0,0,0,0.0,,,,0.0,,,2015,2014-15,Contra Costa,contracosta,jaredborundakdi5,Jared Borunda
Apr 10,home,Laney,L,10-4,10,4,6,win,20150410_hukd,0,0,0,0,0.0,,,,0.0,,,2015,2014-15,Contra Costa,contracosta,jaredborundakdi5,Jared Borunda
Jan 30,home,Monterey,W,13-1,13,1,12,win,20150130_t8xt,0,0,0,0,0.0,,,,0.0,,,2015,2014-15,San Joaquin  Delta,sanjoaquindelta,raulortizwmnj,Raul Ortiz
Feb 7,home,West Valley,W,12-6,12,6,6,win,20150207_67yl,0,0,0,0,0.0,,,,0.0,,,2015,2014-15,San Joaquin  Delta,sanjoaquindelta,raulortizwmnj,Raul Ortiz
Feb 14,home,Solano,W,3-2,3,2,1,win,20150214_s2d3,0,0,0,0,0.0,,,,0.0,,,2015,2014-15,San Joaquin  Delta,sanjoaquindelta,raulortizwmnj,Raul Ortiz
Mar 19,home,American River,W,10-1,10,1,9,win,20150319_c7n5,0,0,0,0,0.0,,,,0.0,,,2015,2014-15,San Joaquin  Delta,sanjoaquindelta,raulortizwmnj,Raul Ortiz
Mar 21,home,American River,W,5-4,5,4,1,win,20150321_vecm,0,0,0,0,0.0,,,,0.0,,,2015,2014-15,San Joaquin  Delta,sanjoaquindelta,raulortizwmnj,Raul Ortiz
Apr 4,home,Sierra,W,7-0,7,0,7,win,20150404_yz8o,0,0,0,0,0.0,,,,0.0,,,2015,2014-15,San Joaquin  Delta,sanjoaquindelta,raulortizwmnj,Raul Ortiz
Apr 14,home,Diablo Valley,W,8-2,8,2,6,win,20150414_as94,0,0,0,0,0.0,,,,0.0,,,2015,2014-15,San Joaquin  Delta,sanjoaquindelta,raulortizwmnj,Raul Ortiz
Apr 16,home,Diablo Valley,W,7-0,7,0,7,win,20150416_tl2k,0,0,0,0,0.0,,,,0.0,,,2015,2014-15,San Joaquin  Delta,sanjoaquindelta,raulortizwmnj,Raul Ortiz
Apr 21,home,Cosumnes River,L,8-1,8,1,7,win,20150421_km5k,0,0,0,0,0.0,,,,0.0,,,2015,2014-15,San Joaquin  Delta,sanjoaquindelta,raulortizwmnj,Raul Ortiz
May 8,home,Cabrillo,W,11-0,11,0,11,win,20150508_1q9i,0,0,0,0,0.0,,,,0.0,,,2015,2014-15,San Joaquin  Delta,sanjoaquindelta,raulortizwmnj,Raul Ortiz
Jan 27,home,Hartnell,W,9-7,9,7,2,win,20150127_qfne,0,0,0,0,0.0,,,,0.0,,,2015,2014-15,Mission,mission,mattbergandi1djo,Matt Bergandi
Jan 29,home,Merced,L,8-7,8,7,1,win,20150129_24r3,0,0,0,0,0.0,,,,0.0,,,2015,2014-15,Mission,mission,mattbergandi1djo,Matt Bergandi
Jan 31,home,Monterey,W,13-1,13,1,12,win,20150131_fbwi,0,0,0,0,0.0,,,,0.0,,,2015,2014-15,Mission,mission,mattbergandi1djo,Matt Bergandi
Feb 10,home,Modesto,T,2-2,2,2,0,tie,20150210_6vfm,0,0,0,0,0.0,,,,0.0,,,2015,2014-15,Mission,mission,mattbergandi1djo,Matt Bergandi
Feb 12,home,Diablo Valley,L,4-3,4,3,1,win,20150212_qjz8,0,0,0,0,0.0,,,,0.0,,,2015,2014-15,Mission,mission,mattbergandi1djo,Matt Bergandi
Feb 15,home,Canada,L,10-6,10,6,4,win,20150215_uro6,0,0,0,0,0.0,,,,0.0,,,2015,2014-15,Mission,mission,mattbergandi1djo,Matt Bergandi
Feb 17,home,American River,L,10-0,10,0,10,win,20150217_ngr8,0,0,0,0,0.0,,,,0.0,,,2015,2014-15,Mission,mission,mattbergandi1djo,Matt Bergandi
Feb 19,home,Lassen,W,13-12,13,12,1,win,20150219_chti,0,0,0,0,0.0,,,,0.0,,,2015,2014-15,Mission,mission,mattbergandi1djo,Matt Bergandi
Feb 20,home,Lassen,W,10-3,10,3,7,win,20150220_easw,0,0,0,0,0.0,,,,0.0,,,2015,2014-15,Mission,mission,mattbergandi1djo,Matt Bergandi
Feb 24,home,San Francisco,W,5-3,5,3,2,win,20150224_hnf2,0,0,0,0,0.0,,,,0.0,,,2015,2014-15,Mission,mission,mattbergandi1djo,Matt Bergandi
Feb 26,home,Chabot,W,3-1,3,1,2,win,20150226_6yk8,0,0,0,0,0.0,,,,0.0,,,2015,2014-15,Mission,mission,mattbergandi1djo,Matt Bergandi
Mar 31,home,Skyline,L,4-2,4,2,2,win,20150331_i5et,0,0,0,0,0.0,,,,0.0,,,2015,2014-15,Mission,mission,mattbergandi1djo,Matt Bergandi
Apr 2,home,West Valley,W,6-4,6,4,2,win,20150402_6eou,0,0,0,0,0.0,,,,0.0,,,2015,2014-15,Mission,mission,mattbergandi1djo,Matt Bergandi
Apr 4,home,San Mateo,W,7-6,7,6,1,win,20150404_9tkd,0,0,0,0,0.0,,,,0.0,,,2015,2014-15,Mission,mission,mattbergandi1djo,Matt Bergandi
Apr 8,home,Canada,W,13-4,13,4,9,win,20150408_y5kx,0,0,0,0,0.0,,,,0.0,,,2015,2014-15,Mission,mission,mattbergandi1djo,Matt Bergandi
Apr 9,home,San Mateo,L,9-2,9,2,7,win,20150409_x2th,0,0,0,0,0.0,,,,0.0,,,2015,2014-15,Mission,mission,mattbergandi1djo,Matt Bergandi
Apr 11,home,De Anza,W,7-2,7,2,5,win,20150411_w9mn,0,0,0,0,0.0,,,,0.0,,,2015,2014-15,Mission,mission,mattbergandi1djo,Matt Bergandi
Apr 16,home,Gavilan,L,11-5,11,5,6,win,20150416_mqgu,0,0,0,0,0.0,,,,0.0,,,2015,2014-15,Mission,mission,mattbergandi1djo,Matt Bergandi
Apr 18,home,Chabot,L,6-4,6,4,2,win,20150418_y3rg,0,0,0,0,0.0,,,,0.0,,,2015,2014-15,Mission,mission,mattbergandi1djo,Matt Bergandi
Apr 21,home,West Valley,W,9-6,9,6,3,win,20150421_oh1h,0,0,0,0,0.0,,,,0.0,,,2015,2014-15,Mission,mission,mattbergandi1djo,Matt Bergandi
Apr 23,home,San Francisco,W,3-2,3,2,1,win,20150423_uhyi,0,0,0,0,0.0,,,,0.0,,,2015,2014-15,Mission,mission,mattbergandi1djo,Matt Bergandi
Jan 27,home,Barstow,W,3-1,3,1,2,win,20150127_ypu5,0,0,0,0,0.0,,,,0.0,,,2015,2014-15,Southwestern,southwestern,anthonyyorkdorx,Anthony York
Jan 30,home,Orange Coast,W,9-3,9,3,6,win,20150130_6o3o,0,0,0,0,0.0,,,,0.0,,,2015,2014-15,Southwestern,southwestern,anthonyyorkdorx,Anthony York
Jan 31,home,Victor Valley,W,8-1,8,1,7,win,20150131_0wkx,0,0,0,0,0.0,,,,0.0,,,2015,2014-15,Southwestern,southwestern,anthonyyorkdorx,Anthony York
Feb 5,home,El Camino,W,5-2,5,2,3,win,20150205_5r9o,0,0,0,0,0.0,,,,0.0,,,2015,2014-15,Southwestern,southwestern,anthonyyorkdorx,Anthony York
Feb 6,home,Chaffey,W,4-0,4,0,4,win,20150206_9bb5,0,0,0,0,0.0,,,,0.0,,,2015,2014-15,Southwestern,southwestern,anthonyyorkdorx,Anthony York
Feb 10,home,Fullerton,L,11-6,11,6,5,win,20150210_zrxi,0,0,0,0,0.0,,,,0.0,,,2015,2014-15,Southwestern,southwestern,anthonyyorkdorx,Anthony York
Feb 12,home,Chaffey,W,11-9,11,9,2,win,20150212_gtll,0,0,0,0,0.0,,,,0.0,,,2015,2014-15,Southwestern,southwestern,anthonyyorkdorx,Anthony York
Feb 13,home,Victor Valley,W,8-3,8,3,5,win,20150213_ar1x,0,0,0,0,0.0,,,,0.0,,,2015,2014-15,Southwestern,southwestern,anthonyyorkdorx,Anthony York
Feb 17,home,Orange Coast,W,2-1,2,1,1,win,20150217_va13,0,0,0,0,0.0,,,,0.0,,,2015,2014-15,Southwestern,southwestern,anthonyyorkdorx,Anthony York
Feb 19,home,East Los Angeles,L,6-1,6,1,5,win,20150219_n49o,0,0,0,0,0.0,,,,0.0,,,2015,2014-15,Southwestern,southwestern,anthonyyorkdorx,Anthony York
Feb 21,home,San Diego Mesa,W,7-2,7,2,5,win,20150221_z8al,0,0,0,0,0.0,,,,0.0,,,2015,2014-15,Southwestern,southwestern,anthonyyorkdorx,Anthony York
Feb 24,home,San Diego City,L,6-0,6,0,6,win,20150224_nils,0,0,0,0,0.0,,,,0.0,,,2015,2014-15,Southwestern,southwestern,anthonyyorkdorx,Anthony York
Feb 26,home,Grossmont,W,3-2,3,2,1,win,20150226_o1yl,0,0,0,0,0.0,,,,0.0,,,2015,2014-15,Southwestern,southwestern,anthonyyorkdorx,Anthony York
Feb 28,home,Imperial Valley,L,5-4,5,4,1,win,20150228_tzh6,0,0,0,0,0.0,,,,0.0,,,2015,2014-15,Southwestern,southwestern,anthonyyorkdorx,Anthony York
Mar 5,home,Mt. San Jacinto,W,10-1,10,1,9,win,20150305_xkak,0,0,0,0,0.0,,,,0.0,,,2015,2014-15,Southwestern,southwestern,anthonyyorkdorx,Anthony York
Mar 7,home,Palomar,W,3-2,3,2,1,win,20150307_szy7,0,0,0,0,0.0,,,,0.0,,,2015,2014-15,Southwestern,southwestern,anthonyyorkdorx,Anthony York
Mar 10,home,San Diego Mesa,W,3-1,3,1,2,win,20150310_2ioc,0,0,0,0,0.0,,,,0.0,,,2015,2014-15,Southwestern,southwestern,anthonyyorkdorx,Anthony York
Mar 12,home,San Diego Mesa,L,10-6,10,6,4,win,20150312_ycrl,0,0,0,0,0.0,,,,0.0,,,2015,2014-15,Southwestern,southwestern,anthonyyorkdorx,Anthony York
Mar 14,home,San Diego Mesa,L,7-4,7,4,3,win,20150314_6ebt,0,0,0,0,0.0,,,,0.0,,,2015,2014-15,Southwestern,southwestern,anthonyyorkdorx,Anthony York
Mar 17,home,San Diego City,W,6-3,6,3,3,win,20150317_ahu2,0,0,0,0,0.0,,,,0.0,,,2015,2014-15,Southwestern,southwestern,anthonyyorkdorx,Anthony York
Mar 19,home,San Diego City,W,7-3,7,3,4,win,20150319_lrjy,0,0,0,0,0.0,,,,0.0,,,2015,2014-15,Southwestern,southwestern,anthonyyorkdorx,Anthony York
Mar 21,home,San Diego City,W,3-2,3,2,1,win,20150321_gb20,0,0,0,0,0.0,,,,0.0,,,2015,2014-15,Southwestern,southwestern,anthonyyorkdorx,Anthony York
Mar 24,home,Grossmont,W,5-2,5,2,3,win,20150324_suh6,0,0,0,0,0.0,,,,0.0,,,2015,2014-15,Southwestern,southwestern,anthonyyorkdorx,Anthony York
Mar 26,home,Grossmont,W,5-4,5,4,1,win,20150326_a0mu,0,0,0,0,0.0,,,,0.0,,,2015,2014-15,Southwestern,southwestern,anthonyyorkdorx,Anthony York
Mar 28,home,Grossmont,W,10-4,10,4,6,win,20150328_8kz7,0,0,0,0,0.0,,,,0.0,,,2015,2014-15,Southwestern,southwestern,anthonyyorkdorx,Anthony York
Mar 31,home,Imperial Valley,W,11-0,11,0,11,win,20150331_6xy3,0,0,0,0,0.0,,,,0.0,,,2015,2014-15,Southwestern,southwestern,anthonyyorkdorx,Anthony York
Apr 2,home,Imperial Valley,W,3-1,3,1,2,win,20150402_y38j,0,0,0,0,0.0,,,,0.0,,,2015,2014-15,Southwestern,southwestern,anthonyyorkdorx,Anthony York
Apr 3,home,Imperial Valley,W,14-2,14,2,12,win,20150403_x0od,0,0,0,0,0.0,,,,0.0,,,2015,2014-15,Southwestern,southwestern,anthonyyorkdorx,Anthony York
Apr 8,home,Cerro Coso,W,13-1,13,1,12,win,20150408_ioj2,0,0,0,0,0.0,,,,0.0,,,2015,2014-15,Southwestern,southwestern,anthonyyorkdorx,Anthony York
Apr 9,home,Cerro Coso,W,10-1,10,1,9,win,20150409_cpvd,0,0,0,0,0.0,,,,0.0,,,2015,2014-15,Southwestern,southwestern,anthonyyorkdorx,Anthony York
Apr 14,home,Mt. San Jacinto,W,4-2,4,2,2,win,20150414_3awm,0,0,0,0,0.0,,,,0.0,,,2015,2014-15,Southwestern,southwestern,anthonyyorkdorx,Anthony York
Apr 16,home,Mt. San Jacinto,W,14-8,14,8,6,win,20150416_c5v4,0,0,0,0,0.0,,,,0.0,,,2015,2014-15,Southwestern,southwestern,anthonyyorkdorx,Anthony York
Apr 18,home,Mt. San Jacinto,W,11-6,11,6,5,win,20150418_1gar,0,0,0,0,0.0,,,,0.0,,,2015,2014-15,Southwestern,southwestern,anthonyyorkdorx,Anthony York
Apr 21,home,Palomar,L,7-0,7,0,7,win,20150421_ubaq,0,0,0,0,0.0,,,,0.0,,,2015,2014-15,Southwestern,southwestern,anthonyyorkdorx,Anthony York
Apr 23,home,Palomar,L,7-4,7,4,3,win,20150423_lpem,0,0,0,0,0.0,,,,0.0,,,2015,2014-15,Southwestern,southwestern,anthonyyorkdorx,Anthony York
Apr 25,home,Palomar,W,8-3,8,3,5,win,20150425_uofn,0,0,0,0,0.0,,,,0.0,,,2015,2014-15,Southwestern,southwestern,anthonyyorkdorx,Anthony York
May 1,home,Glendale,L,5-3,5,3,2,win,20150501_t3hn,0,0,0,0,0.0,,,,0.0,,,2015,2014-15,Southwestern,southwestern,anthonyyorkdorx,Anthony York
May 2,home,Glendale,W,6-3,6,3,3,win,20150502_3lm5,0,0,0,0,0.0,,,,0.0,,,2015,2014-15,Southwestern,southwestern,anthonyyorkdorx,Anthony York
May 2,home,Glendale,L,6-3,6,3,3,win,20150502_1fda,0,0,0,0,0.0,,,,0.0,,,2015,2014-15,Southwestern,southwestern,anthonyyorkdorx,Anthony York
Jan 27,home,LA Pierce,W,8-3,8,3,5,win,20150127_ys4r,0,0,0,0,0.0,,,,0.0,,,2015,2014-15,Canyons,canyons,tylerryantn77,Tyler Ryan
Jan 29,home,Cerritos,W,2-0,2,0,2,win,20150129_q9u1,0,0,0,0,0.0,,,,0.0,,,2015,2014-15,Canyons,canyons,tylerryantn77,Tyler Ryan
Jan 31,home,Mt. San Antonio,L,6-5,6,5,1,win,20150131_sqg3,0,0,0,0,0.0,,,,0.0,,,2015,2014-15,Canyons,canyons,tylerryantn77,Tyler Ryan
Feb 3,home,Rio Hondo,L,2-1,2,1,1,win,20150203_ey3n,0,0,0,0,0.0,,,,0.0,,,2015,2014-15,Canyons,canyons,tylerryantn77,Tyler Ryan
Feb 5,home,Allan Hancock,W,13-2,13,2,11,win,20150205_4vnc,0,0,0,0,0.0,,,,0.0,,,2015,2014-15,Canyons,canyons,tylerryantn77,Tyler Ryan
Feb 7,home,San Diego Mesa,W,8-2,8,2,6,win,20150207_3tw9,0,0,0,0,0.0,,,,0.0,,,2015,2014-15,Canyons,canyons,tylerryantn77,Tyler Ryan
Feb 12,home,Allan Hancock,W,2-1,2,1,1,win,20150212_rchf,0,0,0,0,0.0,,,,0.0,,,2015,2014-15,Canyons,canyons,tylerryantn77,Tyler Ryan
Feb 17,home,Cerro Coso,W,19-2,19,2,17,win,20150217_8832,0,0,0,0,0.0,,,,0.0,,,2015,2014-15,Canyons,canyons,tylerryantn77,Tyler Ryan
Feb 19,home,Orange Coast,L,4-3,4,3,1,win,20150219_yf0u,0,0,0,0,0.0,,,,0.0,,,2015,2014-15,Canyons,canyons,tylerryantn77,Tyler Ryan
Feb 21,home,Orange Coast,W,5-4,5,4,1,win,20150221_rzec,0,0,0,0,0.0,,,,0.0,,,2015,2014-15,Canyons,canyons,tylerryantn77,Tyler Ryan
Feb 26,home,Cosumnes River,L,5-3,5,3,2,win,20150226_3lka,0,0,0,0,0.0,,,,0.0,,,2015,2014-15,Canyons,canyons,tylerryantn77,Tyler Ryan
Feb 27,home,Cosumnes River,L,9-6,9,6,3,win,20150227_qrhk,0,0,0,0,0.0,,,,0.0,,,2015,2014-15,Canyons,canyons,tylerryantn77,Tyler Ryan
Mar 3,home,Antelope Valley,W,5-4,5,4,1,win,20150303_t1a0,0,0,0,0,0.0,,,,0.0,,,2015,2014-15,Canyons,canyons,tylerryantn77,Tyler Ryan
Mar 5,home,Citrus,W,7-3,7,3,4,win,20150305_aord,0,0,0,0,0.0,,,,0.0,,,2015,2014-15,Canyons,canyons,tylerryantn77,Tyler Ryan
Mar 7,home,LA Valley,W,4-0,4,0,4,win,20150307_8aw0,0,0,0,0,0.0,,,,0.0,,,2015,2014-15,Canyons,canyons,tylerryantn77,Tyler Ryan
Mar 10,home,West LA,W,8-0,8,0,8,win,20150310_1jzj,0,0,0,0,0.0,,,,0.0,,,2015,2014-15,Canyons,canyons,tylerryantn77,Tyler Ryan
Mar 12,home,LA Mission,W,3-2,3,2,1,win,20150312_8drc,0,0,0,0,0.0,,,,0.0,,,2015,2014-15,Canyons,canyons,tylerryantn77,Tyler Ryan
Mar 14,home,Bakersfield,L,7-6,7,6,1,win,20150314_caf2,0,0,0,0,0.0,,,,0.0,,,2015,2014-15,Canyons,canyons,tylerryantn77,Tyler Ryan
Mar 17,home,Glendale,L,10-3,10,3,7,win,20150317_jszu,0,0,0,0,0.0,,,,0.0,,,2015,2014-15,Canyons,canyons,tylerryantn77,Tyler Ryan
Mar 21,home,Antelope Valley,L,10-9,10,9,1,win,20150321_ovnp,0,0,0,0,0.0,,,,0.0,,,2015,2014-15,Canyons,canyons,tylerryantn77,Tyler Ryan
Mar 24,home,Citrus,W,7-0,7,0,7,win,20150324_chf3,0,0,0,0,0.0,,,,0.0,,,2015,2014-15,Canyons,canyons,tylerryantn77,Tyler Ryan
Mar 26,home,Citrus,L,3-2,3,2,1,win,20150326_vq57,0,0,0,0,0.0,,,,0.0,,,2015,2014-15,Canyons,canyons,tylerryantn77,Tyler Ryan
Mar 27,home,LA Valley,W,6-5,6,5,1,win,20150327_39ze,0,0,0,0,0.0,,,,0.0,,,2015,2014-15,Canyons,canyons,tylerryantn77,Tyler Ryan
Mar 31,home,Merced,L,17-5,17,5,12,win,20150331_2fb9,0,0,0,0,0.0,,,,0.0,,,2015,2014-15,Canyons,canyons,tylerryantn77,Tyler Ryan
Apr 1,home,East Los Angeles,W,6-5,6,5,1,win,20150401_uk08,0,0,0,0,0.0,,,,0.0,,,2015,2014-15,Canyons,canyons,tylerryantn77,Tyler Ryan
Apr 2,home,Cerritos,L,6-5,6,5,1,win,20150402_e3pi,0,0,0,0,0.0,,,,0.0,,,2015,2014-15,Canyons,canyons,tylerryantn77,Tyler Ryan
Apr 8,home,LA Valley,W,3-2,3,2,1,win,20150408_x3sz,0,0,0,0,0.0,,,,0.0,,,2015,2014-15,Canyons,canyons,tylerryantn77,Tyler Ryan
Apr 9,home,West LA,W,18-5,18,5,13,win,20150409_kn08,0,0,0,0,0.0,,,,0.0,,,2015,2014-15,Canyons,canyons,tylerryantn77,Tyler Ryan
Apr 11,home,West LA,L,7-3,7,3,4,win,20150411_xksz,0,0,0,0,0.0,,,,0.0,,,2015,2014-15,Canyons,canyons,tylerryantn77,Tyler Ryan
Apr 14,home,LA Mission,L,9-7,9,7,2,win,20150414_q2ld,0,0,0,0,0.0,,,,0.0,,,2015,2014-15,Canyons,canyons,tylerryantn77,Tyler Ryan
Apr 16,home,LA Mission,L,3-0,3,0,3,win,20150416_70b9,0,0,0,0,0.0,,,,0.0,,,2015,2014-15,Canyons,canyons,tylerryantn77,Tyler Ryan
Apr 18,home,Bakersfield,L,8-4,8,4,4,win,20150418_i4pe,0,0,0,0,0.0,,,,0.0,,,2015,2014-15,Canyons,canyons,tylerryantn77,Tyler Ryan
Apr 21,home,Bakersfield,W,7-5,7,5,2,win,20150421_rz4d,0,0,0,0,0.0,,,,0.0,,,2015,2014-15,Canyons,canyons,tylerryantn77,Tyler Ryan
Apr 23,home,Glendale,W,7-3,7,3,4,win,20150423_749f,0,0,0,0,0.0,,,,0.0,,,2015,2014-15,Canyons,canyons,tylerryantn77,Tyler Ryan
Apr 24,home,Glendale,L,8-6,8,6,2,win,20150424_ozvx,0,0,0,0,0.0,,,,0.0,,,2015,2014-15,Canyons,canyons,tylerryantn77,Tyler Ryan
Jan 30,home,LA Pierce,L,9-6,9,6,3,win,20150130_junl,0,0,0,0,0.0,,,,0.0,,,2015,2014-15,East Los Angeles,eastlosangeles,kevinamezquitae7s7,Kevin Amezquita
Jan 31,home,Mt. San Jacinto,W,5-2,5,2,3,win,20150131_gwb5,0,0,0,0,0.0,,,,0.0,,,2015,2014-15,East Los Angeles,eastlosangeles,kevinamezquitae7s7,Kevin Amezquita
Feb 3,home,Moorpark,L,12-10,12,10,2,win,20150203_sppj,0,0,0,0,0.0,,,,0.0,,,2015,2014-15,East Los Angeles,eastlosangeles,kevinamezquitae7s7,Kevin Amezquita
Feb 6,home,Riverside,L,4-3,4,3,1,win,20150206_9rbe,0,0,0,0,0.0,,,,0.0,,,2015,2014-15,East Los Angeles,eastlosangeles,kevinamezquitae7s7,Kevin Amezquita
Feb 7,home,Riverside,L,9-2,9,2,7,win,20150207_tegn,0,0,0,0,0.0,,,,0.0,,,2015,2014-15,East Los Angeles,eastlosangeles,kevinamezquitae7s7,Kevin Amezquita
Feb 12,home,Santa Barbara,L,5-0,5,0,5,win,20150212_755v,0,0,0,0,0.0,,,,0.0,,,2015,2014-15,East Los Angeles,eastlosangeles,kevinamezquitae7s7,Kevin Amezquita
Feb 14,home,Citrus,W,3-1,3,1,2,win,20150214_lbze,0,0,0,0,0.0,,,,0.0,,,2015,2014-15,East Los Angeles,eastlosangeles,kevinamezquitae7s7,Kevin Amezquita
Feb 18,home,Victor Valley,W,11-5,11,5,6,win,20150218_jp05,0,0,0,0,0.0,,,,0.0,,,2015,2014-15,East Los Angeles,eastlosangeles,kevinamezquitae7s7,Kevin Amezquita
Feb 19,home,Southwestern,W,6-1,6,1,5,win,20150219_n49o,0,0,0,0,0.0,,,,0.0,,,2015,2014-15,East Los Angeles,eastlosangeles,kevinamezquitae7s7,Kevin Amezquita
Feb 20,home,Grossmont,W,5-3,5,3,2,win,20150220_zj06,0,0,0,0,0.0,,,,0.0,,,2015,2014-15,East Los Angeles,eastlosangeles,kevinamezquitae7s7,Kevin Amezquita
Feb 24,home,Glendale,W,2-1,2,1,1,win,20150224_2p9z,0,0,0,0,0.0,,,,0.0,,,2015,2014-15,East Los Angeles,eastlosangeles,kevinamezquitae7s7,Kevin Amezquita
Mar 3,home,El Camino-Compton Center,L,2-1,2,1,1,win,20150303_4okn,0,0,0,0,0.0,,,,0.0,,,2015,2014-15,East Los Angeles,eastlosangeles,kevinamezquitae7s7,Kevin Amezquita
Mar 5,home,El Camino-Compton Center,L,4-0,4,0,4,win,20150305_r3wx,0,0,0,0,0.0,,,,0.0,,,2015,2014-15,East Los Angeles,eastlosangeles,kevinamezquitae7s7,Kevin Amezquita
Mar 7,home,El Camino-Compton Center,W,10-3,10,3,7,win,20150307_22es,0,0,0,0,0.0,,,,0.0,,,2015,2014-15,East Los Angeles,eastlosangeles,kevinamezquitae7s7,Kevin Amezquita
Mar 10,home,Pasadena,L,8-7,8,7,1,win,20150310_18as,0,0,0,0,0.0,,,,0.0,,,2015,2014-15,East Los Angeles,eastlosangeles,kevinamezquitae7s7,Kevin Amezquita
Mar 12,home,Pasadena,L,5-4,5,4,1,win,20150312_trzc,0,0,0,0,0.0,,,,0.0,,,2015,2014-15,East Los Angeles,eastlosangeles,kevinamezquitae7s7,Kevin Amezquita
Mar 14,home,Pasadena,W,14-0,14,0,14,win,20150314_ei8a,0,0,0,0,0.0,,,,0.0,,,2015,2014-15,East Los Angeles,eastlosangeles,kevinamezquitae7s7,Kevin Amezquita
Mar 17,home,Mt. San Antonio,W,3-2,3,2,1,win,20150317_z9g7,0,0,0,0,0.0,,,,0.0,,,2015,2014-15,East Los Angeles,eastlosangeles,kevinamezquitae7s7,Kevin Amezquita
Mar 19,home,Mt. San Antonio,L,12-4,12,4,8,win,20150319_f06b,0,0,0,0,0.0,,,,0.0,,,2015,2014-15,East Los Angeles,eastlosangeles,kevinamezquitae7s7,Kevin Amezquita
Mar 21,home,Mt. San Antonio,W,1-0,1,0,1,win,20150321_g55p,0,0,0,0,0.0,,,,0.0,,,2015,2014-15,East Los Angeles,eastlosangeles,kevinamezquitae7s7,Kevin Amezquita
Mar 24,home,Long Beach,L,4-3,4,3,1,win,20150324_ktl9,0,0,0,0,0.0,,,,0.0,,,2015,2014-15,East Los Angeles,eastlosangeles,kevinamezquitae7s7,Kevin Amezquita
Mar 26,home,Long Beach,W,4-0,4,0,4,win,20150326_dsnu,0,0,0,0,0.0,,,,0.0,,,2015,2014-15,East Los Angeles,eastlosangeles,kevinamezquitae7s7,Kevin Amezquita
Mar 28,home,Long Beach,L,4-3,4,3,1,win,20150328_qbzu,0,0,0,0,0.0,,,,0.0,,,2015,2014-15,East Los Angeles,eastlosangeles,kevinamezquitae7s7,Kevin Amezquita
Mar 31,home,Allan Hancock,L,12-10,12,10,2,win,20150331_49gs,0,0,0,0,0.0,,,,0.0,,,2015,2014-15,East Los Angeles,eastlosangeles,kevinamezquitae7s7,Kevin Amezquita
Apr 1,home,Canyons,L,6-5,6,5,1,win,20150401_uk08,0,0,0,0,0.0,,,,0.0,,,2015,2014-15,East Los Angeles,eastlosangeles,kevinamezquitae7s7,Kevin Amezquita
Apr 2,home,Merced,L,7-1,7,1,6,win,20150402_62q7,0,0,0,0,0.0,,,,0.0,,,2015,2014-15,East Los Angeles,eastlosangeles,kevinamezquitae7s7,Kevin Amezquita
Apr 7,home,Cerritos,L,3-2,3,2,1,win,20150407_8uos,0,0,0,0,0.0,,,,0.0,,,2015,2014-15,East Los Angeles,eastlosangeles,kevinamezquitae7s7,Kevin Amezquita
Apr 9,home,Cerritos,L,6-1,6,1,5,win,20150409_jus8,0,0,0,0,0.0,,,,0.0,,,2015,2014-15,East Los Angeles,eastlosangeles,kevinamezquitae7s7,Kevin Amezquita
Apr 11,home,Cerritos,L,9-1,9,1,8,win,20150411_z29t,0,0,0,0,0.0,,,,0.0,,,2015,2014-15,East Los Angeles,eastlosangeles,kevinamezquitae7s7,Kevin Amezquita
Apr 14,home,LA Harbor,L,3-1,3,1,2,win,20150414_2tbr,0,0,0,0,0.0,,,,0.0,,,2015,2014-15,East Los Angeles,eastlosangeles,kevinamezquitae7s7,Kevin Amezquita
Apr 16,home,LA Harbor,W,5-4,5,4,1,win,20150416_r8d0,0,0,0,0,0.0,,,,0.0,,,2015,2014-15,East Los Angeles,eastlosangeles,kevinamezquitae7s7,Kevin Amezquita
Apr 18,home,LA Harbor,L,4-1,4,1,3,win,20150418_ofz1,0,0,0,0,0.0,,,,0.0,,,2015,2014-15,East Los Angeles,eastlosangeles,kevinamezquitae7s7,Kevin Amezquita
Apr 21,home,El Camino,L,10-4,10,4,6,win,20150421_lqpx,0,0,0,0,0.0,,,,0.0,,,2015,2014-15,East Los Angeles,eastlosangeles,kevinamezquitae7s7,Kevin Amezquita
Apr 23,home,El Camino,L,10-4,10,4,6,win,20150423_tten,0,0,0,0,0.0,,,,0.0,,,2015,2014-15,East Los Angeles,eastlosangeles,kevinamezquitae7s7,Kevin Amezquita
Apr 24,home,El Camino,L,9-6,9,6,3,win,20150424_52mz,0,0,0,0,0.0,,,,0.0,,,2015,2014-15,East Los Angeles,eastlosangeles,kevinamezquitae7s7,Kevin Amezquita
Jan 27,home,San Francisco,W,5-4,5,4,1,win,20150127_cogz,0,0,0,0,0.0,,,,0.0,,,2015,2014-15,Laney,laney,elialcantar47jd,Eli Alcantar
Jan 29,home,Skyline,L,12-6,12,6,6,win,20150129_a9wz,0,0,0,0,0.0,,,,0.0,,,2015,2014-15,Laney,laney,elialcantar47jd,Eli Alcantar
Jan 31,home,San Francisco,W,11-0,11,0,11,win,20150131_lmz0,0,0,0,0,0.0,,,,0.0,,,2015,2014-15,Laney,laney,elialcantar47jd,Eli Alcantar
Feb 3,home,Hartnell,W,10-8,10,8,2,win,20150203_craf,0,0,0,0,0.0,,,,0.0,,,2015,2014-15,Laney,laney,elialcantar47jd,Eli Alcantar
Feb 5,home,Cabrillo,L,7-3,7,3,4,win,20150205_cqna,0,0,0,0,0.0,,,,0.0,,,2015,2014-15,Laney,laney,elialcantar47jd,Eli Alcantar
Feb 7,home,Monterey,W,1-0,1,0,1,win,20150207_c1wn,0,0,0,0,0.0,,,,0.0,,,2015,2014-15,Laney,laney,elialcantar47jd,Eli Alcantar
Feb 10,home,Santa Rosa,L,9-3,9,3,6,win,20150210_vsc0,0,0,0,0,0.0,,,,0.0,,,2015,2014-15,Laney,laney,elialcantar47jd,Eli Alcantar
Feb 13,home,Diablo Valley,W,16-4,16,4,12,win,20150213_gm0a,0,0,0,0,0.0,,,,0.0,,,2015,2014-15,Laney,laney,elialcantar47jd,Eli Alcantar
Feb 14,home,Redwoods,W,10-3,10,3,7,win,20150214_u959,0,0,0,0,0.0,,,,0.0,,,2015,2014-15,Laney,laney,elialcantar47jd,Eli Alcantar
Feb 17,home,Sierra,W,2-1,2,1,1,win,20150217_b591,0,0,0,0,0.0,,,,0.0,,,2015,2014-15,Laney,laney,elialcantar47jd,Eli Alcantar
Feb 19,home,Canada,W,8-3,8,3,5,win,20150219_4t76,0,0,0,0,0.0,,,,0.0,,,2015,2014-15,Laney,laney,elialcantar47jd,Eli Alcantar
Feb 21,home,American River,L,10-4,10,4,6,win,20150221_z3ln,0,0,0,0,0.0,,,,0.0,,,2015,2014-15,Laney,laney,elialcantar47jd,Eli Alcantar
Feb 24,home,Mendocino,L,3-2,3,2,1,win,20150224_n725,0,0,0,0,0.0,,,,0.0,,,2015,2014-15,Laney,laney,elialcantar47jd,Eli Alcantar
Feb 26,home,Mendocino,L,8-5,8,5,3,win,20150226_pb1z,0,0,0,0,0.0,,,,0.0,,,2015,2014-15,Laney,laney,elialcantar47jd,Eli Alcantar
Feb 28,home,Napa,L,10-9,10,9,1,win,20150228_yhrx,0,0,0,0,0.0,,,,0.0,,,2015,2014-15,Laney,laney,elialcantar47jd,Eli Alcantar
Mar 3,home,Napa,L,4-3,4,3,1,win,20150303_hrdj,0,0,0,0,0.0,,,,0.0,,,2015,2014-15,Laney,laney,elialcantar47jd,Eli Alcantar
Mar 5,home,Contra Costa,L,6-0,6,0,6,win,20150305_34hh,0,0,0,0,0.0,,,,0.0,,,2015,2014-15,Laney,laney,elialcantar47jd,Eli Alcantar
Mar 7,home,Contra Costa,L,4-3,4,3,1,win,20150307_2p9b,0,0,0,0,0.0,,,,0.0,,,2015,2014-15,Laney,laney,elialcantar47jd,Eli Alcantar
Mar 10,home,Solano,L,10-3,10,3,7,win,20150310_pve7,0,0,0,0,0.0,,,,0.0,,,2015,2014-15,Laney,laney,elialcantar47jd,Eli Alcantar
Mar 12,home,Solano,L,11-7,11,7,4,win,20150312_5897,0,0,0,0,0.0,,,,0.0,,,2015,2014-15,Laney,laney,elialcantar47jd,Eli Alcantar
Mar 14,home,Yuba,L,5-3,5,3,2,win,20150314_08r9,0,0,0,0,0.0,,,,0.0,,,2015,2014-15,Laney,laney,elialcantar47jd,Eli Alcantar
Mar 17,home,Yuba,L,14-2,14,2,12,win,20150317_f3b6,0,0,0,0,0.0,,,,0.0,,,2015,2014-15,Laney,laney,elialcantar47jd,Eli Alcantar
Mar 24,home,Folsom Lake,L,4-3,4,3,1,win,20150324_vc9a,0,0,0,0,0.0,,,,0.0,,,2015,2014-15,Laney,laney,elialcantar47jd,Eli Alcantar
Mar 26,home,Folsom Lake,L,7-6,7,6,1,win,20150326_l0fb,0,0,0,0,0.0,,,,0.0,,,2015,2014-15,Laney,laney,elialcantar47jd,Eli Alcantar
Mar 28,home,Los Medanos,L,8-2,8,2,6,win,20150328_9xsi,0,0,0,0,0.0,,,,0.0,,,2015,2014-15,Laney,laney,elialcantar47jd,Eli Alcantar
Mar 31,home,Los Medanos,L,7-2,7,2,5,win,20150331_nioo,0,0,0,0,0.0,,,,0.0,,,2015,2014-15,Laney,laney,elialcantar47jd,Eli Alcantar
Apr 2,home,Marin,L,17-7,17,7,10,win,20150402_23ec,0,0,0,0,0.0,,,,0.0,,,2015,2014-15,Laney,laney,elialcantar47jd,Eli Alcantar
Apr 7,home,Mendocino,W,8-1,8,1,7,win,20150407_2mu1,0,0,0,0,0.0,,,,0.0,,,2015,2014-15,Laney,laney,elialcantar47jd,Eli Alcantar
Apr 9,home,Napa,W,5-2,5,2,3,win,20150409_jd3n,0,0,0,0,0.0,,,,0.0,,,2015,2014-15,Laney,laney,elialcantar47jd,Eli Alcantar
Apr 14,home,Solano,W,9-6,9,6,3,win,20150414_7jni,0,0,0,0,0.0,,,,0.0,,,2015,2014-15,Laney,laney,elialcantar47jd,Eli Alcantar
Apr 16,home,Yuba,L,9-2,9,2,7,win,20150416_s0rn,0,0,0,0,0.0,,,,0.0,,,2015,2014-15,Laney,laney,elialcantar47jd,Eli Alcantar
Apr 21,home,Folsom Lake,W,16-5,16,5,11,win,20150421_zwga,0,0,0,0,0.0,,,,0.0,,,2015,2014-15,Laney,laney,elialcantar47jd,Eli Alcantar
Apr 23,home,Los Medanos,W,10-3,10,3,7,win,20150423_09lv,0,0,0,0,0.0,,,,0.0,,,2015,2014-15,Laney,laney,elialcantar47jd,Eli Alcantar
Apr 24,home,Marin,L,9-2,9,2,7,win,20150424_v800,0,0,0,0,0.0,,,,0.0,,,2015,2014-15,Laney,laney,elialcantar47jd,Eli Alcantar
Jan 30,home,Napa,W,16-3,16,3,13,win,20150130_xre5,0,0,0,0,0.0,,,,0.0,,,2015,2014-15,Santa Barbara,santabarbara,nolansotofbiq,Nolan Soto
Feb 5,home,Glendale,W,6-5,6,5,1,win,20150205_799j,0,0,0,0,0.0,,,,0.0,,,2015,2014-15,Santa Barbara,santabarbara,nolansotofbiq,Nolan Soto
Feb 14,home,Moorpark,W,8-3,8,3,5,win,20150214_wj0p,0,0,0,0,0.0,,,,0.0,,,2015,2014-15,Santa Barbara,santabarbara,nolansotofbiq,Nolan Soto
Feb 17,home,Moorpark,W,17-0,17,0,17,win,20150217_loan,0,0,0,0,0.0,,,,0.0,,,2015,2014-15,Santa Barbara,santabarbara,nolansotofbiq,Nolan Soto
Feb 21,home,Oxnard,L,6-2,6,2,4,win,20150221_e8yk,0,0,0,0,0.0,,,,0.0,,,2015,2014-15,Santa Barbara,santabarbara,nolansotofbiq,Nolan Soto
Mar 7,home,LA Pierce,W,13-2,13,2,11,win,20150307_14fo,0,0,0,0,0.0,,,,0.0,,,2015,2014-15,Santa Barbara,santabarbara,nolansotofbiq,Nolan Soto
Mar 12,home,Ventura,W,12-1,12,1,11,win,20150312_p7ux,0,0,0,0,0.0,,,,0.0,,,2015,2014-15,Santa Barbara,santabarbara,nolansotofbiq,Nolan Soto
Mar 21,home,Moorpark,W,8-5,8,5,3,win,20150321_56pb,0,0,0,0,0.0,,,,0.0,,,2015,2014-15,Santa Barbara,santabarbara,nolansotofbiq,Nolan Soto
Mar 26,home,Oxnard,L,4-2,4,2,2,win,20150326_lr7d,0,0,0,0,0.0,,,,0.0,,,2015,2014-15,Santa Barbara,santabarbara,nolansotofbiq,Nolan Soto
Mar 31,home,Glendale,W,14-4,14,4,10,win,20150331_1ny7,0,0,0,0,0.0,,,,0.0,,,2015,2014-15,Santa Barbara,santabarbara,nolansotofbiq,Nolan Soto
Apr 13,home,Cuesta,L,4-3,4,3,1,win,20150413_7c3f,0,0,0,0,0.0,,,,0.0,,,2015,2014-15,Santa Barbara,santabarbara,nolansotofbiq,Nolan Soto
Apr 21,home,Ventura,W,5-4,5,4,1,win,20150421_uwfd,0,0,0,0,0.0,,,,0.0,,,2015,2014-15,Santa Barbara,santabarbara,nolansotofbiq,Nolan Soto
Apr 23,home,Allan Hancock,W,14-0,14,0,14,win,20150423_eqgz,0,0,0,0,0.0,,,,0.0,,,2015,2014-15,Santa Barbara,santabarbara,nolansotofbiq,Nolan Soto
Jan 30,home,LA Pierce,L,9-6,9,6,3,win,20150130_junl,0,0,0,0,0.0,,,,0.0,,,2015,2014-15,East Los Angeles,eastlosangeles,joshuacarrascopr0f,Joshua Carrasco
Feb 3,home,Moorpark,L,12-10,12,10,2,win,20150203_sppj,0,0,0,0,0.0,,,,0.0,,,2015,2014-15,East Los Angeles,eastlosangeles,joshuacarrascopr0f,Joshua Carrasco
Feb 6,home,Riverside,L,4-3,4,3,1,win,20150206_9rbe,0,0,0,0,0.0,,,,0.0,,,2015,2014-15,East Los Angeles,eastlosangeles,joshuacarrascopr0f,Joshua Carrasco
Feb 10,home,Santa Barbara,L,4-1,4,1,3,win,20150210_hwnm,0,0,0,0,0.0,,,,0.0,,,2015,2014-15,East Los Angeles,eastlosangeles,joshuacarrascopr0f,Joshua Carrasco
Feb 14,home,Citrus,W,3-1,3,1,2,win,20150214_lbze,0,0,0,0,0.0,,,,0.0,,,2015,2014-15,East Los Angeles,eastlosangeles,joshuacarrascopr0f,Joshua Carrasco
Feb 18,home,Victor Valley,W,11-5,11,5,6,win,20150218_jp05,0,0,0,0,0.0,,,,0.0,,,2015,2014-15,East Los Angeles,eastlosangeles,joshuacarrascopr0f,Joshua Carrasco
Feb 19,home,Southwestern,W,6-1,6,1,5,win,20150219_n49o,0,0,0,0,0.0,,,,0.0,,,2015,2014-15,East Los Angeles,eastlosangeles,joshuacarrascopr0f,Joshua Carrasco
Feb 24,home,Glendale,W,2-1,2,1,1,win,20150224_2p9z,0,0,0,0,0.0,,,,0.0,,,2015,2014-15,East Los Angeles,eastlosangeles,joshuacarrascopr0f,Joshua Carrasco
Mar 3,home,El Camino-Compton Center,L,2-1,2,1,1,win,20150303_4okn,0,0,0,0,0.0,,,,0.0,,,2015,2014-15,East Los Angeles,eastlosangeles,joshuacarrascopr0f,Joshua Carrasco
Mar 5,home,El Camino-Compton Center,L,4-0,4,0,4,win,20150305_r3wx,0,0,0,0,0.0,,,,0.0,,,2015,2014-15,East Los Angeles,eastlosangeles,joshuacarrascopr0f,Joshua Carrasco
Mar 10,home,Pasadena,L,8-7,8,7,1,win,20150310_18as,0,0,0,0,0.0,,,,0.0,,,2015,2014-15,East Los Angeles,eastlosangeles,joshuacarrascopr0f,Joshua Carrasco
Mar 14,home,Pasadena,W,14-0,14,0,14,win,20150314_ei8a,0,0,0,0,0.0,,,,0.0,,,2015,2014-15,East Los Angeles,eastlosangeles,joshuacarrascopr0f,Joshua Carrasco
Mar 17,home,Mt. San Antonio,W,3-2,3,2,1,win,20150317_z9g7,0,0,0,0,0.0,,,,0.0,,,2015,2014-15,East Los Angeles,eastlosangeles,joshuacarrascopr0f,Joshua Carrasco
Mar 19,home,Mt. San Antonio,L,12-4,12,4,8,win,20150319_f06b,0,0,0,0,0.0,,,,0.0,,,2015,2014-15,East Los Angeles,eastlosangeles,joshuacarrascopr0f,Joshua Carrasco
Mar 21,home,Mt. San Antonio,W,1-0,1,0,1,win,20150321_g55p,0,0,0,0,0.0,,,,0.0,,,2015,2014-15,East Los Angeles,eastlosangeles,joshuacarrascopr0f,Joshua Carrasco
Mar 24,home,Long Beach,L,4-3,4,3,1,win,20150324_ktl9,0,0,0,0,0.0,,,,0.0,,,2015,2014-15,East Los Angeles,eastlosangeles,joshuacarrascopr0f,Joshua Carrasco
Mar 26,home,Long Beach,W,4-0,4,0,4,win,20150326_dsnu,0,0,0,0,0.0,,,,0.0,,,2015,2014-15,East Los Angeles,eastlosangeles,joshuacarrascopr0f,Joshua Carrasco
Mar 28,home,Long Beach,L,4-3,4,3,1,win,20150328_qbzu,0,0,0,0,0.0,,,,0.0,,,2015,2014-15,East Los Angeles,eastlosangeles,joshuacarrascopr0f,Joshua Carrasco
Mar 31,home,Allan Hancock,L,12-10,12,10,2,win,20150331_49gs,0,0,0,0,0.0,,,,0.0,,,2015,2014-15,East Los Angeles,eastlosangeles,joshuacarrascopr0f,Joshua Carrasco
Apr 2,home,Merced,L,7-1,7,1,6,win,20150402_62q7,0,0,0,0,0.0,,,,0.0,,,2015,2014-15,East Los Angeles,eastlosangeles,joshuacarrascopr0f,Joshua Carrasco
Apr 7,home,Cerritos,L,3-2,3,2,1,win,20150407_8uos,0,0,0,0,0.0,,,,0.0,,,2015,2014-15,East Los Angeles,eastlosangeles,joshuacarrascopr0f,Joshua Carrasco
Apr 9,home,Cerritos,L,6-1,6,1,5,win,20150409_jus8,0,0,0,0,0.0,,,,0.0,,,2015,2014-15,East Los Angeles,eastlosangeles,joshuacarrascopr0f,Joshua Carrasco
Apr 11,home,Cerritos,L,9-1,9,1,8,win,20150411_z29t,0,0,0,0,0.0,,,,0.0,,,2015,2014-15,East Los Angeles,eastlosangeles,joshuacarrascopr0f,Joshua Carrasco
Apr 14,home,LA Harbor,L,3-1,3,1,2,win,20150414_2tbr,0,0,0,0,0.0,,,,0.0,,,2015,2014-15,East Los Angeles,eastlosangeles,joshuacarrascopr0f,Joshua Carrasco
Apr 16,home,LA Harbor,W,5-4,5,4,1,win,20150416_r8d0,0,0,0,0,0.0,,,,0.0,,,2015,2014-15,East Los Angeles,eastlosangeles,joshuacarrascopr0f,Joshua Carrasco
Apr 18,home,LA Harbor,L,4-1,4,1,3,win,20150418_ofz1,0,0,0,0,0.0,,,,0.0,,,2015,2014-15,East Los Angeles,eastlosangeles,joshuacarrascopr0f,Joshua Carrasco
Jan 27,home,De Anza,W,11-6,11,6,5,win,20150127_cts9,0,0,0,0,0.0,,,,0.0,,,2015,2014-15,Yuba,yuba,dillonlopezgrux,Dillon Lopez
Jan 30,home,De Anza,W,6-2,6,2,4,win,20150130_8qqo,0,0,0,0,0.0,,,,0.0,,,2015,2014-15,Yuba,yuba,dillonlopezgrux,Dillon Lopez
Jan 31,home,Ohlone,L,6-5,6,5,1,win,20150131_5p0n,0,0,0,0,0.0,,,,0.0,,,2015,2014-15,Yuba,yuba,dillonlopezgrux,Dillon Lopez
Feb 4,home,Lassen,W,10-9,10,9,1,win,20150204_4d8u,0,0,0,0,0.0,,,,0.0,,,2015,2014-15,Yuba,yuba,dillonlopezgrux,Dillon Lopez
Feb 5,home,Lassen,W,11-3,11,3,8,win,20150205_fcwj,0,0,0,0,0.0,,,,0.0,,,2015,2014-15,Yuba,yuba,dillonlopezgrux,Dillon Lopez
Feb 5,home,Lassen,W,4-3,4,3,1,win,20150205_168a,0,0,0,0,0.0,,,,0.0,,,2015,2014-15,Yuba,yuba,dillonlopezgrux,Dillon Lopez
Feb 12,home,Feather River,L,10-1,10,1,9,win,20150212_tioz,0,0,0,0,0.0,,,,0.0,,,2015,2014-15,Yuba,yuba,dillonlopezgrux,Dillon Lopez
Feb 13,home,Cabrillo,L,10-7,10,7,3,win,20150213_g3ph,0,0,0,0,0.0,,,,0.0,,,2015,2014-15,Yuba,yuba,dillonlopezgrux,Dillon Lopez
Feb 14,home,West Valley,L,9-3,9,3,6,win,20150214_rdzh,0,0,0,0,0.0,,,,0.0,,,2015,2014-15,Yuba,yuba,dillonlopezgrux,Dillon Lopez
Feb 20,home,Redwoods,W,10-2,10,2,8,win,20150220_k6c5,0,0,0,0,0.0,,,,0.0,,,2015,2014-15,Yuba,yuba,dillonlopezgrux,Dillon Lopez
Feb 24,home,Marin,L,10-8,10,8,2,win,20150224_f8gd,0,0,0,0,0.0,,,,0.0,,,2015,2014-15,Yuba,yuba,dillonlopezgrux,Dillon Lopez
Feb 26,home,Marin,L,16-4,16,4,12,win,20150226_ejnc,0,0,0,0,0.0,,,,0.0,,,2015,2014-15,Yuba,yuba,dillonlopezgrux,Dillon Lopez
Feb 28,home,Solano,L,5-4,5,4,1,win,20150228_2k5h,0,0,0,0,0.0,,,,0.0,,,2015,2014-15,Yuba,yuba,dillonlopezgrux,Dillon Lopez
Mar 3,home,Solano,L,10-5,10,5,5,win,20150303_03ti,0,0,0,0,0.0,,,,0.0,,,2015,2014-15,Yuba,yuba,dillonlopezgrux,Dillon Lopez
Mar 5,home,Los Medanos,W,7-5,7,5,2,win,20150305_00gv,0,0,0,0,0.0,,,,0.0,,,2015,2014-15,Yuba,yuba,dillonlopezgrux,Dillon Lopez
Mar 7,home,Los Medanos,L,16-7,16,7,9,win,20150307_9ng1,0,0,0,0,0.0,,,,0.0,,,2015,2014-15,Yuba,yuba,dillonlopezgrux,Dillon Lopez
Mar 10,home,Folsom Lake,L,13-6,13,6,7,win,20150310_050t,0,0,0,0,0.0,,,,0.0,,,2015,2014-15,Yuba,yuba,dillonlopezgrux,Dillon Lopez
Mar 12,home,Folsom Lake,W,8-1,8,1,7,win,20150312_tfej,0,0,0,0,0.0,,,,0.0,,,2015,2014-15,Yuba,yuba,dillonlopezgrux,Dillon Lopez
Mar 17,home,Laney,W,14-2,14,2,12,win,20150317_f3b6,0,0,0,0,0.0,,,,0.0,,,2015,2014-15,Yuba,yuba,dillonlopezgrux,Dillon Lopez
Mar 19,home,Mendocino,L,6-4,6,4,2,win,20150319_hifj,0,0,0,0,0.0,,,,0.0,,,2015,2014-15,Yuba,yuba,dillonlopezgrux,Dillon Lopez
Mar 21,home,Mendocino,W,6-5,6,5,1,win,20150321_aa6u,0,0,0,0,0.0,,,,0.0,,,2015,2014-15,Yuba,yuba,dillonlopezgrux,Dillon Lopez
Mar 24,home,Contra Costa,W,9-4,9,4,5,win,20150324_v5k8,0,0,0,0,0.0,,,,0.0,,,2015,2014-15,Yuba,yuba,dillonlopezgrux,Dillon Lopez
Apr 3,home,Napa,W,17-7,17,7,10,win,20150403_gco0,0,0,0,0,0.0,,,,0.0,,,2015,2014-15,Yuba,yuba,dillonlopezgrux,Dillon Lopez
Apr 16,home,Laney,W,9-2,9,2,7,win,20150416_s0rn,0,0,0,0,0.0,,,,0.0,,,2015,2014-15,Yuba,yuba,dillonlopezgrux,Dillon Lopez
Apr 17,home,Mendocino,W,11-3,11,3,8,win,20150417_5xn7,0,0,0,0,0.0,,,,0.0,,,2015,2014-15,Yuba,yuba,dillonlopezgrux,Dillon Lopez
Jan 30,home,Monterey,W,13-1,13,1,12,win,20150130_t8xt,0,0,0,0,0.0,,,,0.0,,,2015,2014-15,San Joaquin  Delta,sanjoaquindelta,jelanidavie2q2k,Jelani Davie
Feb 3,home,West Valley,W,12-7,12,7,5,win,20150203_eorq,0,0,0,0,0.0,,,,0.0,,,2015,2014-15,San Joaquin  Delta,sanjoaquindelta,jelanidavie2q2k,Jelani Davie
Feb 5,home,West Valley,W,2-0,2,0,2,win,20150205_hgd7,0,0,0,0,0.0,,,,0.0,,,2015,2014-15,San Joaquin  Delta,sanjoaquindelta,jelanidavie2q2k,Jelani Davie
Feb 7,home,West Valley,W,12-6,12,6,6,win,20150207_67yl,0,0,0,0,0.0,,,,0.0,,,2015,2014-15,San Joaquin  Delta,sanjoaquindelta,jelanidavie2q2k,Jelani Davie
Feb 12,home,Solano,W,5-1,5,1,4,win,20150212_4hfu,0,0,0,0,0.0,,,,0.0,,,2015,2014-15,San Joaquin  Delta,sanjoaquindelta,jelanidavie2q2k,Jelani Davie
Feb 14,home,Solano,W,3-2,3,2,1,win,20150214_s2d3,0,0,0,0,0.0,,,,0.0,,,2015,2014-15,San Joaquin  Delta,sanjoaquindelta,jelanidavie2q2k,Jelani Davie
Feb 19,home,Cabrillo,W,4-3,4,3,1,win,20150219_tuxo,0,0,0,0,0.0,,,,0.0,,,2015,2014-15,San Joaquin  Delta,sanjoaquindelta,jelanidavie2q2k,Jelani Davie
Feb 21,home,Cabrillo,W,14-1,14,1,13,win,20150221_v8kd,0,0,0,0,0.0,,,,0.0,,,2015,2014-15,San Joaquin  Delta,sanjoaquindelta,jelanidavie2q2k,Jelani Davie
Mar 3,home,Sierra,W,16-5,16,5,11,win,20150303_gd2o,0,0,0,0,0.0,,,,0.0,,,2015,2014-15,San Joaquin  Delta,sanjoaquindelta,jelanidavie2q2k,Jelani Davie
Mar 7,home,Cosumnes River,W,5-0,5,0,5,win,20150307_78iu,0,0,0,0,0.0,,,,0.0,,,2015,2014-15,San Joaquin  Delta,sanjoaquindelta,jelanidavie2q2k,Jelani Davie
Mar 10,home,Santa Rosa,W,4-0,4,0,4,win,20150310_fmx4,0,0,0,0,0.0,,,,0.0,,,2015,2014-15,San Joaquin  Delta,sanjoaquindelta,jelanidavie2q2k,Jelani Davie
Mar 12,home,Santa Rosa,W,5-1,5,1,4,win,20150312_rxbw,0,0,0,0,0.0,,,,0.0,,,2015,2014-15,San Joaquin  Delta,sanjoaquindelta,jelanidavie2q2k,Jelani Davie
Mar 14,home,Santa Rosa,W,10-4,10,4,6,win,20150314_1m79,0,0,0,0,0.0,,,,0.0,,,2015,2014-15,San Joaquin  Delta,sanjoaquindelta,jelanidavie2q2k,Jelani Davie
Mar 19,home,American River,W,10-1,10,1,9,win,20150319_c7n5,0,0,0,0,0.0,,,,0.0,,,2015,2014-15,San Joaquin  Delta,sanjoaquindelta,jelanidavie2q2k,Jelani Davie
Mar 21,home,American River,W,5-4,5,4,1,win,20150321_vecm,0,0,0,0,0.0,,,,0.0,,,2015,2014-15,San Joaquin  Delta,sanjoaquindelta,jelanidavie2q2k,Jelani Davie
Mar 24,home,Modesto,W,1-0,1,0,1,win,20150324_7h5o,0,0,0,0,0.0,,,,0.0,,,2015,2014-15,San Joaquin  Delta,sanjoaquindelta,jelanidavie2q2k,Jelani Davie
Mar 28,home,Modesto,W,3-1,3,1,2,win,20150328_iubq,0,0,0,0,0.0,,,,0.0,,,2015,2014-15,San Joaquin  Delta,sanjoaquindelta,jelanidavie2q2k,Jelani Davie
Jan 29,home,West Hills Coalinga,L,8-3,8,3,5,win,20150129_mubq,0,0,0,0,0.0,,,,0.0,,,2015,2014-15,Siskiyous,siskiyous,jaromsantiagouwe4,Jarom Santiago
Jan 29,home,West Hills Coalinga,L,11-10,11,10,1,win,20150129_xu1d,0,0,0,0,0.0,,,,0.0,,,2015,2014-15,Siskiyous,siskiyous,jaromsantiagouwe4,Jarom Santiago
Jan 30,home,West Hills Coalinga,W,15-7,15,7,8,win,20150130_9r5h,0,0,0,0,0.0,,,,0.0,,,2015,2014-15,Siskiyous,siskiyous,jaromsantiagouwe4,Jarom Santiago
Feb 5,home,Taft,L,3-2,3,2,1,win,20150205_6f4v,0,0,0,0,0.0,,,,0.0,,,2015,2014-15,Siskiyous,siskiyous,jaromsantiagouwe4,Jarom Santiago
Feb 6,home,Taft,W,6-3,6,3,3,win,20150206_ecuz,0,0,0,0,0.0,,,,0.0,,,2015,2014-15,Siskiyous,siskiyous,jaromsantiagouwe4,Jarom Santiago
Feb 6,home,Folsom Lake,L,9-6,9,6,3,win,20150206_d87l,0,0,0,0,0.0,,,,0.0,,,2015,2014-15,Siskiyous,siskiyous,jaromsantiagouwe4,Jarom Santiago
Feb 14,home,Ohlone,L,3-1,3,1,2,win,20150214_fzu3,0,0,0,0,0.0,,,,0.0,,,2015,2014-15,Siskiyous,siskiyous,jaromsantiagouwe4,Jarom Santiago
Feb 14,home,Ohlone,L,5-2,5,2,3,win,20150214_g742,0,0,0,0,0.0,,,,0.0,,,2015,2014-15,Siskiyous,siskiyous,jaromsantiagouwe4,Jarom Santiago
Feb 19,home,Mendocino,W,11-0,11,0,11,win,20150219_9iai,0,0,0,0,0.0,,,,0.0,,,2015,2014-15,Siskiyous,siskiyous,jaromsantiagouwe4,Jarom Santiago
Feb 19,home,Mendocino,L,5-4,5,4,1,win,20150219_9awr,0,0,0,0,0.0,,,,0.0,,,2015,2014-15,Siskiyous,siskiyous,jaromsantiagouwe4,Jarom Santiago
Feb 20,home,Mendocino,W,8-4,8,4,4,win,20150220_k8wj,0,0,0,0,0.0,,,,0.0,,,2015,2014-15,Siskiyous,siskiyous,jaromsantiagouwe4,Jarom Santiago
Feb 25,home,Feather River,L,13-3,13,3,10,win,20150225_gwxy,0,0,0,0,0.0,,,,0.0,,,2015,2014-15,Siskiyous,siskiyous,jaromsantiagouwe4,Jarom Santiago
Feb 26,home,Feather River,L,11-4,11,4,7,win,20150226_qx38,0,0,0,0,0.0,,,,0.0,,,2015,2014-15,Siskiyous,siskiyous,jaromsantiagouwe4,Jarom Santiago
Feb 26,home,Feather River,L,23-3,23,3,20,win,20150226_jplh,0,0,0,0,0.0,,,,0.0,,,2015,2014-15,Siskiyous,siskiyous,jaromsantiagouwe4,Jarom Santiago
Mar 4,home,Shasta,W,4-3,4,3,1,win,20150304_tvjv,0,0,0,0,0.0,,,,0.0,,,2015,2014-15,Siskiyous,siskiyous,jaromsantiagouwe4,Jarom Santiago
Mar 7,home,Shasta,L,6-5,6,5,1,win,20150307_xlxp,0,0,0,0,0.0,,,,0.0,,,2015,2014-15,Siskiyous,siskiyous,jaromsantiagouwe4,Jarom Santiago
Mar 7,home,Shasta,W,5-4,5,4,1,win,20150307_0ebw,0,0,0,0,0.0,,,,0.0,,,2015,2014-15,Siskiyous,siskiyous,jaromsantiagouwe4,Jarom Santiago
Mar 13,home,Redwoods,W,3-0,3,0,3,win,20150313_2qyk,0,0,0,0,0.0,,,,0.0,,,2015,2014-15,Siskiyous,siskiyous,jaromsantiagouwe4,Jarom Santiago
Mar 13,home,Redwoods,W,7-6,7,6,1,win,20150313_rpb6,0,0,0,0,0.0,,,,0.0,,,2015,2014-15,Siskiyous,siskiyous,jaromsantiagouwe4,Jarom Santiago
Mar 14,home,Redwoods,W,6-5,6,5,1,win,20150314_6qwe,0,0,0,0,0.0,,,,0.0,,,2015,2014-15,Siskiyous,siskiyous,jaromsantiagouwe4,Jarom Santiago
Mar 20,home,Lassen,L,6-3,6,3,3,win,20150320_wkpl,0,0,0,0,0.0,,,,0.0,,,2015,2014-15,Siskiyous,siskiyous,jaromsantiagouwe4,Jarom Santiago
Mar 21,home,Lassen,W,6-2,6,2,4,win,20150321_lvbm,0,0,0,0,0.0,,,,0.0,,,2015,2014-15,Siskiyous,siskiyous,jaromsantiagouwe4,Jarom Santiago
Mar 21,home,Lassen,L,15-6,15,6,9,win,20150321_fg3m,0,0,0,0,0.0,,,,0.0,,,2015,2014-15,Siskiyous,siskiyous,jaromsantiagouwe4,Jarom Santiago
Mar 26,home,Butte,L,21-8,21,8,13,win,20150326_7s2i,0,0,0,0,0.0,,,,0.0,,,2015,2014-15,Siskiyous,siskiyous,jaromsantiagouwe4,Jarom Santiago
Mar 28,home,Butte,L,10-1,10,1,9,win,20150328_43uk,0,0,0,0,0.0,,,,0.0,,,2015,2014-15,Siskiyous,siskiyous,jaromsantiagouwe4,Jarom Santiago
Mar 28,home,Butte,L,11-1,11,1,10,win,20150328_8w6x,0,0,0,0,0.0,,,,0.0,,,2015,2014-15,Siskiyous,siskiyous,jaromsantiagouwe4,Jarom Santiago
Apr 3,home,Feather River,L,5-2,5,2,3,win,20150403_02cw,0,0,0,0,0.0,,,,0.0,,,2015,2014-15,Siskiyous,siskiyous,jaromsantiagouwe4,Jarom Santiago
Apr 3,home,Feather River,L,9-0,9,0,9,win,20150403_iwlx,0,0,0,0,0.0,,,,0.0,,,2015,2014-15,Siskiyous,siskiyous,jaromsantiagouwe4,Jarom Santiago
Apr 9,home,Shasta,W,8-3,8,3,5,win,20150409_91jp,0,0,0,0,0.0,,,,0.0,,,2015,2014-15,Siskiyous,siskiyous,jaromsantiagouwe4,Jarom Santiago
Apr 9,home,Shasta,W,6-5,6,5,1,win,20150409_zgpd,0,0,0,0,0.0,,,,0.0,,,2015,2014-15,Siskiyous,siskiyous,jaromsantiagouwe4,Jarom Santiago
Apr 13,home,Redwoods,W,3-0,3,0,3,win,20150413_nr2s,0,0,0,0,0.0,,,,0.0,,,2015,2014-15,Siskiyous,siskiyous,jaromsantiagouwe4,Jarom Santiago
Apr 13,home,Redwoods,L,10-4,10,4,6,win,20150413_txey,0,0,0,0,0.0,,,,0.0,,,2015,2014-15,Siskiyous,siskiyous,jaromsantiagouwe4,Jarom Santiago
Apr 18,home,Lassen,W,5-3,5,3,2,win,20150418_4k3u,0,0,0,0,0.0,,,,0.0,,,2015,2014-15,Siskiyous,siskiyous,jaromsantiagouwe4,Jarom Santiago
Apr 18,home,Lassen,L,14-4,14,4,10,win,20150418_dsbv,0,0,0,0,0.0,,,,0.0,,,2015,2014-15,Siskiyous,siskiyous,jaromsantiagouwe4,Jarom Santiago
Apr 23,home,Butte,L,4-2,4,2,2,win,20150423_ak0b,0,0,0,0,0.0,,,,0.0,,,2015,2014-15,Siskiyous,siskiyous,jaromsantiagouwe4,Jarom Santiago
Apr 23,home,Butte,L,3-2,3,2,1,win,20150423_h1kn,0,0,0,0,0.0,,,,0.0,,,2015,2014-15,Siskiyous,siskiyous,jaromsantiagouwe4,Jarom Santiago
Jan 30,home,Riverside,L,4-2,4,2,2,win,20150130_ll7m,0,0,0,0,2.0,0.0,0.0,0.0,0.0,0.0,2.0,2015,2014-15,Cuesta,cuesta,jameskannenberg4rsk,James Kannenberg
Feb 6,home,Orange Coast,L,14-8,14,8,6,win,20150206_m0a8,0,0,0,0,3.1,7.0,5.0,5.0,13.5,1.0,1.0,2015,2014-15,Cuesta,cuesta,jameskannenberg4rsk,James Kannenberg
Feb 10,home,Sequoias,W,9-1,9,1,8,win,20150210_8dik,0,0,0,0,0.1,1.0,,,0.0,,,2015,2014-15,Cuesta,cuesta,jameskannenberg4rsk,James Kannenberg
Feb 13,home,Saddleback,W,3-2,3,2,1,win,20150213_7sir,0,0,0,1,0.2,1.0,,,0.0,1.0,1.0,2015,2014-15,Cuesta,cuesta,jameskannenberg4rsk,James Kannenberg
Feb 21,home,Allan Hancock,L,9-5,9,5,4,win,20150221_e557,0,0,0,0,1.2,2.0,0.0,0.0,0.0,0.0,1.0,2015,2014-15,Cuesta,cuesta,jameskannenberg4rsk,James Kannenberg
Feb 24,home,Santa Barbara,L,4-0,4,0,4,win,20150224_j8wj,0,0,0,0,1.0,1.0,,,0.0,1.0,,2015,2014-15,Cuesta,cuesta,jameskannenberg4rsk,James Kannenberg
Feb 28,home,Moorpark,W,11-2,11,2,9,win,20150228_1dl8,0,0,0,0,2.1,4.0,1.0,1.0,3.86,,2.0,2015,2014-15,Cuesta,cuesta,jameskannenberg4rsk,James Kannenberg
Mar 3,home,Moorpark,W,4-1,4,1,3,win,20150303_1yv2,0,0,0,1,2.0,,,,0.0,,3.0,2015,2014-15,Cuesta,cuesta,jameskannenberg4rsk,James Kannenberg
Mar 7,home,Ventura,W,5-4,5,4,1,win,20150307_ov37,0,1,0,0,4.0,2.0,1.0,1.0,2.25,1.0,1.0,2015,2014-15,Cuesta,cuesta,jameskannenberg4rsk,James Kannenberg
Mar 14,home,LA Pierce,L,7-5,7,5,2,win,20150314_bl32,0,0,1,0,2.2,2.0,2.0,2.0,6.75,3.0,2.0,2015,2014-15,Cuesta,cuesta,jameskannenberg4rsk,James Kannenberg
Mar 17,home,LA Pierce,W,9-2,9,2,7,win,20150317_eao5,0,0,0,1,2.0,2.0,,,0.0,1.0,3.0,2015,2014-15,Cuesta,cuesta,jameskannenberg4rsk,James Kannenberg
Mar 19,home,Rio Hondo,W,5-2,5,2,3,win,20150319_3xvf,0,0,0,1,1.0,1.0,,,0.0,,,2015,2014-15,Cuesta,cuesta,jameskannenberg4rsk,James Kannenberg
Mar 24,home,Allan Hancock,L,5-2,5,2,3,win,20150324_ylti,0,0,0,0,1.2,1.0,,,0.0,,1.0,2015,2014-15,Cuesta,cuesta,jameskannenberg4rsk,James Kannenberg
Mar 26,home,Allan Hancock,W,4-2,4,2,2,win,20150326_zhgm,0,0,0,1,1.0,1.0,0.0,0.0,0.0,1.0,0.0,2015,2014-15,Cuesta,cuesta,jameskannenberg4rsk,James Kannenberg
Apr 9,home,Moorpark,L,9-5,9,5,4,win,20150409_mvp5,0,0,0,0,1.0,,,,0.0,,2.0,2015,2014-15,Cuesta,cuesta,jameskannenberg4rsk,James Kannenberg
Apr 11,home,Moorpark,W,6-4,6,4,2,win,20150411_tyka,0,0,0,1,2.0,,,,0.0,1.0,2.0,2015,2014-15,Cuesta,cuesta,jameskannenberg4rsk,James Kannenberg
Apr 13,home,Santa Barbara,W,4-3,4,3,1,win,20150413_7c3f,0,0,0,1,0.1,,,,0.0,,,2015,2014-15,Cuesta,cuesta,jameskannenberg4rsk,James Kannenberg
Apr 16,home,Ventura,W,5-4,5,4,1,win,20150416_1yll,0,1,0,0,9.1,2.0,,,0.0,1.0,6.0,2015,2014-15,Cuesta,cuesta,jameskannenberg4rsk,James Kannenberg
Apr 23,home,LA Pierce,W,6-5,6,5,1,win,20150423_6uys,0,1,0,0,3.0,3.0,1.0,1.0,3.0,1.0,4.0,2015,2014-15,Cuesta,cuesta,jameskannenberg4rsk,James Kannenberg
May 2,home,Golden West,L,13-8,13,8,5,win,20150502_85s5,0,0,1,0,0.0,2.0,5.0,,0.0,1.0,,2015,2014-15,Cuesta,cuesta,jameskannenberg4rsk,James Kannenberg
Jan 27,home,Moorpark,L,3-0,3,0,3,win,20150127_0zl7,0,0,0,0,0.0,,,,0.0,,,2015,2014-15,Antelope Valley,antelopevalley,aaronhartiddy,Aaron Hart
Jan 31,home,Pasadena,L,4-3,4,3,1,win,20150131_s3lk,0,0,0,0,0.0,,,,0.0,,,2015,2014-15,Antelope Valley,antelopevalley,aaronhartiddy,Aaron Hart
Jan 31,home,Pasadena,L,5-0,5,0,5,win,20150131_54rn,0,0,0,0,0.0,,,,0.0,,,2015,2014-15,Antelope Valley,antelopevalley,aaronhartiddy,Aaron Hart
Feb 3,home,Victor Valley,L,6-1,6,1,5,win,20150203_9cm9,0,0,0,0,0.0,,,,0.0,,,2015,2014-15,Antelope Valley,antelopevalley,aaronhartiddy,Aaron Hart
Feb 5,home,Barstow,L,4-2,4,2,2,win,20150205_9z8j,0,0,0,0,0.0,,,,0.0,,,2015,2014-15,Antelope Valley,antelopevalley,aaronhartiddy,Aaron Hart
Feb 7,home,Victor Valley,L,15-3,15,3,12,win,20150207_mtxs,0,0,0,0,0.0,,,,0.0,,,2015,2014-15,Antelope Valley,antelopevalley,aaronhartiddy,Aaron Hart
Feb 10,home,Barstow,W,10-6,10,6,4,win,20150210_9rvr,0,0,0,0,0.0,,,,0.0,,,2015,2014-15,Antelope Valley,antelopevalley,aaronhartiddy,Aaron Hart
Feb 12,home,Porterville,L,8-0,8,0,8,win,20150212_jm6v,0,0,0,0,0.0,,,,0.0,,,2015,2014-15,Antelope Valley,antelopevalley,aaronhartiddy,Aaron Hart
Feb 14,home,Porterville,W,6-4,6,4,2,win,20150214_b26n,0,0,0,0,0.0,,,,0.0,,,2015,2014-15,Antelope Valley,antelopevalley,aaronhartiddy,Aaron Hart
Feb 24,home,Porterville,W,10-2,10,2,8,win,20150224_kxia,0,0,0,0,0.0,,,,0.0,,,2015,2014-15,Antelope Valley,antelopevalley,aaronhartiddy,Aaron Hart
Mar 3,home,Canyons,L,5-4,5,4,1,win,20150303_t1a0,0,0,0,0,0.0,,,,0.0,,,2015,2014-15,Antelope Valley,antelopevalley,aaronhartiddy,Aaron Hart
Mar 5,home,Glendale,L,7-3,7,3,4,win,20150305_asgg,0,0,0,0,0.0,,,,0.0,,,2015,2014-15,Antelope Valley,antelopevalley,aaronhartiddy,Aaron Hart
Mar 7,home,Citrus,L,4-1,4,1,3,win,20150307_35c8,0,0,0,0,0.0,,,,0.0,,,2015,2014-15,Antelope Valley,antelopevalley,aaronhartiddy,Aaron Hart
Mar 10,home,Bakersfield,L,7-6,7,6,1,win,20150310_uj4o,0,0,0,0,0.0,,,,0.0,,,2015,2014-15,Antelope Valley,antelopevalley,aaronhartiddy,Aaron Hart
Mar 12,home,LA Valley,L,4-3,4,3,1,win,20150312_qaru,0,0,0,0,0.0,,,,0.0,,,2015,2014-15,Antelope Valley,antelopevalley,aaronhartiddy,Aaron Hart
Mar 14,home,West LA,W,11-4,11,4,7,win,20150314_7d44,0,0,0,0,0.0,,,,0.0,,,2015,2014-15,Antelope Valley,antelopevalley,aaronhartiddy,Aaron Hart
Mar 17,home,LA Mission,L,8-6,8,6,2,win,20150317_8nsr,0,0,0,0,0.0,,,,0.0,,,2015,2014-15,Antelope Valley,antelopevalley,aaronhartiddy,Aaron Hart
Mar 19,home,Canyons,W,3-0,3,0,3,win,20150319_b4ts,0,0,0,0,0.0,,,,0.0,,,2015,2014-15,Antelope Valley,antelopevalley,aaronhartiddy,Aaron Hart
Mar 21,home,Canyons,W,10-9,10,9,1,win,20150321_ovnp,0,0,0,0,0.0,,,,0.0,,,2015,2014-15,Antelope Valley,antelopevalley,aaronhartiddy,Aaron Hart
Mar 24,home,Glendale,W,9-8,9,8,1,win,20150324_cd6z,0,0,0,0,0.0,,,,0.0,,,2015,2014-15,Antelope Valley,antelopevalley,aaronhartiddy,Aaron Hart
Mar 26,home,Glendale,L,14-2,14,2,12,win,20150326_7na7,0,0,0,0,0.0,,,,0.0,,,2015,2014-15,Antelope Valley,antelopevalley,aaronhartiddy,Aaron Hart
Mar 27,home,Citrus,L,17-4,17,4,13,win,20150327_xncz,0,0,0,0,0.0,,,,0.0,,,2015,2014-15,Antelope Valley,antelopevalley,aaronhartiddy,Aaron Hart
Mar 30,home,El Camino,L,14-3,14,3,11,win,20150330_2bdv,0,0,0,0,0.0,,,,0.0,,,2015,2014-15,Antelope Valley,antelopevalley,aaronhartiddy,Aaron Hart
Mar 31,home,Long Beach,W,9-8,9,8,1,win,20150331_c4zo,0,0,0,0,0.0,,,,0.0,,,2015,2014-15,Antelope Valley,antelopevalley,aaronhartiddy,Aaron Hart
Apr 1,home,El Camino,L,7-0,7,0,7,win,20150401_w7xb,0,0,0,0,0.0,,,,0.0,,,2015,2014-15,Antelope Valley,antelopevalley,aaronhartiddy,Aaron Hart
Apr 2,home,Long Beach,L,5-2,5,2,3,win,20150402_ti0h,0,0,0,0,0.0,,,,0.0,,,2015,2014-15,Antelope Valley,antelopevalley,aaronhartiddy,Aaron Hart
Apr 7,home,Citrus,L,5-4,5,4,1,win,20150407_qosg,0,0,0,0,0.0,,,,0.0,,,2015,2014-15,Antelope Valley,antelopevalley,aaronhartiddy,Aaron Hart
Apr 9,home,Bakersfield,W,6-3,6,3,3,win,20150409_s21y,0,0,0,0,0.0,,,,0.0,,,2015,2014-15,Antelope Valley,antelopevalley,aaronhartiddy,Aaron Hart
Apr 11,home,Bakersfield,L,8-3,8,3,5,win,20150411_g455,0,0,0,0,0.0,,,,0.0,,,2015,2014-15,Antelope Valley,antelopevalley,aaronhartiddy,Aaron Hart
Apr 14,home,LA Valley,W,16-6,16,6,10,win,20150414_u5wq,0,0,0,0,0.0,,,,0.0,,,2015,2014-15,Antelope Valley,antelopevalley,aaronhartiddy,Aaron Hart
Apr 16,home,LA Valley,L,2-1,2,1,1,win,20150416_oyz7,0,0,0,0,0.0,,,,0.0,,,2015,2014-15,Antelope Valley,antelopevalley,aaronhartiddy,Aaron Hart
Apr 18,home,West LA,W,8-0,8,0,8,win,20150418_707i,0,0,0,0,0.0,,,,0.0,,,2015,2014-15,Antelope Valley,antelopevalley,aaronhartiddy,Aaron Hart
Apr 21,home,West LA,W,9-4,9,4,5,win,20150421_u1a6,0,0,0,0,0.0,,,,0.0,,,2015,2014-15,Antelope Valley,antelopevalley,aaronhartiddy,Aaron Hart
Apr 23,home,LA Mission,L,12-8,12,8,4,win,20150423_4zx7,0,0,0,0,0.0,,,,0.0,,,2015,2014-15,Antelope Valley,antelopevalley,aaronhartiddy,Aaron Hart
Apr 24,home,LA Mission,L,3-2,3,2,1,win,20150424_iswo,0,0,0,0,0.0,,,,0.0,,,2015,2014-15,Antelope Valley,antelopevalley,aaronhartiddy,Aaron Hart
Jan 27,home,Gavilan,W,3-2,3,2,1,win,20150127_x6vg,0,0,0,0,0.0,,,,0.0,,,2015,2014-15,San Joaquin  Delta,sanjoaquindelta,nelsonmunizq4yx,Nelson Muniz
Jan 30,home,Monterey,W,13-1,13,1,12,win,20150130_t8xt,0,0,0,0,0.0,,,,0.0,,,2015,2014-15,San Joaquin  Delta,sanjoaquindelta,nelsonmunizq4yx,Nelson Muniz
Feb 3,home,West Valley,W,12-7,12,7,5,win,20150203_eorq,0,0,0,0,0.0,,,,0.0,,,2015,2014-15,San Joaquin  Delta,sanjoaquindelta,nelsonmunizq4yx,Nelson Muniz
Feb 5,home,West Valley,W,2-0,2,0,2,win,20150205_hgd7,0,0,0,0,0.0,,,,0.0,,,2015,2014-15,San Joaquin  Delta,sanjoaquindelta,nelsonmunizq4yx,Nelson Muniz
Feb 7,home,West Valley,W,12-6,12,6,6,win,20150207_67yl,0,0,0,0,0.0,,,,0.0,,,2015,2014-15,San Joaquin  Delta,sanjoaquindelta,nelsonmunizq4yx,Nelson Muniz
Feb 10,home,San Mateo,W,8-2,8,2,6,win,20150210_m7wq,0,0,0,0,0.0,,,,0.0,,,2015,2014-15,San Joaquin  Delta,sanjoaquindelta,nelsonmunizq4yx,Nelson Muniz
Feb 12,home,Solano,W,5-1,5,1,4,win,20150212_4hfu,0,0,0,0,0.0,,,,0.0,,,2015,2014-15,San Joaquin  Delta,sanjoaquindelta,nelsonmunizq4yx,Nelson Muniz
Feb 14,home,Solano,W,3-2,3,2,1,win,20150214_s2d3,0,0,0,0,0.0,,,,0.0,,,2015,2014-15,San Joaquin  Delta,sanjoaquindelta,nelsonmunizq4yx,Nelson Muniz
Feb 19,home,Cabrillo,W,4-3,4,3,1,win,20150219_tuxo,0,0,0,0,0.0,,,,0.0,,,2015,2014-15,San Joaquin  Delta,sanjoaquindelta,nelsonmunizq4yx,Nelson Muniz
Feb 21,home,Cabrillo,W,14-1,14,1,13,win,20150221_v8kd,0,0,0,0,0.0,,,,0.0,,,2015,2014-15,San Joaquin  Delta,sanjoaquindelta,nelsonmunizq4yx,Nelson Muniz
Feb 27,home,Chabot,W,5-3,5,3,2,win,20150227_26ak,0,0,0,0,0.0,,,,0.0,,,2015,2014-15,San Joaquin  Delta,sanjoaquindelta,nelsonmunizq4yx,Nelson Muniz
Mar 5,home,Modesto,W,3-0,3,0,3,win,20150305_0qyx,0,0,0,0,0.0,,,,0.0,,,2015,2014-15,San Joaquin  Delta,sanjoaquindelta,nelsonmunizq4yx,Nelson Muniz
Mar 10,home,Santa Rosa,W,4-0,4,0,4,win,20150310_fmx4,0,0,0,0,0.0,,,,0.0,,,2015,2014-15,San Joaquin  Delta,sanjoaquindelta,nelsonmunizq4yx,Nelson Muniz
Mar 14,home,Santa Rosa,W,10-4,10,4,6,win,20150314_1m79,0,0,0,0,0.0,,,,0.0,,,2015,2014-15,San Joaquin  Delta,sanjoaquindelta,nelsonmunizq4yx,Nelson Muniz
Mar 19,home,American River,W,10-1,10,1,9,win,20150319_c7n5,0,0,0,0,0.0,,,,0.0,,,2015,2014-15,San Joaquin  Delta,sanjoaquindelta,nelsonmunizq4yx,Nelson Muniz
Mar 24,home,Modesto,W,1-0,1,0,1,win,20150324_7h5o,0,0,0,0,0.0,,,,0.0,,,2015,2014-15,San Joaquin  Delta,sanjoaquindelta,nelsonmunizq4yx,Nelson Muniz
Mar 28,home,Modesto,W,3-1,3,1,2,win,20150328_iubq,0,0,0,0,0.0,,,,0.0,,,2015,2014-15,San Joaquin  Delta,sanjoaquindelta,nelsonmunizq4yx,Nelson Muniz
Apr 8,home,Sacramento City,W,2-1,2,1,1,win,20150408_vtcy,0,0,0,0,0.0,,,,0.0,,,2015,2014-15,San Joaquin  Delta,sanjoaquindelta,nelsonmunizq4yx,Nelson Muniz
Apr 9,home,Sacramento City,W,7-1,7,1,6,win,20150409_0xv5,0,0,0,0,0.0,,,,0.0,,,2015,2014-15,San Joaquin  Delta,sanjoaquindelta,nelsonmunizq4yx,Nelson Muniz
Apr 11,home,Sacramento City,L,7-5,7,5,2,win,20150411_s9wt,0,0,0,0,0.0,,,,0.0,,,2015,2014-15,San Joaquin  Delta,sanjoaquindelta,nelsonmunizq4yx,Nelson Muniz
Apr 14,home,Diablo Valley,W,8-2,8,2,6,win,20150414_as94,0,0,0,0,0.0,,,,0.0,,,2015,2014-15,San Joaquin  Delta,sanjoaquindelta,nelsonmunizq4yx,Nelson Muniz
Apr 16,home,Diablo Valley,W,7-0,7,0,7,win,20150416_tl2k,0,0,0,0,0.0,,,,0.0,,,2015,2014-15,San Joaquin  Delta,sanjoaquindelta,nelsonmunizq4yx,Nelson Muniz
Apr 21,home,Cosumnes River,L,8-1,8,1,7,win,20150421_km5k,0,0,0,0,0.0,,,,0.0,,,2015,2014-15,San Joaquin  Delta,sanjoaquindelta,nelsonmunizq4yx,Nelson Muniz
Apr 23,home,Cosumnes River,W,8-3,8,3,5,win,20150423_tq2s,0,0,0,0,0.0,,,,0.0,,,2015,2014-15,San Joaquin  Delta,sanjoaquindelta,nelsonmunizq4yx,Nelson Muniz
Apr 24,home,Cosumnes River,W,3-1,3,1,2,win,20150424_4qrw,0,0,0,0,0.0,,,,0.0,,,2015,2014-15,San Joaquin  Delta,sanjoaquindelta,nelsonmunizq4yx,Nelson Muniz
May 1,home,Sequoias,W,5-2,5,2,3,win,20150501_2gbp,0,0,0,0,0.0,,,,0.0,,,2015,2014-15,San Joaquin  Delta,sanjoaquindelta,nelsonmunizq4yx,Nelson Muniz
May 2,home,Sequoias,L,8-4,8,4,4,win,20150502_pbeg,0,0,0,0,0.0,,,,0.0,,,2015,2014-15,San Joaquin  Delta,sanjoaquindelta,nelsonmunizq4yx,Nelson Muniz
May 2,home,Sequoias,W,5-1,5,1,4,win,20150502_hskg,0,0,0,0,0.0,,,,0.0,,,2015,2014-15,San Joaquin  Delta,sanjoaquindelta,nelsonmunizq4yx,Nelson Muniz
May 8,home,Cabrillo,W,11-0,11,0,11,win,20150508_1q9i,0,0,0,0,0.0,,,,0.0,,,2015,2014-15,San Joaquin  Delta,sanjoaquindelta,nelsonmunizq4yx,Nelson Muniz
May 9,home,Cabrillo,W,8-2,8,2,6,win,20150509_7yq3,0,0,0,0,0.0,,,,0.0,,,2015,2014-15,San Joaquin  Delta,sanjoaquindelta,nelsonmunizq4yx,Nelson Muniz
May 15,home,San Mateo,L,8-2,8,2,6,win,20150515_60an,0,0,0,0,0.0,,,,0.0,,,2015,2014-15,San Joaquin  Delta,sanjoaquindelta,nelsonmunizq4yx,Nelson Muniz
May 16,home,San Mateo,W,8-5,8,5,3,win,20150516_npf0,0,0,0,0,0.0,,,,0.0,,,2015,2014-15,San Joaquin  Delta,sanjoaquindelta,nelsonmunizq4yx,Nelson Muniz
May 17,home,San Mateo,W,7-2,7,2,5,win,20150517_88lb,0,0,0,0,0.0,,,,0.0,,,2015,2014-15,San Joaquin  Delta,sanjoaquindelta,nelsonmunizq4yx,Nelson Muniz
May 23,home,Orange Coast,L,5-0,5,0,5,win,20150523_nn8n,0,0,0,0,0.0,,,,0.0,,,2015,2014-15,San Joaquin  Delta,sanjoaquindelta,nelsonmunizq4yx,Nelson Muniz
May 24,home,Fresno City,W,13-2,13,2,11,win,20150524_fk8o,0,0,0,0,0.0,,,,0.0,,,2015,2014-15,San Joaquin  Delta,sanjoaquindelta,nelsonmunizq4yx,Nelson Muniz
May 24,home,Palomar,W,14-7,14,7,7,win,20150524_a76s,0,0,0,0,0.0,,,,0.0,,,2015,2014-15,San Joaquin  Delta,sanjoaquindelta,nelsonmunizq4yx,Nelson Muniz
May 25,home,Orange Coast,L,9-4,9,4,5,win,20150525_n47j,0,0,0,0,0.0,,,,0.0,,,2015,2014-15,San Joaquin  Delta,sanjoaquindelta,nelsonmunizq4yx,Nelson Muniz
Jan 29,home,Redwoods,W,5-4,5,4,1,win,20150129_99bb,0,0,0,0,0.0,,,,0.0,,,2015,2014-15,Mendocino,mendocino,reggiepoints0076,Reggie Points
Jan 31,home,Redwoods,W,4-3,4,3,1,win,20150131_m1ou,0,0,0,0,0.0,,,,0.0,,,2015,2014-15,Mendocino,mendocino,reggiepoints0076,Reggie Points
Feb 4,home,Diablo Valley,W,6-5,6,5,1,win,20150204_wf87,0,0,0,0,0.0,,,,0.0,,,2015,2014-15,Mendocino,mendocino,reggiepoints0076,Reggie Points
Feb 5,home,Gavilan,L,6-1,6,1,5,win,20150205_uvtn,0,0,0,0,0.0,,,,0.0,,,2015,2014-15,Mendocino,mendocino,reggiepoints0076,Reggie Points
Feb 13,home,Butte,L,12-2,12,2,10,win,20150213_55u9,0,0,0,0,0.0,,,,0.0,,,2015,2014-15,Mendocino,mendocino,reggiepoints0076,Reggie Points
Feb 14,home,Butte,L,6-5,6,5,1,win,20150214_18a8,0,0,0,0,0.0,,,,0.0,,,2015,2014-15,Mendocino,mendocino,reggiepoints0076,Reggie Points
Feb 19,home,Siskiyous,W,5-4,5,4,1,win,20150219_9awr,0,0,0,0,0.0,,,,0.0,,,2015,2014-15,Mendocino,mendocino,reggiepoints0076,Reggie Points
Feb 20,home,Siskiyous,L,8-4,8,4,4,win,20150220_k8wj,0,0,0,0,0.0,,,,0.0,,,2015,2014-15,Mendocino,mendocino,reggiepoints0076,Reggie Points
Feb 24,home,Laney,W,3-2,3,2,1,win,20150224_n725,0,0,0,0,0.0,,,,0.0,,,2015,2014-15,Mendocino,mendocino,reggiepoints0076,Reggie Points
Feb 26,home,Laney,W,8-5,8,5,3,win,20150226_pb1z,0,0,0,0,0.0,,,,0.0,,,2015,2014-15,Mendocino,mendocino,reggiepoints0076,Reggie Points
Feb 28,home,Contra Costa,W,7-4,7,4,3,win,20150228_u3bl,0,0,0,0,0.0,,,,0.0,,,2015,2014-15,Mendocino,mendocino,reggiepoints0076,Reggie Points
Mar 3,home,Contra Costa,W,7-2,7,2,5,win,20150303_7496,0,0,0,0,0.0,,,,0.0,,,2015,2014-15,Mendocino,mendocino,reggiepoints0076,Reggie Points
Mar 5,home,Napa,L,5-0,5,0,5,win,20150305_kt6v,0,0,0,0,0.0,,,,0.0,,,2015,2014-15,Mendocino,mendocino,reggiepoints0076,Reggie Points
Mar 7,home,Napa,L,11-3,11,3,8,win,20150307_77f6,0,0,0,0,0.0,,,,0.0,,,2015,2014-15,Mendocino,mendocino,reggiepoints0076,Reggie Points
Mar 17,home,Folsom Lake,L,7-2,7,2,5,win,20150317_ii5f,0,0,0,0,0.0,,,,0.0,,,2015,2014-15,Mendocino,mendocino,reggiepoints0076,Reggie Points
Mar 19,home,Yuba,W,6-4,6,4,2,win,20150319_hifj,0,0,0,0,0.0,,,,0.0,,,2015,2014-15,Mendocino,mendocino,reggiepoints0076,Reggie Points
Mar 21,home,Yuba,L,6-5,6,5,1,win,20150321_aa6u,0,0,0,0,0.0,,,,0.0,,,2015,2014-15,Mendocino,mendocino,reggiepoints0076,Reggie Points
Mar 28,home,Marin,W,9-5,9,5,4,win,20150328_bzas,0,0,0,0,0.0,,,,0.0,,,2015,2014-15,Mendocino,mendocino,reggiepoints0076,Reggie Points
Mar 31,home,Marin,L,13-0,13,0,13,win,20150331_5fti,0,0,0,0,0.0,,,,0.0,,,2015,2014-15,Mendocino,mendocino,reggiepoints0076,Reggie Points
Apr 2,home,Solano,L,7-3,7,3,4,win,20150402_x3g7,0,0,0,0,0.0,,,,0.0,,,2015,2014-15,Mendocino,mendocino,reggiepoints0076,Reggie Points
Apr 9,home,Contra Costa,W,4-3,4,3,1,win,20150409_0oty,0,0,0,0,0.0,,,,0.0,,,2015,2014-15,Mendocino,mendocino,reggiepoints0076,Reggie Points
Apr 10,home,Napa,W,5-3,5,3,2,win,20150410_noyn,0,0,0,0,0.0,,,,0.0,,,2015,2014-15,Mendocino,mendocino,reggiepoints0076,Reggie Points
Apr 14,home,Los Medanos,L,7-5,7,5,2,win,20150414_7n5t,0,0,0,0,0.0,,,,0.0,,,2015,2014-15,Mendocino,mendocino,reggiepoints0076,Reggie Points
Apr 17,home,Yuba,L,11-3,11,3,8,win,20150417_5xn7,0,0,0,0,0.0,,,,0.0,,,2015,2014-15,Mendocino,mendocino,reggiepoints0076,Reggie Points
Apr 23,home,Marin,L,17-12,17,12,5,win,20150423_ovej,0,0,0,0,0.0,,,,0.0,,,2015,2014-15,Mendocino,mendocino,reggiepoints0076,Reggie Points
Apr 24,home,Solano,L,7-5,7,5,2,win,20150424_u8k4,0,0,0,0,0.0,,,,0.0,,,2015,2014-15,Mendocino,mendocino,reggiepoints0076,Reggie Points
Feb 6,home,Siskiyous,W,9-6,9,6,3,win,20150206_d87l,0,0,0,0,0.0,,,,0.0,,,2015,2014-15,Folsom Lake,folsomlake,shaneboone3640,Shane Boone
Feb 7,home,Taft,L,17-4,17,4,13,win,20150207_mju4,0,0,0,0,0.0,,,,0.0,,,2015,2014-15,Folsom Lake,folsomlake,shaneboone3640,Shane Boone
Feb 14,home,Gavilan,W,13-4,13,4,9,win,20150214_torj,0,0,0,0,0.0,,,,0.0,,,2015,2014-15,Folsom Lake,folsomlake,shaneboone3640,Shane Boone
Feb 21,home,Monterey,W,2-0,2,0,2,win,20150221_emko,0,0,0,0,0.0,,,,0.0,,,2015,2014-15,Folsom Lake,folsomlake,shaneboone3640,Shane Boone
Feb 26,home,Los Medanos,W,6-4,6,4,2,win,20150226_p1fp,0,0,0,0,0.0,,,,0.0,,,2015,2014-15,Folsom Lake,folsomlake,shaneboone3640,Shane Boone
Mar 3,home,Marin,L,6-3,6,3,3,win,20150303_70sg,0,0,0,0,0.0,,,,0.0,,,2015,2014-15,Folsom Lake,folsomlake,shaneboone3640,Shane Boone
Mar 5,home,Solano,L,8-3,8,3,5,win,20150305_95dr,0,0,0,0,0.0,,,,0.0,,,2015,2014-15,Folsom Lake,folsomlake,shaneboone3640,Shane Boone
Mar 10,home,Yuba,W,13-6,13,6,7,win,20150310_050t,0,0,0,0,0.0,,,,0.0,,,2015,2014-15,Folsom Lake,folsomlake,shaneboone3640,Shane Boone
Mar 14,home,Mendocino,L,7-6,7,6,1,win,20150314_g0a9,0,0,0,0,0.0,,,,0.0,,,2015,2014-15,Folsom Lake,folsomlake,shaneboone3640,Shane Boone
Mar 21,home,Contra Costa,W,9-7,9,7,2,win,20150321_lxgw,0,0,0,0,0.0,,,,0.0,,,2015,2014-15,Folsom Lake,folsomlake,shaneboone3640,Shane Boone
Apr 10,home,Solano,L,11-3,11,3,8,win,20150410_d27z,0,0,0,0,0.0,,,,0.0,,,2015,2014-15,Folsom Lake,folsomlake,shaneboone3640,Shane Boone
Apr 21,home,Laney,L,16-5,16,5,11,win,20150421_zwga,0,0,0,0,0.0,,,,0.0,,,2015,2014-15,Folsom Lake,folsomlake,shaneboone3640,Shane Boone
Apr 23,home,Napa,L,10-4,10,4,6,win,20150423_fchi,0,0,0,0,0.0,,,,0.0,,,2015,2014-15,Folsom Lake,folsomlake,shaneboone3640,Shane Boone
May 2,home,Feather River,L,9-6,9,6,3,win,20150502_2nzi,0,0,0,0,0.0,,,,0.0,,,2015,2014-15,Folsom Lake,folsomlake,shaneboone3640,Shane Boone
Feb 10,home,LA Mission,L,7-4,7,4,3,win,20150210_j6vb,0,0,0,0,0.0,,,,0.0,,,2015,2014-15,LA Pierce,lapierce,austinpetersybrw,Austin Peters
Feb 12,home,Glendale,L,6-5,6,5,1,win,20150212_td24,0,0,0,0,1.0,1.0,,,0.0,,,2015,2014-15,LA Pierce,lapierce,austinpetersybrw,Austin Peters
Feb 14,home,Oxnard,L,11-7,11,7,4,win,20150214_aa1b,0,0,0,0,0.0,,,,0.0,,,2015,2014-15,LA Pierce,lapierce,austinpetersybrw,Austin Peters
Feb 17,home,Oxnard,L,6-4,6,4,2,win,20150217_6bqb,0,0,0,0,1.0,3.0,3.0,3.0,27.0,2.0,1.0,2015,2014-15,LA Pierce,lapierce,austinpetersybrw,Austin Peters
Feb 21,home,Moorpark,L,9-4,9,4,5,win,20150221_0lmh,0,0,0,0,3.1,2.0,,,0.0,2.0,5.0,2015,2014-15,LA Pierce,lapierce,austinpetersybrw,Austin Peters
Feb 28,home,Ventura,W,6-2,6,2,4,win,20150228_82z4,1,1,0,0,5.0,5.0,2.0,2.0,3.6,5.0,1.0,2015,2014-15,LA Pierce,lapierce,austinpetersybrw,Austin Peters
Mar 7,home,Santa Barbara,L,13-2,13,2,11,win,20150307_14fo,1,0,1,0,1.0,4.0,9.0,7.0,63.0,6.0,0.0,2015,2014-15,LA Pierce,lapierce,austinpetersybrw,Austin Peters
Mar 14,home,Cuesta,W,7-5,7,5,2,win,20150314_bl32,1,0,0,0,3.2,6.0,4.0,4.0,9.82,3.0,0.0,2015,2014-15,LA Pierce,lapierce,austinpetersybrw,Austin Peters
Mar 21,home,Oxnard,L,5-3,5,3,2,win,20150321_t1rz,1,0,1,0,6.1,8.0,5.0,5.0,7.11,3.0,3.0,2015,2014-15,LA Pierce,lapierce,austinpetersybrw,Austin Peters
Mar 27,home,Allan Hancock,W,4-2,4,2,2,win,20150327_l034,1,1,0,0,9.0,7.0,2.0,2.0,2.0,3.0,4.0,2015,2014-15,LA Pierce,lapierce,austinpetersybrw,Austin Peters
Apr 2,home,Santa Ana,L,18-3,18,3,15,win,20150402_erm0,0,0,0,0,0.0,,,,0.0,,,2015,2014-15,LA Pierce,lapierce,austinpetersybrw,Austin Peters
Apr 3,home,LA Harbor,L,10-3,10,3,7,win,20150403_31wk,1,0,1,0,5.1,9.0,5.0,4.0,6.75,4.0,1.0,2015,2014-15,LA Pierce,lapierce,austinpetersybrw,Austin Peters
Apr 11,home,Ventura,W,9-8,9,8,1,win,20150411_28v7,1,0,0,0,3.1,7.0,5.0,4.0,10.8,1.0,1.0,2015,2014-15,LA Pierce,lapierce,austinpetersybrw,Austin Peters
Apr 23,home,Cuesta,L,6-5,6,5,1,win,20150423_6uys,1,0,0,0,5.1,4.0,3.0,3.0,5.06,5.0,1.0,2015,2014-15,LA Pierce,lapierce,austinpetersybrw,Austin Peters
Apr 24,home,Cuesta,W,6-5,6,5,1,win,20150424_zkiu,0,0,0,0,0.0,,,,0.0,,,2015,2014-15,LA Pierce,lapierce,austinpetersybrw,Austin Peters
Jan 27,home,Saddleback,L,6-4,6,4,2,win,20150127_xzlf,0,0,0,0,0.0,,,,0.0,,,2015,2014-15,Mt. San Jacinto,mtsanjacinto,benmorenoghu5,Ben Moreno
Jan 29,home,Rio Hondo,L,9-4,9,4,5,win,20150129_icbk,0,0,0,0,0.0,,,,0.0,,,2015,2014-15,Mt. San Jacinto,mtsanjacinto,benmorenoghu5,Ben Moreno
Jan 30,home,Mt. San Antonio,L,6-4,6,4,2,win,20150130_3x10,0,0,0,0,0.0,,,,0.0,,,2015,2014-15,Mt. San Jacinto,mtsanjacinto,benmorenoghu5,Ben Moreno
Jan 31,home,East Los Angeles,L,5-2,5,2,3,win,20150131_gwb5,0,0,0,0,0.0,,,,0.0,,,2015,2014-15,Mt. San Jacinto,mtsanjacinto,benmorenoghu5,Ben Moreno
Feb 5,home,Citrus,W,7-4,7,4,3,win,20150205_jhca,0,0,0,0,0.0,,,,0.0,,,2015,2014-15,Mt. San Jacinto,mtsanjacinto,benmorenoghu5,Ben Moreno
Feb 7,home,Citrus,L,9-7,9,7,2,win,20150207_ape7,0,0,0,0,0.0,,,,0.0,,,2015,2014-15,Mt. San Jacinto,mtsanjacinto,benmorenoghu5,Ben Moreno
Feb 10,home,Mt. San Antonio,L,10-2,10,2,8,win,20150210_1xal,0,0,0,0,0.0,,,,0.0,,,2015,2014-15,Mt. San Jacinto,mtsanjacinto,benmorenoghu5,Ben Moreno
Feb 12,home,Cerritos,W,5-3,5,3,2,win,20150212_aa3a,0,0,0,0,0.0,,,,0.0,,,2015,2014-15,Mt. San Jacinto,mtsanjacinto,benmorenoghu5,Ben Moreno
Feb 17,home,Fullerton,L,12-1,12,1,11,win,20150217_kccc,0,0,0,0,0.0,,,,0.0,,,2015,2014-15,Mt. San Jacinto,mtsanjacinto,benmorenoghu5,Ben Moreno
Feb 19,home,Riverside,L,9-8,9,8,1,win,20150219_z49w,0,0,0,0,0.0,,,,0.0,,,2015,2014-15,Mt. San Jacinto,mtsanjacinto,benmorenoghu5,Ben Moreno
Feb 21,home,Imperial Valley,W,8-5,8,5,3,win,20150221_if58,0,0,0,0,0.0,,,,0.0,,,2015,2014-15,Mt. San Jacinto,mtsanjacinto,benmorenoghu5,Ben Moreno
Feb 24,home,San Diego Mesa,L,18-13,18,13,5,win,20150224_5lq3,0,0,0,0,0.0,,,,0.0,,,2015,2014-15,Mt. San Jacinto,mtsanjacinto,benmorenoghu5,Ben Moreno
Feb 27,home,Grossmont,W,10-2,10,2,8,win,20150227_8snh,0,0,0,0,0.0,,,,0.0,,,2015,2014-15,Mt. San Jacinto,mtsanjacinto,benmorenoghu5,Ben Moreno
Mar 5,home,Southwestern,L,10-1,10,1,9,win,20150305_xkak,0,0,0,0,0.0,,,,0.0,,,2015,2014-15,Mt. San Jacinto,mtsanjacinto,benmorenoghu5,Ben Moreno
Mar 6,home,Palomar,L,7-0,7,0,7,win,20150306_0c1t,0,0,0,0,0.0,,,,0.0,,,2015,2014-15,Mt. San Jacinto,mtsanjacinto,benmorenoghu5,Ben Moreno
Mar 7,home,San Diego City,W,12-2,12,2,10,win,20150307_k2nd,0,0,0,0,0.0,,,,0.0,,,2015,2014-15,Mt. San Jacinto,mtsanjacinto,benmorenoghu5,Ben Moreno
Mar 10,home,Imperial Valley,W,13-4,13,4,9,win,20150310_grq5,0,0,0,0,0.0,,,,0.0,,,2015,2014-15,Mt. San Jacinto,mtsanjacinto,benmorenoghu5,Ben Moreno
Mar 12,home,Imperial Valley,W,11-0,11,0,11,win,20150312_69cg,0,0,0,0,0.0,,,,0.0,,,2015,2014-15,Mt. San Jacinto,mtsanjacinto,benmorenoghu5,Ben Moreno
Mar 13,home,Imperial Valley,W,9-4,9,4,5,win,20150313_9a35,0,0,0,0,0.0,,,,0.0,,,2015,2014-15,Mt. San Jacinto,mtsanjacinto,benmorenoghu5,Ben Moreno
Mar 17,home,San Diego Mesa,L,5-4,5,4,1,win,20150317_3sft,0,0,0,0,0.0,,,,0.0,,,2015,2014-15,Mt. San Jacinto,mtsanjacinto,benmorenoghu5,Ben Moreno
Mar 19,home,San Diego Mesa,L,7-5,7,5,2,win,20150319_0wbi,0,0,0,0,0.0,,,,0.0,,,2015,2014-15,Mt. San Jacinto,mtsanjacinto,benmorenoghu5,Ben Moreno
Mar 31,home,Grossmont,L,9-8,9,8,1,win,20150331_xpc6,0,0,0,0,0.0,,,,0.0,,,2015,2014-15,Mt. San Jacinto,mtsanjacinto,benmorenoghu5,Ben Moreno
Apr 2,home,Grossmont,L,12-6,12,6,6,win,20150402_yzpu,0,0,0,0,0.0,,,,0.0,,,2015,2014-15,Mt. San Jacinto,mtsanjacinto,benmorenoghu5,Ben Moreno
Apr 3,home,Grossmont,W,5-0,5,0,5,win,20150403_o101,0,0,0,0,0.0,,,,0.0,,,2015,2014-15,Mt. San Jacinto,mtsanjacinto,benmorenoghu5,Ben Moreno
Apr 7,home,Palomar,L,3-2,3,2,1,win,20150407_il6b,0,0,0,0,0.0,,,,0.0,,,2015,2014-15,Mt. San Jacinto,mtsanjacinto,benmorenoghu5,Ben Moreno
Apr 9,home,Palomar,L,9-2,9,2,7,win,20150409_w7ub,0,0,0,0,0.0,,,,0.0,,,2015,2014-15,Mt. San Jacinto,mtsanjacinto,benmorenoghu5,Ben Moreno
Apr 11,home,Palomar,L,6-2,6,2,4,win,20150411_jhxt,0,0,0,0,0.0,,,,0.0,,,2015,2014-15,Mt. San Jacinto,mtsanjacinto,benmorenoghu5,Ben Moreno
Apr 14,home,Southwestern,L,4-2,4,2,2,win,20150414_3awm,0,0,0,0,0.0,,,,0.0,,,2015,2014-15,Mt. San Jacinto,mtsanjacinto,benmorenoghu5,Ben Moreno
Apr 16,home,Southwestern,L,14-8,14,8,6,win,20150416_c5v4,0,0,0,0,0.0,,,,0.0,,,2015,2014-15,Mt. San Jacinto,mtsanjacinto,benmorenoghu5,Ben Moreno
Apr 18,home,Southwestern,L,11-6,11,6,5,win,20150418_1gar,0,0,0,0,0.0,,,,0.0,,,2015,2014-15,Mt. San Jacinto,mtsanjacinto,benmorenoghu5,Ben Moreno
Apr 21,home,San Diego City,L,13-7,13,7,6,win,20150421_yxtq,0,0,0,0,0.0,,,,0.0,,,2015,2014-15,Mt. San Jacinto,mtsanjacinto,benmorenoghu5,Ben Moreno
Feb 19,home,Laney,L,8-3,8,3,5,win,20150219_4t76,0,0,0,0,0.0,,,,0.0,,,2015,2014-15,Canada,canada,emilianorioszd4i,Emiliano Rios
Mar 24,home,Skyline,W,3-0,3,0,3,win,20150324_6e1k,0,0,0,0,0.0,,,,0.0,,,2015,2014-15,Canada,canada,emilianorioszd4i,Emiliano Rios
Mar 31,home,De Anza,L,1-0,1,0,1,win,20150331_q14r,0,0,0,0,0.0,,,,0.0,,,2015,2014-15,Canada,canada,emilianorioszd4i,Emiliano Rios
Apr 4,home,Monterey,L,8-4,8,4,4,win,20150404_edkv,0,0,0,0,0.0,,,,0.0,,,2015,2014-15,Canada,canada,emilianorioszd4i,Emiliano Rios
Apr 23,home,Ohlone,L,12-2,12,2,10,win,20150423_erb7,0,0,0,0,0.0,,,,0.0,,,2015,2014-15,Canada,canada,emilianorioszd4i,Emiliano Rios
Feb 4,home,Folsom Lake,W,8-1,8,1,7,win,20150204_202t,0,0,0,0,0.0,,,,0.0,,,2015,2014-15,Sierra,sierra,joeyraymondbhh0,Joey Raymond
Feb 5,home,Feather River,L,6-4,6,4,2,win,20150205_zkth,0,0,0,0,0.0,,,,0.0,,,2015,2014-15,Sierra,sierra,joeyraymondbhh0,Joey Raymond
Mar 3,home,San Joaquin  Delta,L,16-5,16,5,11,win,20150303_gd2o,0,0,0,0,0.0,,,,0.0,,,2015,2014-15,Sierra,sierra,joeyraymondbhh0,Joey Raymond
Mar 17,home,Diablo Valley,W,7-3,7,3,4,win,20150317_da0f,0,0,0,0,0.0,,,,0.0,,,2015,2014-15,Sierra,sierra,joeyraymondbhh0,Joey Raymond
Mar 26,home,Sacramento City,W,2-1,2,1,1,win,20150326_ivv6,0,0,0,0,0.0,,,,0.0,,,2015,2014-15,Sierra,sierra,joeyraymondbhh0,Joey Raymond
Apr 16,home,American River,L,7-1,7,1,6,win,20150416_ouxq,0,0,0,0,0.0,,,,0.0,,,2015,2014-15,Sierra,sierra,joeyraymondbhh0,Joey Raymond
Feb 3,home,Sacramento City,W,10-2,10,2,8,win,20150203_pcua,0,0,0,0,0.0,,,,0.0,,,2015,2014-15,Chabot,chabot,danielburschingerwhme,Daniel Burschinger
Mar 6,home,Mission,W,12-6,12,6,6,win,20150306_t3wo,0,0,0,0,0.0,,,,0.0,,,2015,2014-15,Chabot,chabot,danielburschingerwhme,Daniel Burschinger
Mar 10,home,Skyline,L,9-5,9,5,4,win,20150310_4zhc,0,0,0,0,0.0,,,,0.0,,,2015,2014-15,Chabot,chabot,danielburschingerwhme,Daniel Burschinger
Mar 12,home,San Francisco,L,3-2,3,2,1,win,20150312_6817,0,0,0,0,0.0,,,,0.0,,,2015,2014-15,Chabot,chabot,danielburschingerwhme,Daniel Burschinger
Mar 14,home,De Anza,L,17-4,17,4,13,win,20150314_zg9i,0,0,0,0,0.0,,,,0.0,,,2015,2014-15,Chabot,chabot,danielburschingerwhme,Daniel Burschinger
Mar 19,home,San Francisco,W,7-1,7,1,6,win,20150319_9i8v,0,0,0,0,0.0,,,,0.0,,,2015,2014-15,Chabot,chabot,danielburschingerwhme,Daniel Burschinger
Mar 21,home,San Mateo,L,9-3,9,3,6,win,20150321_gcby,0,0,0,0,0.0,,,,0.0,,,2015,2014-15,Chabot,chabot,danielburschingerwhme,Daniel Burschinger
Mar 26,home,West Valley,L,12-10,12,10,2,win,20150326_e4jh,0,0,0,0,0.0,,,,0.0,,,2015,2014-15,Chabot,chabot,danielburschingerwhme,Daniel Burschinger
Mar 28,home,Canada,W,10-3,10,3,7,win,20150328_n3us,0,0,0,0,0.0,,,,0.0,,,2015,2014-15,Chabot,chabot,danielburschingerwhme,Daniel Burschinger
Mar 31,home,Gavilan,W,17-11,17,11,6,win,20150330_cog5,0,0,0,0,0.0,,,,0.0,,,2015,2014-15,Chabot,chabot,danielburschingerwhme,Daniel Burschinger
Apr 2,home,De Anza,W,6-5,6,5,1,win,20150401_cgjl,0,0,0,0,0.0,,,,0.0,,,2015,2014-15,Chabot,chabot,danielburschingerwhme,Daniel Burschinger
Apr 7,home,Hartnell,W,5-4,5,4,1,win,20150407_r1qt,0,0,0,0,0.0,,,,0.0,,,2015,2014-15,Chabot,chabot,danielburschingerwhme,Daniel Burschinger
Apr 9,home,De Anza,W,15-4,15,4,11,win,20150408_m9ov,0,0,0,0,0.0,,,,0.0,,,2015,2014-15,Chabot,chabot,danielburschingerwhme,Daniel Burschinger
Apr 11,home,West Valley,W,21-9,21,9,12,win,20150411_9xwn,0,0,0,0,0.0,,,,0.0,,,2015,2014-15,Chabot,chabot,danielburschingerwhme,Daniel Burschinger
Apr 14,home,Monterey,L,8-4,8,4,4,win,20150414_r7ws,0,0,0,0,0.0,,,,0.0,,,2015,2014-15,Chabot,chabot,danielburschingerwhme,Daniel Burschinger
Apr 16,home,San Mateo,L,6-3,6,3,3,win,20150416_5tnc,0,0,0,0,0.0,,,,0.0,,,2015,2014-15,Chabot,chabot,danielburschingerwhme,Daniel Burschinger
Apr 18,home,Mission,W,6-4,6,4,2,win,20150418_y3rg,0,0,0,0,0.0,,,,0.0,,,2015,2014-15,Chabot,chabot,danielburschingerwhme,Daniel Burschinger
Apr 21,home,San Francisco,W,9-3,9,3,6,win,20150421_5s6h,0,0,0,0,0.0,,,,0.0,,,2015,2014-15,Chabot,chabot,danielburschingerwhme,Daniel Burschinger
Apr 22,home,San Mateo,W,15-13,15,13,2,win,20150422_8bl5,0,0,0,0,0.0,,,,0.0,,,2015,2014-15,Chabot,chabot,danielburschingerwhme,Daniel Burschinger
Jan 31,home,Grossmont,L,7-0,7,0,7,win,20150131_dmk2,0,0,0,0,0.0,,,,0.0,,,2015,2014-15,Long Beach,longbeach,aaronfawcetthswc,Aaron Fawcett
Feb 3,home,Grossmont,L,6-3,6,3,3,win,20150203_plrl,0,0,0,0,0.0,,,,0.0,,,2015,2014-15,Long Beach,longbeach,aaronfawcetthswc,Aaron Fawcett
Feb 5,home,West LA,L,4-2,4,2,2,win,20150205_ezgq,0,0,0,0,0.0,,,,0.0,,,2015,2014-15,Long Beach,longbeach,aaronfawcetthswc,Aaron Fawcett
Feb 10,home,Orange Coast,L,6-5,6,5,1,win,20150210_55d0,0,0,0,0,0.0,,,,0.0,,,2015,2014-15,Long Beach,longbeach,aaronfawcetthswc,Aaron Fawcett
Feb 19,home,Barstow,L,10-7,10,7,3,win,20150219_9bzk,0,0,0,0,0.0,,,,0.0,,,2015,2014-15,Long Beach,longbeach,aaronfawcetthswc,Aaron Fawcett
Feb 21,home,Irvine Valley,L,2-1,2,1,1,win,20150221_ye6u,0,0,0,0,0.0,,,,0.0,,,2015,2014-15,Long Beach,longbeach,aaronfawcetthswc,Aaron Fawcett
Mar 3,home,El Camino,W,5-4,5,4,1,win,20150303_f75j,0,0,0,0,0.0,,,,0.0,,,2015,2014-15,Long Beach,longbeach,aaronfawcetthswc,Aaron Fawcett
Mar 5,home,El Camino,W,8-6,8,6,2,win,20150305_yiwz,0,0,0,0,0.0,,,,0.0,,,2015,2014-15,Long Beach,longbeach,aaronfawcetthswc,Aaron Fawcett
Mar 7,home,El Camino,W,7-2,7,2,5,win,20150307_wttl,0,0,0,0,0.0,,,,0.0,,,2015,2014-15,Long Beach,longbeach,aaronfawcetthswc,Aaron Fawcett
Mar 10,home,LA Harbor,W,5-4,5,4,1,win,20150310_7g9g,0,0,0,0,0.0,,,,0.0,,,2015,2014-15,Long Beach,longbeach,aaronfawcetthswc,Aaron Fawcett
Mar 14,home,LA Harbor,L,7-2,7,2,5,win,20150314_loot,0,0,0,0,0.0,,,,0.0,,,2015,2014-15,Long Beach,longbeach,aaronfawcetthswc,Aaron Fawcett
Mar 17,home,Cerritos,W,3-0,3,0,3,win,20150317_311n,0,0,0,0,0.0,,,,0.0,,,2015,2014-15,Long Beach,longbeach,aaronfawcetthswc,Aaron Fawcett
Mar 19,home,Cerritos,L,11-2,11,2,9,win,20150319_pksn,0,0,0,0,0.0,,,,0.0,,,2015,2014-15,Long Beach,longbeach,aaronfawcetthswc,Aaron Fawcett
Mar 21,home,Cerritos,W,3-2,3,2,1,win,20150321_560e,0,0,0,0,0.0,,,,0.0,,,2015,2014-15,Long Beach,longbeach,aaronfawcetthswc,Aaron Fawcett
Mar 24,home,East Los Angeles,W,4-3,4,3,1,win,20150324_ktl9,0,0,0,0,0.0,,,,0.0,,,2015,2014-15,Long Beach,longbeach,aaronfawcetthswc,Aaron Fawcett
Mar 26,home,East Los Angeles,L,4-0,4,0,4,win,20150326_dsnu,0,0,0,0,0.0,,,,0.0,,,2015,2014-15,Long Beach,longbeach,aaronfawcetthswc,Aaron Fawcett
Mar 28,home,East Los Angeles,W,4-3,4,3,1,win,20150328_qbzu,0,0,0,0,0.0,,,,0.0,,,2015,2014-15,Long Beach,longbeach,aaronfawcetthswc,Aaron Fawcett
Mar 30,home,Oxnard,L,9-8,9,8,1,win,20150330_9mrp,0,0,0,0,0.0,,,,0.0,,,2015,2014-15,Long Beach,longbeach,aaronfawcetthswc,Aaron Fawcett
Mar 31,home,Antelope Valley,L,9-8,9,8,1,win,20150331_c4zo,0,0,0,0,0.0,,,,0.0,,,2015,2014-15,Long Beach,longbeach,aaronfawcetthswc,Aaron Fawcett
Apr 2,home,Antelope Valley,W,5-2,5,2,3,win,20150402_ti0h,0,0,0,0,0.0,,,,0.0,,,2015,2014-15,Long Beach,longbeach,aaronfawcetthswc,Aaron Fawcett
Apr 7,home,Mt. San Antonio,W,5-2,5,2,3,win,20150407_wo0f,0,0,0,0,0.0,,,,0.0,,,2015,2014-15,Long Beach,longbeach,aaronfawcetthswc,Aaron Fawcett
Apr 9,home,Mt. San Antonio,W,1-0,1,0,1,win,20150409_wdo5,0,0,0,0,0.0,,,,0.0,,,2015,2014-15,Long Beach,longbeach,aaronfawcetthswc,Aaron Fawcett
Apr 11,home,Mt. San Antonio,L,10-8,10,8,2,win,20150411_jyee,0,0,0,0,0.0,,,,0.0,,,2015,2014-15,Long Beach,longbeach,aaronfawcetthswc,Aaron Fawcett
Apr 14,home,Pasadena,W,10-3,10,3,7,win,20150414_3i39,0,0,0,0,0.0,,,,0.0,,,2015,2014-15,Long Beach,longbeach,aaronfawcetthswc,Aaron Fawcett
Apr 16,home,Pasadena,W,2-0,2,0,2,win,20150416_6ept,0,0,0,0,0.0,,,,0.0,,,2015,2014-15,Long Beach,longbeach,aaronfawcetthswc,Aaron Fawcett
Apr 18,home,Pasadena,W,7-0,7,0,7,win,20150418_qr2u,0,0,0,0,0.0,,,,0.0,,,2015,2014-15,Long Beach,longbeach,aaronfawcetthswc,Aaron Fawcett
Apr 21,home,El Camino-Compton Center,L,15-8,15,8,7,win,20150421_00qc,0,0,0,0,0.0,,,,0.0,,,2015,2014-15,Long Beach,longbeach,aaronfawcetthswc,Aaron Fawcett
Apr 23,home,El Camino-Compton Center,L,2-1,2,1,1,win,20150423_7o06,0,0,0,0,0.0,,,,0.0,,,2015,2014-15,Long Beach,longbeach,aaronfawcetthswc,Aaron Fawcett
Apr 24,home,El Camino-Compton Center,W,8-6,8,6,2,win,20150424_8uo9,0,0,0,0,0.0,,,,0.0,,,2015,2014-15,Long Beach,longbeach,aaronfawcetthswc,Aaron Fawcett
May 1,home,Orange Coast,L,18-3,18,3,15,win,20150501_jfaw,0,0,0,0,0.0,,,,0.0,,,2015,2014-15,Long Beach,longbeach,aaronfawcetthswc,Aaron Fawcett
May 2,home,Orange Coast,L,3-2,3,2,1,win,20150502_7qmy,0,0,0,0,0.0,,,,0.0,,,2015,2014-15,Long Beach,longbeach,aaronfawcetthswc,Aaron Fawcett
Jan 27,home,LA Mission,L,10-7,10,7,3,win,20150127_wati,0,0,0,0,0.0,,,,0.0,,,2015,2014-15,San Bernardino,sanbernardino,austinberglund9a6s,Austin Berglund
Jan 31,home,El Camino-Compton Center,W,4-2,4,2,2,win,20150131_owhz,0,0,0,0,0.0,,,,0.0,,,2015,2014-15,San Bernardino,sanbernardino,austinberglund9a6s,Austin Berglund
Feb 3,home,Citrus,L,10-7,10,7,3,win,20150203_zzan,0,0,0,0,0.0,,,,0.0,,,2015,2014-15,San Bernardino,sanbernardino,austinberglund9a6s,Austin Berglund
Feb 5,home,Cypress,L,2-0,2,0,2,win,20150205_ml2m,0,0,0,0,0.0,,,,0.0,,,2015,2014-15,San Bernardino,sanbernardino,austinberglund9a6s,Austin Berglund
Feb 6,home,Palomar,L,12-3,12,3,9,win,20150206_nlco,0,0,0,0,0.0,,,,0.0,,,2015,2014-15,San Bernardino,sanbernardino,austinberglund9a6s,Austin Berglund
Feb 7,home,Desert,W,11-5,11,5,6,win,20150207_6350,0,0,0,0,0.0,,,,0.0,,,2015,2014-15,San Bernardino,sanbernardino,austinberglund9a6s,Austin Berglund
Feb 10,home,El Camino,L,16-3,16,3,13,win,20150210_8ekt,0,0,0,0,0.0,,,,0.0,,,2015,2014-15,San Bernardino,sanbernardino,austinberglund9a6s,Austin Berglund
Feb 12,home,El Camino,L,5-0,5,0,5,win,20150212_2rez,0,0,0,0,0.0,,,,0.0,,,2015,2014-15,San Bernardino,sanbernardino,austinberglund9a6s,Austin Berglund
Feb 14,home,El Camino,L,5-3,5,3,2,win,20150214_oxs8,0,0,0,0,0.0,,,,0.0,,,2015,2014-15,San Bernardino,sanbernardino,austinberglund9a6s,Austin Berglund
Feb 17,home,El Camino-Compton Center,W,9-6,9,6,3,win,20150217_920x,0,0,0,0,0.0,,,,0.0,,,2015,2014-15,San Bernardino,sanbernardino,austinberglund9a6s,Austin Berglund
Feb 19,home,Citrus,W,3-2,3,2,1,win,20150219_67lw,0,0,0,0,0.0,,,,0.0,,,2015,2014-15,San Bernardino,sanbernardino,austinberglund9a6s,Austin Berglund
Feb 24,home,Cerro Coso,W,27-6,27,6,21,win,20150224_bprz,0,0,0,0,0.0,,,,0.0,,,2015,2014-15,San Bernardino,sanbernardino,austinberglund9a6s,Austin Berglund
Feb 28,home,Victor Valley,L,7-6,7,6,1,win,20150228_xaq9,0,0,0,0,0.0,,,,0.0,,,2015,2014-15,San Bernardino,sanbernardino,austinberglund9a6s,Austin Berglund
Mar 3,home,Desert,W,10-2,10,2,8,win,20150303_b3hk,0,0,0,0,0.0,,,,0.0,,,2015,2014-15,San Bernardino,sanbernardino,austinberglund9a6s,Austin Berglund
Mar 5,home,Chaffey,W,11-4,11,4,7,win,20150305_kugx,0,0,0,0,0.0,,,,0.0,,,2015,2014-15,San Bernardino,sanbernardino,austinberglund9a6s,Austin Berglund
Mar 7,home,Rio Hondo,L,6-5,6,5,1,win,20150307_1he3,0,0,0,0,0.0,,,,0.0,,,2015,2014-15,San Bernardino,sanbernardino,austinberglund9a6s,Austin Berglund
Mar 10,home,Barstow,W,11-7,11,7,4,win,20150310_0v7c,0,0,0,0,0.0,,,,0.0,,,2015,2014-15,San Bernardino,sanbernardino,austinberglund9a6s,Austin Berglund
Mar 12,home,Barstow,W,7-0,7,0,7,win,20150312_dgmd,0,0,0,0,0.0,,,,0.0,,,2015,2014-15,San Bernardino,sanbernardino,austinberglund9a6s,Austin Berglund
Mar 14,home,Barstow,W,8-2,8,2,6,win,20150314_3sjw,0,0,0,0,0.0,,,,0.0,,,2015,2014-15,San Bernardino,sanbernardino,austinberglund9a6s,Austin Berglund
Mar 17,home,Cerro Coso,W,17-7,17,7,10,win,20150317_u72p,0,0,0,0,0.0,,,,0.0,,,2015,2014-15,San Bernardino,sanbernardino,austinberglund9a6s,Austin Berglund
Mar 19,home,Cerro Coso,W,10-5,10,5,5,win,20150319_9wna,0,0,0,0,0.0,,,,0.0,,,2015,2014-15,San Bernardino,sanbernardino,austinberglund9a6s,Austin Berglund
Mar 21,home,Cerro Coso,W,9-6,9,6,3,win,20150321_3zwu,0,0,0,0,0.0,,,,0.0,,,2015,2014-15,San Bernardino,sanbernardino,austinberglund9a6s,Austin Berglund
Mar 31,home,Victor Valley,W,13-5,13,5,8,win,20150331_qgq8,0,0,0,0,0.0,,,,0.0,,,2015,2014-15,San Bernardino,sanbernardino,austinberglund9a6s,Austin Berglund
Apr 2,home,Victor Valley,W,11-2,11,2,9,win,20150402_pr7u,0,0,0,0,0.0,,,,0.0,,,2015,2014-15,San Bernardino,sanbernardino,austinberglund9a6s,Austin Berglund
Apr 4,home,Victor Valley,W,15-6,15,6,9,win,20150404_30w6,0,0,0,0,0.0,,,,0.0,,,2015,2014-15,San Bernardino,sanbernardino,austinberglund9a6s,Austin Berglund
Apr 7,home,Desert,W,5-1,5,1,4,win,20150407_1oyg,0,0,0,0,0.0,,,,0.0,,,2015,2014-15,San Bernardino,sanbernardino,austinberglund9a6s,Austin Berglund
Apr 9,home,Desert,W,12-2,12,2,10,win,20150409_79wp,0,0,0,0,0.0,,,,0.0,,,2015,2014-15,San Bernardino,sanbernardino,austinberglund9a6s,Austin Berglund
Apr 11,home,Desert,W,14-5,14,5,9,win,20150411_lxab,0,0,0,0,0.0,,,,0.0,,,2015,2014-15,San Bernardino,sanbernardino,austinberglund9a6s,Austin Berglund
Apr 14,home,Chaffey,W,8-2,8,2,6,win,20150414_4vhc,0,0,0,0,0.0,,,,0.0,,,2015,2014-15,San Bernardino,sanbernardino,austinberglund9a6s,Austin Berglund
Apr 16,home,Chaffey,L,6-2,6,2,4,win,20150416_uwx1,0,0,0,0,0.0,,,,0.0,,,2015,2014-15,San Bernardino,sanbernardino,austinberglund9a6s,Austin Berglund
Apr 18,home,Chaffey,W,8-3,8,3,5,win,20150418_3kpp,0,0,0,0,0.0,,,,0.0,,,2015,2014-15,San Bernardino,sanbernardino,austinberglund9a6s,Austin Berglund
Apr 21,home,Rio Hondo,L,3-1,3,1,2,win,20150421_1hph,0,0,0,0,0.0,,,,0.0,,,2015,2014-15,San Bernardino,sanbernardino,austinberglund9a6s,Austin Berglund
Apr 23,home,Rio Hondo,W,21-7,21,7,14,win,20150423_n3uv,0,0,0,0,0.0,,,,0.0,,,2015,2014-15,San Bernardino,sanbernardino,austinberglund9a6s,Austin Berglund
Apr 24,home,Rio Hondo,W,1-0,1,0,1,win,20150424_pnyk,0,0,0,0,0.0,,,,0.0,,,2015,2014-15,San Bernardino,sanbernardino,austinberglund9a6s,Austin Berglund
May 1,home,Saddleback,L,18-8,18,8,10,win,20150501_otcc,0,0,0,0,0.0,,,,0.0,,,2015,2014-15,San Bernardino,sanbernardino,austinberglund9a6s,Austin Berglund
May 2,home,Saddleback,L,11-3,11,3,8,win,20150502_lypr,0,0,0,0,0.0,,,,0.0,,,2015,2014-15,San Bernardino,sanbernardino,austinberglund9a6s,Austin Berglund
Jan 30,home,West Hills Coalinga,W,15-7,15,7,8,win,20150130_9r5h,0,0,0,0,3.0,9.0,7.0,7.0,21.0,1.0,1.0,2015,2014-15,Siskiyous,siskiyous,zacherykentnerua4e,Zachery Kentner
Feb 14,home,Ohlone,L,3-1,3,1,2,win,20150214_fzu3,0,0,0,0,0.0,,,,0.0,,,2015,2014-15,Siskiyous,siskiyous,zacherykentnerua4e,Zachery Kentner
Feb 25,home,Feather River,L,13-3,13,3,10,win,20150225_gwxy,0,0,0,0,0.0,2.0,2.0,2.0,inf,,,2015,2014-15,Siskiyous,siskiyous,zacherykentnerua4e,Zachery Kentner
Mar 7,home,Shasta,L,6-5,6,5,1,win,20150307_xlxp,0,0,0,0,0.0,,,,0.0,,,2015,2014-15,Siskiyous,siskiyous,zacherykentnerua4e,Zachery Kentner
Mar 13,home,Redwoods,W,3-0,3,0,3,win,20150313_2qyk,0,0,0,0,0.0,,,,0.0,,,2015,2014-15,Siskiyous,siskiyous,zacherykentnerua4e,Zachery Kentner
Mar 14,home,Redwoods,W,6-5,6,5,1,win,20150314_6qwe,0,0,0,0,0.0,,,,0.0,,,2015,2014-15,Siskiyous,siskiyous,zacherykentnerua4e,Zachery Kentner
Mar 20,home,Lassen,L,6-3,6,3,3,win,20150320_wkpl,0,0,0,0,0.2,1.0,,,0.0,,,2015,2014-15,Siskiyous,siskiyous,zacherykentnerua4e,Zachery Kentner
Mar 21,home,Lassen,L,15-6,15,6,9,win,20150321_fg3m,0,0,0,0,0.0,,,,0.0,,,2015,2014-15,Siskiyous,siskiyous,zacherykentnerua4e,Zachery Kentner
Mar 28,home,Butte,L,10-1,10,1,9,win,20150328_43uk,0,0,0,0,1.0,2.0,1.0,1.0,9.0,,,2015,2014-15,Siskiyous,siskiyous,zacherykentnerua4e,Zachery Kentner
Mar 28,home,Butte,L,11-1,11,1,10,win,20150328_8w6x,0,0,0,0,1.1,2.0,1.0,1.0,6.75,1.0,,2015,2014-15,Siskiyous,siskiyous,zacherykentnerua4e,Zachery Kentner
Apr 3,home,Feather River,L,5-2,5,2,3,win,20150403_02cw,0,0,0,0,4.0,2.0,1.0,1.0,2.25,2.0,2.0,2015,2014-15,Siskiyous,siskiyous,zacherykentnerua4e,Zachery Kentner
Apr 9,home,Shasta,W,6-5,6,5,1,win,20150409_zgpd,0,0,0,0,2.1,2.0,,,0.0,1.0,,2015,2014-15,Siskiyous,siskiyous,zacherykentnerua4e,Zachery Kentner
Apr 18,home,Lassen,L,14-4,14,4,10,win,20150418_dsbv,0,0,0,0,1.0,3.0,5.0,4.0,36.0,2.0,1.0,2015,2014-15,Siskiyous,siskiyous,zacherykentnerua4e,Zachery Kentner
Apr 23,home,Butte,L,4-2,4,2,2,win,20150423_ak0b,0,0,0,0,0.0,,,,0.0,,,2015,2014-15,Siskiyous,siskiyous,zacherykentnerua4e,Zachery Kentner
Apr 23,home,Butte,L,3-2,3,2,1,win,20150423_h1kn,0,0,0,0,0.0,,,,0.0,,,2015,2014-15,Siskiyous,siskiyous,zacherykentnerua4e,Zachery Kentner
Jan 30,home,Mt. San Jacinto,W,6-4,6,4,2,win,20150130_3x10,0,0,0,0,0.0,,,,0.0,,,2015,2014-15,Mt. San Antonio,mtsanantonio,aarenvaughnsqwdb,Aaren Vaughns
Jan 31,home,Canyons,W,6-5,6,5,1,win,20150131_sqg3,0,0,0,0,0.0,,,,0.0,,,2015,2014-15,Mt. San Antonio,mtsanantonio,aarenvaughnsqwdb,Aaren Vaughns
Feb 7,home,Fullerton,L,6-5,6,5,1,win,20150207_8559,0,0,0,0,0.0,,,,0.0,,,2015,2014-15,Mt. San Antonio,mtsanantonio,aarenvaughnsqwdb,Aaren Vaughns
Feb 18,home,Rio Hondo,W,7-0,7,0,7,win,20150218_ywqz,0,0,0,0,0.0,,,,0.0,,,2015,2014-15,Mt. San Antonio,mtsanantonio,aarenvaughnsqwdb,Aaren Vaughns
Feb 21,home,Santa Ana,L,5-4,5,4,1,win,20150221_yaeg,0,0,0,0,0.0,,,,0.0,,,2015,2014-15,Mt. San Antonio,mtsanantonio,aarenvaughnsqwdb,Aaren Vaughns
Jan 29,home,San Diego Mesa,L,8-1,8,1,7,win,20150129_2v4m,0,0,0,0,0.0,,,,0.0,,,2015,2014-15,Ventura,ventura,bradleyfullertonmzaz,Bradley Fullerton
Jan 30,home,Cypress,L,4-3,4,3,1,win,20150130_gopd,0,0,0,0,0.0,,,,0.0,,,2015,2014-15,Ventura,ventura,bradleyfullertonmzaz,Bradley Fullerton
Jan 31,home,Cypress,L,11-4,11,4,7,win,20150131_q00k,0,0,0,0,0.0,,,,0.0,,,2015,2014-15,Ventura,ventura,bradleyfullertonmzaz,Bradley Fullerton
Feb 5,home,Cerritos,L,6-4,6,4,2,win,20150205_gcsf,0,0,0,0,0.0,,,,0.0,,,2015,2014-15,Ventura,ventura,bradleyfullertonmzaz,Bradley Fullerton
Feb 6,home,West Hills Coalinga,W,4-0,4,0,4,win,20150206_npae,0,0,0,0,0.0,,,,0.0,,,2015,2014-15,Ventura,ventura,bradleyfullertonmzaz,Bradley Fullerton
Feb 10,home,Citrus,L,4-2,4,2,2,win,20150210_nn81,0,0,0,0,0.0,,,,0.0,,,2015,2014-15,Ventura,ventura,bradleyfullertonmzaz,Bradley Fullerton
Feb 12,home,Mt. San Antonio,L,7-4,7,4,3,win,20150212_vx18,0,0,0,0,0.0,,,,0.0,,,2015,2014-15,Ventura,ventura,bradleyfullertonmzaz,Bradley Fullerton
Feb 14,home,Allan Hancock,L,5-1,5,1,4,win,20150214_2rav,0,0,0,0,0.0,,,,0.0,,,2015,2014-15,Ventura,ventura,bradleyfullertonmzaz,Bradley Fullerton
Feb 17,home,Allan Hancock,L,4-0,4,0,4,win,20150217_tdsh,0,0,0,0,0.0,,,,0.0,,,2015,2014-15,Ventura,ventura,bradleyfullertonmzaz,Bradley Fullerton
Feb 20,home,Pasadena,W,2-1,2,1,1,win,20150220_x4sf,0,0,0,0,0.0,,,,0.0,,,2015,2014-15,Ventura,ventura,bradleyfullertonmzaz,Bradley Fullerton
Feb 21,home,Citrus,W,6-2,6,2,4,win,20150221_89xb,0,0,0,0,0.0,,,,0.0,,,2015,2014-15,Ventura,ventura,bradleyfullertonmzaz,Bradley Fullerton
Feb 24,home,Moorpark,L,5-0,5,0,5,win,20150224_bz0q,0,0,0,0,0.0,,,,0.0,,,2015,2014-15,Ventura,ventura,bradleyfullertonmzaz,Bradley Fullerton
Feb 26,home,Moorpark,W,14-9,14,9,5,win,20150226_7i69,0,0,0,0,0.0,,,,0.0,,,2015,2014-15,Ventura,ventura,bradleyfullertonmzaz,Bradley Fullerton
Feb 28,home,LA Pierce,L,6-2,6,2,4,win,20150228_82z4,0,0,0,0,0.0,,,,0.0,,,2015,2014-15,Ventura,ventura,bradleyfullertonmzaz,Bradley Fullerton
Mar 3,home,LA Pierce,L,3-2,3,2,1,win,20150303_3vcl,0,0,0,0,0.0,,,,0.0,,,2015,2014-15,Ventura,ventura,bradleyfullertonmzaz,Bradley Fullerton
Mar 5,home,Cuesta,L,3-0,3,0,3,win,20150305_mm1e,0,0,0,0,0.0,,,,0.0,,,2015,2014-15,Ventura,ventura,bradleyfullertonmzaz,Bradley Fullerton
Mar 7,home,Cuesta,L,5-4,5,4,1,win,20150307_ov37,0,0,0,0,0.0,,,,0.0,,,2015,2014-15,Ventura,ventura,bradleyfullertonmzaz,Bradley Fullerton
Mar 10,home,Santa Barbara,W,3-0,3,0,3,win,20150310_ikbu,0,0,0,0,0.0,,,,0.0,,,2015,2014-15,Ventura,ventura,bradleyfullertonmzaz,Bradley Fullerton
Mar 12,home,Santa Barbara,L,12-1,12,1,11,win,20150312_p7ux,0,0,0,0,0.0,,,,0.0,,,2015,2014-15,Ventura,ventura,bradleyfullertonmzaz,Bradley Fullerton
Mar 14,home,Oxnard,L,9-4,9,4,5,win,20150314_gi3u,0,0,0,0,0.0,,,,0.0,,,2015,2014-15,Ventura,ventura,bradleyfullertonmzaz,Bradley Fullerton
Mar 17,home,Oxnard,L,7-3,7,3,4,win,20150317_9ss6,0,0,0,0,0.0,,,,0.0,,,2015,2014-15,Ventura,ventura,bradleyfullertonmzaz,Bradley Fullerton
Mar 19,home,Allan Hancock,L,8-7,8,7,1,win,20150319_5zt4,0,0,0,0,0.0,,,,0.0,,,2015,2014-15,Ventura,ventura,bradleyfullertonmzaz,Bradley Fullerton
Mar 21,home,Allan Hancock,L,2-1,2,1,1,win,20150321_1h58,0,0,0,0,0.0,,,,0.0,,,2015,2014-15,Ventura,ventura,bradleyfullertonmzaz,Bradley Fullerton
Mar 27,home,Moorpark,W,3-2,3,2,1,win,20150327_ot2a,0,0,0,0,0.0,,,,0.0,,,2015,2014-15,Ventura,ventura,bradleyfullertonmzaz,Bradley Fullerton
Mar 31,home,West Hills Coalinga,W,6-5,6,5,1,win,20150331_w2ic,0,0,0,0,0.0,,,,0.0,,,2015,2014-15,Ventura,ventura,bradleyfullertonmzaz,Bradley Fullerton
Apr 2,home,Pasadena,W,8-5,8,5,3,win,20150402_2idy,0,0,0,0,0.0,,,,0.0,,,2015,2014-15,Ventura,ventura,bradleyfullertonmzaz,Bradley Fullerton
Apr 4,home,El Camino-Compton Center,L,9-4,9,4,5,win,20150404_7uzh,0,0,0,0,0.0,,,,0.0,,,2015,2014-15,Ventura,ventura,bradleyfullertonmzaz,Bradley Fullerton
Apr 9,home,LA Pierce,L,8-1,8,1,7,win,20150409_3wm1,0,0,0,0,0.0,,,,0.0,,,2015,2014-15,Ventura,ventura,bradleyfullertonmzaz,Bradley Fullerton
Apr 10,home,Moorpark,W,10-5,10,5,5,win,20150410_a88y,0,0,0,0,0.0,,,,0.0,,,2015,2014-15,Ventura,ventura,bradleyfullertonmzaz,Bradley Fullerton
Apr 11,home,LA Pierce,L,9-8,9,8,1,win,20150411_28v7,0,0,0,0,0.0,,,,0.0,,,2015,2014-15,Ventura,ventura,bradleyfullertonmzaz,Bradley Fullerton
Apr 14,home,Cuesta,L,5-1,5,1,4,win,20150414_b5s3,0,0,0,0,0.0,,,,0.0,,,2015,2014-15,Ventura,ventura,bradleyfullertonmzaz,Bradley Fullerton
Apr 16,home,Cuesta,L,5-4,5,4,1,win,20150416_1yll,0,0,0,0,0.0,,,,0.0,,,2015,2014-15,Ventura,ventura,bradleyfullertonmzaz,Bradley Fullerton
Apr 18,home,Santa Barbara,L,6-5,6,5,1,win,20150418_iioj,0,0,0,0,0.0,,,,0.0,,,2015,2014-15,Ventura,ventura,bradleyfullertonmzaz,Bradley Fullerton
Apr 21,home,Santa Barbara,L,5-4,5,4,1,win,20150421_uwfd,0,0,0,0,0.0,,,,0.0,,,2015,2014-15,Ventura,ventura,bradleyfullertonmzaz,Bradley Fullerton
Apr 23,home,Oxnard,L,8-2,8,2,6,win,20150423_wvo8,0,0,0,0,0.0,,,,0.0,,,2015,2014-15,Ventura,ventura,bradleyfullertonmzaz,Bradley Fullerton
Apr 24,home,Oxnard,L,12-7,12,7,5,win,20150424_b3lg,0,0,0,0,0.0,,,,0.0,,,2015,2014-15,Ventura,ventura,bradleyfullertonmzaz,Bradley Fullerton
Jan 31,home,West Valley,L,19-11,19,11,8,win,20150131_b3g7,0,0,0,0,0.0,,,,0.0,,,2015,2014-15,American River,americanriver,zachpadilla0hqs,Zach Padilla
Feb 5,home,Feather River,L,9-3,9,3,6,win,20150205_psel,0,0,0,0,0.0,,,,0.0,,,2015,2014-15,American River,americanriver,zachpadilla0hqs,Zach Padilla
Feb 14,home,Hartnell,L,12-1,12,1,11,win,20150214_v1lx,0,0,0,0,0.0,,,,0.0,,,2015,2014-15,American River,americanriver,zachpadilla0hqs,Zach Padilla
Feb 17,home,Mission,W,10-0,10,0,10,win,20150217_ngr8,0,0,0,0,0.0,,,,0.0,,,2015,2014-15,American River,americanriver,zachpadilla0hqs,Zach Padilla
Feb 18,home,Shasta,W,17-6,17,6,11,win,20150218_ppf0,0,0,0,0,0.0,,,,0.0,,,2015,2014-15,American River,americanriver,zachpadilla0hqs,Zach Padilla
Feb 26,home,Diablo Valley,L,6-4,6,4,2,win,20150226_736p,0,0,0,0,0.0,,,,0.0,,,2015,2014-15,American River,americanriver,zachpadilla0hqs,Zach Padilla
Mar 5,home,Cosumnes River,L,8-2,8,2,6,win,20150305_ud0a,0,0,0,0,0.0,,,,0.0,,,2015,2014-15,American River,americanriver,zachpadilla0hqs,Zach Padilla
Mar 12,home,Sacramento City,W,12-1,12,1,11,win,20150312_u2ru,0,0,0,0,0.0,,,,0.0,,,2015,2014-15,American River,americanriver,zachpadilla0hqs,Zach Padilla
Mar 14,home,Sacramento City,L,13-5,13,5,8,win,20150314_ts1b,0,0,0,0,0.0,,,,0.0,,,2015,2014-15,American River,americanriver,zachpadilla0hqs,Zach Padilla
Mar 19,home,San Joaquin  Delta,L,10-1,10,1,9,win,20150319_c7n5,0,0,0,0,0.0,,,,0.0,,,2015,2014-15,American River,americanriver,zachpadilla0hqs,Zach Padilla
Mar 24,home,Cosumnes River,L,10-4,10,4,6,win,20150324_eunl,0,0,0,0,0.0,,,,0.0,,,2015,2014-15,American River,americanriver,zachpadilla0hqs,Zach Padilla
Mar 26,home,Cosumnes River,L,10-3,10,3,7,win,20150326_faul,0,0,0,0,0.0,,,,0.0,,,2015,2014-15,American River,americanriver,zachpadilla0hqs,Zach Padilla
Apr 8,home,Santa Rosa,L,8-2,8,2,6,win,20150408_ufu5,0,0,0,0,0.0,,,,0.0,,,2015,2014-15,American River,americanriver,zachpadilla0hqs,Zach Padilla
Apr 23,home,Diablo Valley,L,15-7,15,7,8,win,20150423_2ccc,0,0,0,0,0.0,,,,0.0,,,2015,2014-15,American River,americanriver,zachpadilla0hqs,Zach Padilla
Jan 27,home,Hartnell,W,9-7,9,7,2,win,20150127_qfne,0,0,0,0,0.0,,,,0.0,,,2015,2014-15,Mission,mission,andrewmallon0gtc,Andrew Mallon
Jan 29,home,Merced,L,8-7,8,7,1,win,20150129_24r3,0,0,0,0,0.0,,,,0.0,,,2015,2014-15,Mission,mission,andrewmallon0gtc,Andrew Mallon
Jan 31,home,Monterey,W,13-1,13,1,12,win,20150131_fbwi,0,0,0,0,0.0,,,,0.0,,,2015,2014-15,Mission,mission,andrewmallon0gtc,Andrew Mallon
Feb 3,home,Merced,L,15-11,15,11,4,win,20150203_0glv,0,0,0,0,0.0,,,,0.0,,,2015,2014-15,Mission,mission,andrewmallon0gtc,Andrew Mallon
Feb 5,home,Canada,L,12-4,12,4,8,win,20150205_hyj0,0,0,0,0,0.0,,,,0.0,,,2015,2014-15,Mission,mission,andrewmallon0gtc,Andrew Mallon
Feb 10,home,Modesto,T,2-2,2,2,0,tie,20150210_6vfm,0,0,0,0,0.0,,,,0.0,,,2015,2014-15,Mission,mission,andrewmallon0gtc,Andrew Mallon
Feb 12,home,Diablo Valley,L,4-3,4,3,1,win,20150212_qjz8,0,0,0,0,0.0,,,,0.0,,,2015,2014-15,Mission,mission,andrewmallon0gtc,Andrew Mallon
Feb 15,home,Canada,L,10-6,10,6,4,win,20150215_uro6,0,0,0,0,0.0,,,,0.0,,,2015,2014-15,Mission,mission,andrewmallon0gtc,Andrew Mallon
Feb 17,home,American River,L,10-0,10,0,10,win,20150217_ngr8,0,0,0,0,0.0,,,,0.0,,,2015,2014-15,Mission,mission,andrewmallon0gtc,Andrew Mallon
Feb 19,home,Lassen,W,13-12,13,12,1,win,20150219_chti,0,0,0,0,0.0,,,,0.0,,,2015,2014-15,Mission,mission,andrewmallon0gtc,Andrew Mallon
Feb 20,home,Lassen,W,10-3,10,3,7,win,20150220_easw,0,0,0,0,0.0,,,,0.0,,,2015,2014-15,Mission,mission,andrewmallon0gtc,Andrew Mallon
Feb 24,home,San Francisco,W,5-3,5,3,2,win,20150224_hnf2,0,0,0,0,0.0,,,,0.0,,,2015,2014-15,Mission,mission,andrewmallon0gtc,Andrew Mallon
Feb 26,home,Chabot,W,3-1,3,1,2,win,20150226_6yk8,0,0,0,0,0.0,,,,0.0,,,2015,2014-15,Mission,mission,andrewmallon0gtc,Andrew Mallon
Feb 28,home,Skyline,W,12-6,12,6,6,win,20150228_i3ie,0,0,0,0,0.0,,,,0.0,,,2015,2014-15,Mission,mission,andrewmallon0gtc,Andrew Mallon
Mar 3,home,Ohlone,W,6-4,6,4,2,win,20150303_22s2,0,0,0,0,0.0,,,,0.0,,,2015,2014-15,Mission,mission,andrewmallon0gtc,Andrew Mallon
Mar 6,home,Chabot,L,12-6,12,6,6,win,20150306_t3wo,0,0,0,0,0.0,,,,0.0,,,2015,2014-15,Mission,mission,andrewmallon0gtc,Andrew Mallon
Mar 7,home,De Anza,W,3-2,3,2,1,win,20150307_55wu,0,0,0,0,0.0,,,,0.0,,,2015,2014-15,Mission,mission,andrewmallon0gtc,Andrew Mallon
Mar 10,home,Monterey,L,13-12,13,12,1,win,20150310_1mh3,0,0,0,0,0.0,,,,0.0,,,2015,2014-15,Mission,mission,andrewmallon0gtc,Andrew Mallon
Mar 12,home,West Valley,W,7-6,7,6,1,win,20150312_rv2s,0,0,0,0,0.0,,,,0.0,,,2015,2014-15,Mission,mission,andrewmallon0gtc,Andrew Mallon
Mar 14,home,San Mateo,W,7-5,7,5,2,win,20150314_c1ft,0,0,0,0,0.0,,,,0.0,,,2015,2014-15,Mission,mission,andrewmallon0gtc,Andrew Mallon
Mar 17,home,Hartnell,W,5-4,5,4,1,win,20150317_j0t9,0,0,0,0,0.0,,,,0.0,,,2015,2014-15,Mission,mission,andrewmallon0gtc,Andrew Mallon
Mar 21,home,Cabrillo,L,7-4,7,4,3,win,20150321_78mm,0,0,0,0,0.0,,,,0.0,,,2015,2014-15,Mission,mission,andrewmallon0gtc,Andrew Mallon
Mar 24,home,Chabot,W,6-4,6,4,2,win,20150324_lfj6,0,0,0,0,0.0,,,,0.0,,,2015,2014-15,Mission,mission,andrewmallon0gtc,Andrew Mallon
Mar 26,home,San Francisco,L,16-4,16,4,12,win,20150326_3ky6,0,0,0,0,0.0,,,,0.0,,,2015,2014-15,Mission,mission,andrewmallon0gtc,Andrew Mallon
Mar 28,home,De Anza,L,5-1,5,1,4,win,20150328_y25r,0,0,0,0,0.0,,,,0.0,,,2015,2014-15,Mission,mission,andrewmallon0gtc,Andrew Mallon
Mar 31,home,Skyline,L,4-2,4,2,2,win,20150331_i5et,0,0,0,0,0.0,,,,0.0,,,2015,2014-15,Mission,mission,andrewmallon0gtc,Andrew Mallon
Apr 2,home,West Valley,W,6-4,6,4,2,win,20150402_6eou,0,0,0,0,0.0,,,,0.0,,,2015,2014-15,Mission,mission,andrewmallon0gtc,Andrew Mallon
Apr 4,home,San Mateo,W,7-6,7,6,1,win,20150404_9tkd,0,0,0,0,0.0,,,,0.0,,,2015,2014-15,Mission,mission,andrewmallon0gtc,Andrew Mallon
Apr 8,home,Canada,W,13-4,13,4,9,win,20150408_y5kx,0,0,0,0,0.0,,,,0.0,,,2015,2014-15,Mission,mission,andrewmallon0gtc,Andrew Mallon
Apr 9,home,San Mateo,L,9-2,9,2,7,win,20150409_x2th,0,0,0,0,0.0,,,,0.0,,,2015,2014-15,Mission,mission,andrewmallon0gtc,Andrew Mallon
Apr 11,home,De Anza,W,7-2,7,2,5,win,20150411_w9mn,0,0,0,0,0.0,,,,0.0,,,2015,2014-15,Mission,mission,andrewmallon0gtc,Andrew Mallon
Apr 16,home,Gavilan,L,11-5,11,5,6,win,20150416_mqgu,0,0,0,0,0.0,,,,0.0,,,2015,2014-15,Mission,mission,andrewmallon0gtc,Andrew Mallon
Apr 18,home,Chabot,L,6-4,6,4,2,win,20150418_y3rg,0,0,0,0,0.0,,,,0.0,,,2015,2014-15,Mission,mission,andrewmallon0gtc,Andrew Mallon
Apr 21,home,West Valley,W,9-6,9,6,3,win,20150421_oh1h,0,0,0,0,0.0,,,,0.0,,,2015,2014-15,Mission,mission,andrewmallon0gtc,Andrew Mallon
Apr 23,home,San Francisco,W,3-2,3,2,1,win,20150423_uhyi,0,0,0,0,0.0,,,,0.0,,,2015,2014-15,Mission,mission,andrewmallon0gtc,Andrew Mallon
Jan 30,home,Ventura,W,4-3,4,3,1,win,20150130_gopd,0,0,0,0,0.0,,,,0.0,,,2015,2014-15,Cypress,cypress,blakeroncau9g8,Blake Ronca
Jan 31,home,Ventura,W,11-4,11,4,7,win,20150131_q00k,0,0,0,0,0.0,,,,0.0,,,2015,2014-15,Cypress,cypress,blakeroncau9g8,Blake Ronca
Feb 6,home,Desert,W,8-7,8,7,1,win,20150206_qytm,0,0,0,0,0.0,,,,0.0,,,2015,2014-15,Cypress,cypress,blakeroncau9g8,Blake Ronca
Feb 7,home,Palomar,W,8-7,8,7,1,win,20150207_jyfv,0,0,0,0,0.0,,,,0.0,,,2015,2014-15,Cypress,cypress,blakeroncau9g8,Blake Ronca
Feb 10,home,Moorpark,L,10-4,10,4,6,win,20150210_bcqb,0,0,0,0,0.0,,,,0.0,,,2015,2014-15,Cypress,cypress,blakeroncau9g8,Blake Ronca
Feb 13,home,Merced,W,21-1,21,1,20,win,20150213_41z9,0,0,0,0,0.0,,,,0.0,,,2015,2014-15,Cypress,cypress,blakeroncau9g8,Blake Ronca
Feb 14,home,Merced,L,13-12,13,12,1,win,20150214_7zuj,0,0,0,0,0.0,,,,0.0,,,2015,2014-15,Cypress,cypress,blakeroncau9g8,Blake Ronca
Feb 17,home,Desert,W,22-1,22,1,21,win,20150217_f0sh,0,0,0,0,0.0,,,,0.0,,,2015,2014-15,Cypress,cypress,blakeroncau9g8,Blake Ronca
Feb 20,home,Glendale,W,11-3,11,3,8,win,20150220_74fi,0,0,0,0,0.0,,,,0.0,,,2015,2014-15,Cypress,cypress,blakeroncau9g8,Blake Ronca
Feb 21,home,El Camino,W,6-5,6,5,1,win,20150221_geuz,0,0,0,0,0.0,,,,0.0,,,2015,2014-15,Cypress,cypress,blakeroncau9g8,Blake Ronca
Feb 28,home,Saddleback,W,10-3,10,3,7,win,20150228_z393,0,0,0,0,0.0,,,,0.0,,,2015,2014-15,Cypress,cypress,blakeroncau9g8,Blake Ronca
Mar 3,home,Irvine Valley,W,5-0,5,0,5,win,20150303_xvpi,0,0,0,0,0.0,,,,0.0,,,2015,2014-15,Cypress,cypress,blakeroncau9g8,Blake Ronca
Mar 5,home,Orange Coast,L,3-2,3,2,1,win,20150305_cryy,0,0,0,0,0.0,,,,0.0,,,2015,2014-15,Cypress,cypress,blakeroncau9g8,Blake Ronca
Mar 10,home,Santa Ana,W,5-2,5,2,3,win,20150310_fxsq,0,0,0,0,0.0,,,,0.0,,,2015,2014-15,Cypress,cypress,blakeroncau9g8,Blake Ronca
Mar 17,home,Golden West,L,5-4,5,4,1,win,20150317_k9qu,0,0,0,0,0.0,,,,0.0,,,2015,2014-15,Cypress,cypress,blakeroncau9g8,Blake Ronca
Mar 31,home,Cuesta,L,2-1,2,1,1,win,20150331_1ugz,0,0,0,0,0.0,,,,0.0,,,2015,2014-15,Cypress,cypress,blakeroncau9g8,Blake Ronca
Apr 1,home,Fresno City,L,14-6,14,6,8,win,20150401_lmv2,0,0,0,0,0.0,,,,0.0,,,2015,2014-15,Cypress,cypress,blakeroncau9g8,Blake Ronca
Apr 2,home,Allan Hancock,W,7-4,7,4,3,win,20150402_fkxa,0,0,0,0,0.0,,,,0.0,,,2015,2014-15,Cypress,cypress,blakeroncau9g8,Blake Ronca
Apr 7,home,Orange Coast,W,15-9,15,9,6,win,20150407_2385,0,0,0,0,0.0,,,,0.0,,,2015,2014-15,Cypress,cypress,blakeroncau9g8,Blake Ronca
Apr 9,home,Orange Coast,W,11-10,11,10,1,win,20150409_7qne,0,0,0,0,0.0,,,,0.0,,,2015,2014-15,Cypress,cypress,blakeroncau9g8,Blake Ronca
Apr 11,home,Riverside,L,9-2,9,2,7,win,20150411_36ur,0,0,0,0,0.0,,,,0.0,,,2015,2014-15,Cypress,cypress,blakeroncau9g8,Blake Ronca
Apr 14,home,Riverside,W,8-7,8,7,1,win,20150414_x9aj,0,0,0,0,0.0,,,,0.0,,,2015,2014-15,Cypress,cypress,blakeroncau9g8,Blake Ronca
Apr 16,home,Santa Ana,W,12-1,12,1,11,win,20150416_j99p,0,0,0,0,0.0,,,,0.0,,,2015,2014-15,Cypress,cypress,blakeroncau9g8,Blake Ronca
Apr 17,home,Santa Ana,L,18-5,18,5,13,win,20150417_rv4i,0,0,0,0,0.0,,,,0.0,,,2015,2014-15,Cypress,cypress,blakeroncau9g8,Blake Ronca
Apr 21,home,Fullerton,L,4-1,4,1,3,win,20150421_mjza,0,0,0,0,0.0,,,,0.0,,,2015,2014-15,Cypress,cypress,blakeroncau9g8,Blake Ronca
May 1,home,Fullerton,L,6-5,6,5,1,win,20150501_aclw,0,0,0,0,0.0,,,,0.0,,,2015,2014-15,Cypress,cypress,blakeroncau9g8,Blake Ronca
May 2,home,Fullerton,L,6-5,6,5,1,win,20150502_6nw9,0,0,0,0,0.0,,,,0.0,,,2015,2014-15,Cypress,cypress,blakeroncau9g8,Blake Ronca
Jan 29,home,El Camino-Compton Center,T,3-3,3,3,0,tie,20150129_zk2o,0,0,0,0,0.0,,,,0.0,,,2015,2014-15,Chaffey,chaffey,tylerschoenfeldabeg,Tyler Schoenfeld
Jan 31,home,El Camino-Compton Center,W,4-1,4,1,3,win,20150131_luyq,0,0,0,0,0.0,,,,0.0,,,2015,2014-15,Chaffey,chaffey,tylerschoenfeldabeg,Tyler Schoenfeld
Feb 3,home,Saddleback,L,9-4,9,4,5,win,20150203_1sk5,0,0,0,0,0.0,,,,0.0,,,2015,2014-15,Chaffey,chaffey,tylerschoenfeldabeg,Tyler Schoenfeld
Feb 6,home,Southwestern,L,4-0,4,0,4,win,20150206_9bb5,0,0,0,0,0.0,,,,0.0,,,2015,2014-15,Chaffey,chaffey,tylerschoenfeldabeg,Tyler Schoenfeld
Feb 7,home,Grossmont,W,3-1,3,1,2,win,20150207_hc1j,0,0,0,0,0.0,,,,0.0,,,2015,2014-15,Chaffey,chaffey,tylerschoenfeldabeg,Tyler Schoenfeld
Feb 12,home,Southwestern,L,11-9,11,9,2,win,20150212_gtll,0,0,0,0,0.0,,,,0.0,,,2015,2014-15,Chaffey,chaffey,tylerschoenfeldabeg,Tyler Schoenfeld
Feb 14,home,Grossmont,L,3-2,3,2,1,win,20150214_wgc2,0,0,0,0,0.0,,,,0.0,,,2015,2014-15,Chaffey,chaffey,tylerschoenfeldabeg,Tyler Schoenfeld
Feb 19,home,Saddleback,L,4-1,4,1,3,win,20150219_fjk5,0,0,0,0,0.0,,,,0.0,,,2015,2014-15,Chaffey,chaffey,tylerschoenfeldabeg,Tyler Schoenfeld
Feb 21,home,Cerro Coso,W,10-3,10,3,7,win,20150221_6902,0,0,0,0,0.0,,,,0.0,,,2015,2014-15,Chaffey,chaffey,tylerschoenfeldabeg,Tyler Schoenfeld
Feb 24,home,Victor Valley,W,2-1,2,1,1,win,20150224_qc2i,0,0,0,0,0.0,,,,0.0,,,2015,2014-15,Chaffey,chaffey,tylerschoenfeldabeg,Tyler Schoenfeld
Feb 26,home,Desert,L,5-1,5,1,4,win,20150226_ywbl,0,0,0,0,0.0,,,,0.0,,,2015,2014-15,Chaffey,chaffey,tylerschoenfeldabeg,Tyler Schoenfeld
Mar 24,home,Desert,W,9-8,9,8,1,win,20150324_n3u2,0,0,0,0,0.0,,,,0.0,,,2015,2014-15,Chaffey,chaffey,tylerschoenfeldabeg,Tyler Schoenfeld
Mar 26,home,Desert,W,7-3,7,3,4,win,20150326_yff8,0,0,0,0,0.0,,,,0.0,,,2015,2014-15,Chaffey,chaffey,tylerschoenfeldabeg,Tyler Schoenfeld
Mar 28,home,Desert,W,12-2,12,2,10,win,20150328_je2o,0,0,0,0,0.0,,,,0.0,,,2015,2014-15,Chaffey,chaffey,tylerschoenfeldabeg,Tyler Schoenfeld
Mar 30,home,Moorpark,L,4-3,4,3,1,win,20150330_b335,0,0,0,0,0.0,,,,0.0,,,2015,2014-15,Chaffey,chaffey,tylerschoenfeldabeg,Tyler Schoenfeld
Mar 31,home,Golden West,W,6-2,6,2,4,win,20150331_tymd,0,0,0,0,0.0,,,,0.0,,,2015,2014-15,Chaffey,chaffey,tylerschoenfeldabeg,Tyler Schoenfeld
Apr 2,home,Golden West,W,6-5,6,5,1,win,20150402_1ikn,0,0,0,0,0.0,,,,0.0,,,2015,2014-15,Chaffey,chaffey,tylerschoenfeldabeg,Tyler Schoenfeld
Apr 7,home,Rio Hondo,L,13-6,13,6,7,win,20150407_k9ef,0,0,0,0,0.0,,,,0.0,,,2015,2014-15,Chaffey,chaffey,tylerschoenfeldabeg,Tyler Schoenfeld
Apr 9,home,Rio Hondo,W,6-4,6,4,2,win,20150409_tfim,0,0,0,0,0.0,,,,0.0,,,2015,2014-15,Chaffey,chaffey,tylerschoenfeldabeg,Tyler Schoenfeld
Apr 11,home,Rio Hondo,W,6-1,6,1,5,win,20150411_rqp1,0,0,0,0,0.0,,,,0.0,,,2015,2014-15,Chaffey,chaffey,tylerschoenfeldabeg,Tyler Schoenfeld
Apr 14,home,San Bernardino,L,8-2,8,2,6,win,20150414_4vhc,0,0,0,0,0.0,,,,0.0,,,2015,2014-15,Chaffey,chaffey,tylerschoenfeldabeg,Tyler Schoenfeld
Apr 16,home,San Bernardino,W,6-2,6,2,4,win,20150416_uwx1,0,0,0,0,0.0,,,,0.0,,,2015,2014-15,Chaffey,chaffey,tylerschoenfeldabeg,Tyler Schoenfeld
Apr 18,home,San Bernardino,L,8-3,8,3,5,win,20150418_3kpp,0,0,0,0,0.0,,,,0.0,,,2015,2014-15,Chaffey,chaffey,tylerschoenfeldabeg,Tyler Schoenfeld
Apr 21,home,Barstow,W,5-1,5,1,4,win,20150421_yj77,0,0,0,0,0.0,,,,0.0,,,2015,2014-15,Chaffey,chaffey,tylerschoenfeldabeg,Tyler Schoenfeld
Apr 23,home,Barstow,L,7-4,7,4,3,win,20150423_h2cb,0,0,0,0,0.0,,,,0.0,,,2015,2014-15,Chaffey,chaffey,tylerschoenfeldabeg,Tyler Schoenfeld
Apr 24,home,Barstow,W,11-3,11,3,8,win,20150424_e4m8,0,0,0,0,0.0,,,,0.0,,,2015,2014-15,Chaffey,chaffey,tylerschoenfeldabeg,Tyler Schoenfeld
Jan 29,home,El Camino,L,8-1,8,1,7,win,20150129_cijw,0,0,0,0,0.0,,,,0.0,,,2015,2014-15,Sequoias,sequoias,dillonkelleyupcb,Dillon Kelley
Jan 30,home,Allan Hancock,W,5-0,5,0,5,win,20150130_jn11,0,0,0,0,0.0,,,,0.0,,,2015,2014-15,Sequoias,sequoias,dillonkelleyupcb,Dillon Kelley
Jan 31,home,Moorpark,W,11-2,11,2,9,win,20150131_zec9,0,0,0,0,0.0,,,,0.0,,,2015,2014-15,Sequoias,sequoias,dillonkelleyupcb,Dillon Kelley
Feb 5,home,Golden West,L,7-3,7,3,4,win,20150205_a6uq,0,0,0,0,0.0,,,,0.0,,,2015,2014-15,Sequoias,sequoias,dillonkelleyupcb,Dillon Kelley
Feb 6,home,Marin,L,14-9,14,9,5,win,20150206_9t0k,0,0,0,0,0.0,,,,0.0,,,2015,2014-15,Sequoias,sequoias,dillonkelleyupcb,Dillon Kelley
Feb 10,home,Cuesta,L,9-1,9,1,8,win,20150210_8dik,0,0,0,0,0.0,,,,0.0,,,2015,2014-15,Sequoias,sequoias,dillonkelleyupcb,Dillon Kelley
Feb 13,home,Bakersfield,W,11-3,11,3,8,win,20150213_btnq,0,0,0,0,0.0,,,,0.0,,,2015,2014-15,Sequoias,sequoias,dillonkelleyupcb,Dillon Kelley
Feb 14,home,De Anza,W,12-5,12,5,7,win,20150214_2rxi,0,0,0,0,0.0,,,,0.0,,,2015,2014-15,Sequoias,sequoias,dillonkelleyupcb,Dillon Kelley
Feb 19,home,Cosumnes River,L,4-3,4,3,1,win,20150219_pbht,0,0,0,0,0.0,,,,0.0,,,2015,2014-15,Sequoias,sequoias,dillonkelleyupcb,Dillon Kelley
Feb 20,home,Cosumnes River,W,4-2,4,2,2,win,20150220_mx1e,0,0,0,0,0.0,,,,0.0,,,2015,2014-15,Sequoias,sequoias,dillonkelleyupcb,Dillon Kelley
Feb 24,home,Merced,W,5-1,5,1,4,win,20150224_k05o,0,0,0,0,0.0,,,,0.0,,,2015,2014-15,Sequoias,sequoias,dillonkelleyupcb,Dillon Kelley
Feb 26,home,Merced,L,10-2,10,2,8,win,20150226_62m4,0,0,0,0,0.0,,,,0.0,,,2015,2014-15,Sequoias,sequoias,dillonkelleyupcb,Dillon Kelley
Feb 28,home,Merced,L,6-3,6,3,3,win,20150228_zq86,0,0,0,0,0.0,,,,0.0,,,2015,2014-15,Sequoias,sequoias,dillonkelleyupcb,Dillon Kelley
Mar 3,home,Fresno City,L,10-6,10,6,4,win,20150303_03u2,0,0,0,0,0.0,,,,0.0,,,2015,2014-15,Sequoias,sequoias,dillonkelleyupcb,Dillon Kelley
Mar 5,home,Fresno City,W,9-4,9,4,5,win,20150305_h7pf,0,0,0,0,0.0,,,,0.0,,,2015,2014-15,Sequoias,sequoias,dillonkelleyupcb,Dillon Kelley
Mar 7,home,Fresno City,L,5-1,5,1,4,win,20150307_e4cq,0,0,0,0,0.0,,,,0.0,,,2015,2014-15,Sequoias,sequoias,dillonkelleyupcb,Dillon Kelley
Mar 10,home,Taft,W,5-1,5,1,4,win,20150310_mv0m,0,0,0,0,0.0,,,,0.0,,,2015,2014-15,Sequoias,sequoias,dillonkelleyupcb,Dillon Kelley
Mar 12,home,Taft,W,4-3,4,3,1,win,20150312_mgo4,0,0,0,0,0.0,,,,0.0,,,2015,2014-15,Sequoias,sequoias,dillonkelleyupcb,Dillon Kelley
Mar 14,home,Taft,W,5-3,5,3,2,win,20150314_63po,0,0,0,0,0.0,,,,0.0,,,2015,2014-15,Sequoias,sequoias,dillonkelleyupcb,Dillon Kelley
Mar 17,home,Reedley,W,9-1,9,1,8,win,20150317_u06t,0,0,0,0,0.0,,,,0.0,,,2015,2014-15,Sequoias,sequoias,dillonkelleyupcb,Dillon Kelley
Mar 19,home,Reedley,W,8-0,8,0,8,win,20150319_6bw4,0,0,0,0,0.0,,,,0.0,,,2015,2014-15,Sequoias,sequoias,dillonkelleyupcb,Dillon Kelley
Mar 21,home,Reedley,L,8-2,8,2,6,win,20150321_50m1,0,0,0,0,0.0,,,,0.0,,,2015,2014-15,Sequoias,sequoias,dillonkelleyupcb,Dillon Kelley
Mar 24,home,Porterville,L,2-1,2,1,1,win,20150324_0mtw,0,0,0,0,0.0,,,,0.0,,,2015,2014-15,Sequoias,sequoias,dillonkelleyupcb,Dillon Kelley
Mar 26,home,Porterville,W,6-4,6,4,2,win,20150326_3vto,0,0,0,0,0.0,,,,0.0,,,2015,2014-15,Sequoias,sequoias,dillonkelleyupcb,Dillon Kelley
Mar 28,home,Porterville,W,6-2,6,2,4,win,20150328_qx9d,0,0,0,0,0.0,,,,0.0,,,2015,2014-15,Sequoias,sequoias,dillonkelleyupcb,Dillon Kelley
Mar 31,home,Bakersfield,L,11-1,11,1,10,win,20150331_fnzs,0,0,0,0,0.0,,,,0.0,,,2015,2014-15,Sequoias,sequoias,dillonkelleyupcb,Dillon Kelley
Apr 1,home,Saddleback,L,17-3,17,3,14,win,20150401_yon5,0,0,0,0,0.0,,,,0.0,,,2015,2014-15,Sequoias,sequoias,dillonkelleyupcb,Dillon Kelley
Apr 7,home,West Hills Coalinga,W,10-0,10,0,10,win,20150407_42tx,0,0,0,0,0.0,,,,0.0,,,2015,2014-15,Sequoias,sequoias,dillonkelleyupcb,Dillon Kelley
Apr 9,home,West Hills Coalinga,W,6-2,6,2,4,win,20150409_6czq,0,0,0,0,0.0,,,,0.0,,,2015,2014-15,Sequoias,sequoias,dillonkelleyupcb,Dillon Kelley
Apr 11,home,West Hills Coalinga,L,9-7,9,7,2,win,20150411_kkow,0,0,0,0,0.0,,,,0.0,,,2015,2014-15,Sequoias,sequoias,dillonkelleyupcb,Dillon Kelley
Apr 14,home,Fresno City,L,14-10,14,10,4,win,20150414_euy1,0,0,0,0,0.0,,,,0.0,,,2015,2014-15,Sequoias,sequoias,dillonkelleyupcb,Dillon Kelley
Apr 16,home,West Hills Coalinga,W,5-2,5,2,3,win,20150416_cupf,0,0,0,0,0.0,,,,0.0,,,2015,2014-15,Sequoias,sequoias,dillonkelleyupcb,Dillon Kelley
Apr 19,home,Porterville,W,16-4,16,4,12,win,20150419_t0ke,0,0,0,0,0.0,,,,0.0,,,2015,2014-15,Sequoias,sequoias,dillonkelleyupcb,Dillon Kelley
Apr 21,home,Taft,L,2-1,2,1,1,win,20150421_qc8k,0,0,0,0,0.0,,,,0.0,,,2015,2014-15,Sequoias,sequoias,dillonkelleyupcb,Dillon Kelley
Apr 23,home,Merced,L,5-4,5,4,1,win,20150423_n60a,0,0,0,0,0.0,,,,0.0,,,2015,2014-15,Sequoias,sequoias,dillonkelleyupcb,Dillon Kelley
Apr 24,home,Reedley,W,5-2,5,2,3,win,20150424_gh13,0,0,0,0,0.0,,,,0.0,,,2015,2014-15,Sequoias,sequoias,dillonkelleyupcb,Dillon Kelley
Apr 28,home,Yuba,W,8-3,8,3,5,win,20150428_ijsw,0,0,0,0,0.0,,,,0.0,,,2015,2014-15,Sequoias,sequoias,dillonkelleyupcb,Dillon Kelley
May 1,home,San Joaquin  Delta,L,5-2,5,2,3,win,20150501_2gbp,0,0,0,0,0.0,,,,0.0,,,2015,2014-15,Sequoias,sequoias,dillonkelleyupcb,Dillon Kelley
May 2,home,San Joaquin  Delta,W,8-4,8,4,4,win,20150502_pbeg,0,0,0,0,0.0,,,,0.0,,,2015,2014-15,Sequoias,sequoias,dillonkelleyupcb,Dillon Kelley
May 2,home,San Joaquin  Delta,L,5-1,5,1,4,win,20150502_hskg,0,0,0,0,0.0,,,,0.0,,,2015,2014-15,Sequoias,sequoias,dillonkelleyupcb,Dillon Kelley
Jan 30,home,Allan Hancock,W,5-0,5,0,5,win,20150130_jn11,0,0,0,0,0.0,,,,0.0,,,2015,2014-15,Sequoias,sequoias,davidflores27hn,David Flores
Jan 31,home,Moorpark,W,11-2,11,2,9,win,20150131_zec9,0,0,0,0,0.0,,,,0.0,,,2015,2014-15,Sequoias,sequoias,davidflores27hn,David Flores
Feb 6,home,Marin,L,14-9,14,9,5,win,20150206_9t0k,0,0,0,0,0.0,,,,0.0,,,2015,2014-15,Sequoias,sequoias,davidflores27hn,David Flores
Feb 10,home,Cuesta,L,9-1,9,1,8,win,20150210_8dik,0,0,0,0,0.0,,,,0.0,,,2015,2014-15,Sequoias,sequoias,davidflores27hn,David Flores
Feb 13,home,Bakersfield,W,11-3,11,3,8,win,20150213_btnq,0,0,0,0,0.0,,,,0.0,,,2015,2014-15,Sequoias,sequoias,davidflores27hn,David Flores
Feb 14,home,De Anza,W,12-5,12,5,7,win,20150214_2rxi,0,0,0,0,0.0,,,,0.0,,,2015,2014-15,Sequoias,sequoias,davidflores27hn,David Flores
Feb 24,home,Merced,W,5-1,5,1,4,win,20150224_k05o,0,0,0,0,0.0,,,,0.0,,,2015,2014-15,Sequoias,sequoias,davidflores27hn,David Flores
Feb 26,home,Merced,L,10-2,10,2,8,win,20150226_62m4,0,0,0,0,0.0,,,,0.0,,,2015,2014-15,Sequoias,sequoias,davidflores27hn,David Flores
Feb 28,home,Merced,L,6-3,6,3,3,win,20150228_zq86,0,0,0,0,0.0,,,,0.0,,,2015,2014-15,Sequoias,sequoias,davidflores27hn,David Flores
Mar 3,home,Fresno City,L,10-6,10,6,4,win,20150303_03u2,0,0,0,0,0.0,,,,0.0,,,2015,2014-15,Sequoias,sequoias,davidflores27hn,David Flores
Mar 21,home,Reedley,L,8-2,8,2,6,win,20150321_50m1,0,0,0,0,0.0,,,,0.0,,,2015,2014-15,Sequoias,sequoias,davidflores27hn,David Flores
Mar 28,home,Porterville,W,6-2,6,2,4,win,20150328_qx9d,0,0,0,0,0.0,,,,0.0,,,2015,2014-15,Sequoias,sequoias,davidflores27hn,David Flores
Mar 31,home,Bakersfield,L,11-1,11,1,10,win,20150331_fnzs,0,0,0,0,0.0,,,,0.0,,,2015,2014-15,Sequoias,sequoias,davidflores27hn,David Flores
Apr 7,home,West Hills Coalinga,W,10-0,10,0,10,win,20150407_42tx,0,0,0,0,0.0,,,,0.0,,,2015,2014-15,Sequoias,sequoias,davidflores27hn,David Flores
Apr 11,home,West Hills Coalinga,L,9-7,9,7,2,win,20150411_kkow,0,0,0,0,0.0,,,,0.0,,,2015,2014-15,Sequoias,sequoias,davidflores27hn,David Flores
Apr 14,home,Fresno City,L,14-10,14,10,4,win,20150414_euy1,0,0,0,0,0.0,,,,0.0,,,2015,2014-15,Sequoias,sequoias,davidflores27hn,David Flores
Apr 19,home,Porterville,W,16-4,16,4,12,win,20150419_t0ke,0,0,0,0,0.0,,,,0.0,,,2015,2014-15,Sequoias,sequoias,davidflores27hn,David Flores
Jan 30,home,Folsom Lake,L,14-9,14,9,5,win,20150130_cke7,0,0,0,0,0.0,,,,0.0,,,2015,2014-15,Butte,butte,chasechadbandrr5g,Chase Chadband
Jan 31,home,Folsom Lake,L,7-2,7,2,5,win,20150131_nt7f,0,0,0,0,0.0,,,,0.0,,,2015,2014-15,Butte,butte,chasechadbandrr5g,Chase Chadband
Feb 4,home,Napa,W,8-6,8,6,2,win,20150204_7omn,0,0,0,0,0.0,,,,0.0,,,2015,2014-15,Butte,butte,chasechadbandrr5g,Chase Chadband
Feb 5,home,Napa,L,6-5,6,5,1,win,20150205_of3h,0,0,0,0,0.0,,,,0.0,,,2015,2014-15,Butte,butte,chasechadbandrr5g,Chase Chadband
Feb 13,home,Mendocino,W,12-2,12,2,10,win,20150213_55u9,0,0,0,0,0.0,,,,0.0,,,2015,2014-15,Butte,butte,chasechadbandrr5g,Chase Chadband
Feb 14,home,Mendocino,W,11-3,11,3,8,win,20150214_o7j7,0,0,0,0,0.0,,,,0.0,,,2015,2014-15,Butte,butte,chasechadbandrr5g,Chase Chadband
Feb 19,home,Sacramento City,L,10-2,10,2,8,win,20150219_cefi,0,0,0,0,0.0,,,,0.0,,,2015,2014-15,Butte,butte,chasechadbandrr5g,Chase Chadband
Feb 20,home,Sacramento City,L,4-2,4,2,2,win,20150220_a6gb,0,0,0,0,0.0,,,,0.0,,,2015,2014-15,Butte,butte,chasechadbandrr5g,Chase Chadband
Jan 30,home,Cuesta,W,4-2,4,2,2,win,20150130_ll7m,0,0,0,0,0.0,,,,0.0,,,2015,2014-15,Riverside,riverside,austinrobertss0gb,Austin Roberts
Jan 31,home,Cuesta,W,4-3,4,3,1,win,20150131_35pp,0,0,0,0,0.0,,,,0.0,,,2015,2014-15,Riverside,riverside,austinrobertss0gb,Austin Roberts
Feb 3,home,Mt. San Jacinto,W,9-6,9,6,3,win,20150203_1dd1,0,0,0,0,0.0,,,,0.0,,,2015,2014-15,Riverside,riverside,austinrobertss0gb,Austin Roberts
Feb 6,home,East Los Angeles,W,4-3,4,3,1,win,20150206_9rbe,0,0,0,0,0.0,,,,0.0,,,2015,2014-15,Riverside,riverside,austinrobertss0gb,Austin Roberts
Feb 7,home,East Los Angeles,W,9-2,9,2,7,win,20150207_tegn,0,0,0,0,0.0,,,,0.0,,,2015,2014-15,Riverside,riverside,austinrobertss0gb,Austin Roberts
Feb 17,home,Mt. San Antonio,L,13-4,13,4,9,win,20150217_pmed,0,0,0,0,0.0,,,,0.0,,,2015,2014-15,Riverside,riverside,austinrobertss0gb,Austin Roberts
Feb 19,home,Mt. San Jacinto,W,9-8,9,8,1,win,20150219_z49w,0,0,0,0,0.0,,,,0.0,,,2015,2014-15,Riverside,riverside,austinrobertss0gb,Austin Roberts
Feb 24,home,Mt. San Antonio,W,11-4,11,4,7,win,20150224_rv5x,0,0,0,0,0.0,,,,0.0,,,2015,2014-15,Riverside,riverside,austinrobertss0gb,Austin Roberts
Feb 26,home,Orange Coast,L,4-3,4,3,1,win,20150226_tvw9,0,0,0,0,0.0,,,,0.0,,,2015,2014-15,Riverside,riverside,austinrobertss0gb,Austin Roberts
Feb 28,home,Irvine Valley,L,4-1,4,1,3,win,20150228_i4t0,0,0,0,0,0.0,,,,0.0,,,2015,2014-15,Riverside,riverside,austinrobertss0gb,Austin Roberts
Mar 7,home,Cypress,L,8-3,8,3,5,win,20150307_nyul,0,0,0,0,0.0,,,,0.0,,,2015,2014-15,Riverside,riverside,austinrobertss0gb,Austin Roberts
Mar 10,home,Fullerton,L,3-2,3,2,1,win,20150310_d493,0,0,0,0,0.0,,,,0.0,,,2015,2014-15,Riverside,riverside,austinrobertss0gb,Austin Roberts
Mar 12,home,Golden West,W,13-0,13,0,13,win,20150312_ugk6,0,0,0,0,0.0,,,,0.0,,,2015,2014-15,Riverside,riverside,austinrobertss0gb,Austin Roberts
Mar 21,home,Irvine Valley,W,5-0,5,0,5,win,20150321_3ztt,0,0,0,0,0.0,,,,0.0,,,2015,2014-15,Riverside,riverside,austinrobertss0gb,Austin Roberts
Mar 24,home,Irvine Valley,L,9-4,9,4,5,win,20150324_gbrm,0,0,0,0,0.0,,,,0.0,,,2015,2014-15,Riverside,riverside,austinrobertss0gb,Austin Roberts
Mar 26,home,Santa Ana,W,7-0,7,0,7,win,20150326_49o7,0,0,0,0,0.0,,,,0.0,,,2015,2014-15,Riverside,riverside,austinrobertss0gb,Austin Roberts
Mar 27,home,Santa Ana,W,3-2,3,2,1,win,20150327_qblk,0,0,0,0,0.0,,,,0.0,,,2015,2014-15,Riverside,riverside,austinrobertss0gb,Austin Roberts
Apr 1,home,Santa Barbara,L,5-2,5,2,3,win,20150401_ba1w,0,0,0,0,0.0,,,,0.0,,,2015,2014-15,Riverside,riverside,austinrobertss0gb,Austin Roberts
Apr 2,home,Taft,L,4-3,4,3,1,win,20150402_gveg,0,0,0,0,0.0,,,,0.0,,,2015,2014-15,Riverside,riverside,austinrobertss0gb,Austin Roberts
Apr 7,home,Saddleback,L,8-5,8,5,3,win,20150407_tn3k,0,0,0,0,0.0,,,,0.0,,,2015,2014-15,Riverside,riverside,austinrobertss0gb,Austin Roberts
Apr 9,home,Saddleback,L,9-4,9,4,5,win,20150409_0f7n,0,0,0,0,0.0,,,,0.0,,,2015,2014-15,Riverside,riverside,austinrobertss0gb,Austin Roberts
Apr 14,home,Cypress,L,8-7,8,7,1,win,20150414_x9aj,0,0,0,0,0.0,,,,0.0,,,2015,2014-15,Riverside,riverside,austinrobertss0gb,Austin Roberts
Apr 16,home,Fullerton,W,9-3,9,3,6,win,20150416_238x,0,0,0,0,0.0,,,,0.0,,,2015,2014-15,Riverside,riverside,austinrobertss0gb,Austin Roberts
Apr 17,home,Fullerton,W,5-2,5,2,3,win,20150417_8nxm,0,0,0,0,0.0,,,,0.0,,,2015,2014-15,Riverside,riverside,austinrobertss0gb,Austin Roberts
Apr 21,home,Golden West,L,4-2,4,2,2,win,20150421_e3mk,0,0,0,0,0.0,,,,0.0,,,2015,2014-15,Riverside,riverside,austinrobertss0gb,Austin Roberts
Apr 23,home,Golden West,L,5-1,5,1,4,win,20150423_giyt,0,0,0,0,0.0,,,,0.0,,,2015,2014-15,Riverside,riverside,austinrobertss0gb,Austin Roberts
May 2,home,Palomar,L,4-2,4,2,2,win,20150502_871a,0,0,0,0,0.0,,,,0.0,,,2015,2014-15,Riverside,riverside,austinrobertss0gb,Austin Roberts
Jan 27,home,Cabrillo,L,3-2,3,2,1,win,20150127_shm7,0,0,0,0,0.0,,,,0.0,,,2015,2014-15,Los Medanos,losmedanos,hunterstone08nb,Hunter Stone
Jan 29,home,Modesto,W,6-3,6,3,3,win,20150129_l96f,0,0,0,0,0.0,,,,0.0,,,2015,2014-15,Los Medanos,losmedanos,hunterstone08nb,Hunter Stone
Jan 31,home,Modesto,W,7-6,7,6,1,win,20150131_0c8i,0,0,0,0,0.0,,,,0.0,,,2015,2014-15,Los Medanos,losmedanos,hunterstone08nb,Hunter Stone
Feb 5,home,Fresno City,L,9-2,9,2,7,win,20150205_wcrn,0,0,0,0,0.0,,,,0.0,,,2015,2014-15,Los Medanos,losmedanos,hunterstone08nb,Hunter Stone
Feb 14,home,Santa Rosa,L,11-1,11,1,10,win,20150214_2sh8,0,0,0,0,0.0,,,,0.0,,,2015,2014-15,Los Medanos,losmedanos,hunterstone08nb,Hunter Stone
Feb 17,home,Diablo Valley,W,6-4,6,4,2,win,20150217_vxqo,0,0,0,0,0.0,,,,0.0,,,2015,2014-15,Los Medanos,losmedanos,hunterstone08nb,Hunter Stone
Feb 18,home,Ohlone,L,11-3,11,3,8,win,20150218_898a,0,0,0,0,0.0,,,,0.0,,,2015,2014-15,Los Medanos,losmedanos,hunterstone08nb,Hunter Stone
Feb 26,home,Folsom Lake,L,6-4,6,4,2,win,20150226_p1fp,0,0,0,0,0.0,,,,0.0,,,2015,2014-15,Los Medanos,losmedanos,hunterstone08nb,Hunter Stone
Mar 5,home,Yuba,L,7-5,7,5,2,win,20150305_00gv,0,0,0,0,0.0,,,,0.0,,,2015,2014-15,Los Medanos,losmedanos,hunterstone08nb,Hunter Stone
Mar 7,home,Yuba,W,16-7,16,7,9,win,20150307_9ng1,0,0,0,0,0.0,,,,0.0,,,2015,2014-15,Los Medanos,losmedanos,hunterstone08nb,Hunter Stone
Mar 10,home,Mendocino,W,3-2,3,2,1,win,20150310_a2ni,0,0,0,0,0.0,,,,0.0,,,2015,2014-15,Los Medanos,losmedanos,hunterstone08nb,Hunter Stone
Mar 12,home,Mendocino,W,7-2,7,2,5,win,20150312_lpxa,0,0,0,0,0.0,,,,0.0,,,2015,2014-15,Los Medanos,losmedanos,hunterstone08nb,Hunter Stone
Mar 14,home,Napa,L,7-6,7,6,1,win,20150314_jcqz,0,0,0,0,0.0,,,,0.0,,,2015,2014-15,Los Medanos,losmedanos,hunterstone08nb,Hunter Stone
Mar 17,home,Napa,L,4-0,4,0,4,win,20150317_3m3d,0,0,0,0,0.0,,,,0.0,,,2015,2014-15,Los Medanos,losmedanos,hunterstone08nb,Hunter Stone
Mar 19,home,Solano,L,5-4,5,4,1,win,20150319_k6ho,0,0,0,0,0.0,,,,0.0,,,2015,2014-15,Los Medanos,losmedanos,hunterstone08nb,Hunter Stone
Mar 21,home,Solano,W,2-1,2,1,1,win,20150321_k09l,0,0,0,0,0.0,,,,0.0,,,2015,2014-15,Los Medanos,losmedanos,hunterstone08nb,Hunter Stone
Mar 24,home,Marin,L,11-1,11,1,10,win,20150324_10f3,0,0,0,0,0.0,,,,0.0,,,2015,2014-15,Los Medanos,losmedanos,hunterstone08nb,Hunter Stone
Mar 26,home,Marin,L,12-5,12,5,7,win,20150326_zpwf,0,0,0,0,0.0,,,,0.0,,,2015,2014-15,Los Medanos,losmedanos,hunterstone08nb,Hunter Stone
Mar 28,home,Laney,W,8-2,8,2,6,win,20150328_9xsi,0,0,0,0,0.0,,,,0.0,,,2015,2014-15,Los Medanos,losmedanos,hunterstone08nb,Hunter Stone
Apr 3,home,Contra Costa,W,5-1,5,1,4,win,20150403_orhf,0,0,0,0,0.0,,,,0.0,,,2015,2014-15,Los Medanos,losmedanos,hunterstone08nb,Hunter Stone
Apr 17,home,Solano,L,6-4,6,4,2,win,20150417_fbkw,0,0,0,0,0.0,,,,0.0,,,2015,2014-15,Los Medanos,losmedanos,hunterstone08nb,Hunter Stone
Apr 24,home,Contra Costa,W,10-2,10,2,8,win,20150424_v5ia,0,0,0,0,0.0,,,,0.0,,,2015,2014-15,Los Medanos,losmedanos,hunterstone08nb,Hunter Stone
Jan 30,home,Solano,L,8-2,8,2,6,win,20150130_pjry,0,0,0,0,0.0,,,,0.0,,,2015,2014-15,Feather River,featherriver,davidrapanotbx5t,David Rapanot
Jan 30,home,Taft,L,3-2,3,2,1,win,20150130_q1vt,0,0,0,0,0.0,,,,0.0,,,2015,2014-15,Feather River,featherriver,davidrapanotbx5t,David Rapanot
Jan 31,home,Barstow,W,4-1,4,1,3,win,20150131_87b6,0,0,0,0,0.0,,,,0.0,,,2015,2014-15,Feather River,featherriver,davidrapanotbx5t,David Rapanot
Feb 5,home,Sierra,W,6-4,6,4,2,win,20150205_zkth,0,0,0,0,0.0,,,,0.0,,,2015,2014-15,Feather River,featherriver,davidrapanotbx5t,David Rapanot
Feb 5,home,American River,W,9-3,9,3,6,win,20150205_psel,0,0,0,0,0.0,,,,0.0,,,2015,2014-15,Feather River,featherriver,davidrapanotbx5t,David Rapanot
Feb 20,home,Ohlone,L,3-2,3,2,1,win,20150220_hj0c,0,0,0,0,0.0,,,,0.0,,,2015,2014-15,Feather River,featherriver,davidrapanotbx5t,David Rapanot
Feb 25,home,Siskiyous,W,13-3,13,3,10,win,20150225_gwxy,0,0,0,0,0.0,,,,0.0,,,2015,2014-15,Feather River,featherriver,davidrapanotbx5t,David Rapanot
Feb 26,home,Siskiyous,W,11-4,11,4,7,win,20150226_qx38,0,0,0,0,0.0,,,,0.0,,,2015,2014-15,Feather River,featherriver,davidrapanotbx5t,David Rapanot
Feb 26,home,Siskiyous,W,23-3,23,3,20,win,20150226_jplh,0,0,0,0,0.0,,,,0.0,,,2015,2014-15,Feather River,featherriver,davidrapanotbx5t,David Rapanot
Mar 6,home,Redwoods,W,7-0,7,0,7,win,20150306_qmnt,0,0,0,0,0.0,,,,0.0,,,2015,2014-15,Feather River,featherriver,davidrapanotbx5t,David Rapanot
Mar 6,home,Redwoods,W,20-1,20,1,19,win,20150306_fa6w,0,0,0,0,0.0,,,,0.0,,,2015,2014-15,Feather River,featherriver,davidrapanotbx5t,David Rapanot
Mar 7,home,Redwoods,W,12-8,12,8,4,win,20150307_9d9n,0,0,0,0,0.0,,,,0.0,,,2015,2014-15,Feather River,featherriver,davidrapanotbx5t,David Rapanot
Mar 13,home,Lassen,W,11-6,11,6,5,win,20150313_bzvq,0,0,0,0,0.0,,,,0.0,,,2015,2014-15,Feather River,featherriver,davidrapanotbx5t,David Rapanot
Mar 14,home,Lassen,W,4-3,4,3,1,win,20150314_99lk,0,0,0,0,0.0,,,,0.0,,,2015,2014-15,Feather River,featherriver,davidrapanotbx5t,David Rapanot
Mar 14,home,Lassen,W,15-3,15,3,12,win,20150314_isp8,0,0,0,0,0.0,,,,0.0,,,2015,2014-15,Feather River,featherriver,davidrapanotbx5t,David Rapanot
Mar 20,home,Butte,L,13-10,13,10,3,win,20150320_gepq,0,0,0,0,0.0,,,,0.0,,,2015,2014-15,Feather River,featherriver,davidrapanotbx5t,David Rapanot
Mar 21,home,Butte,W,7-1,7,1,6,win,20150321_ybt5,0,0,0,0,0.0,,,,0.0,,,2015,2014-15,Feather River,featherriver,davidrapanotbx5t,David Rapanot
Mar 21,home,Butte,W,6-2,6,2,4,win,20150321_w3ya,0,0,0,0,0.0,,,,0.0,,,2015,2014-15,Feather River,featherriver,davidrapanotbx5t,David Rapanot
Mar 28,home,Shasta,W,7-2,7,2,5,win,20150328_th3d,0,0,0,0,0.0,,,,0.0,,,2015,2014-15,Feather River,featherriver,davidrapanotbx5t,David Rapanot
Mar 28,home,Shasta,W,11-5,11,5,6,win,20150328_m805,0,0,0,0,0.0,,,,0.0,,,2015,2014-15,Feather River,featherriver,davidrapanotbx5t,David Rapanot
Mar 29,home,Shasta,L,3-2,3,2,1,win,20150329_6n73,0,0,0,0,0.0,,,,0.0,,,2015,2014-15,Feather River,featherriver,davidrapanotbx5t,David Rapanot
Apr 3,home,Siskiyous,W,5-2,5,2,3,win,20150403_02cw,0,0,0,0,0.0,,,,0.0,,,2015,2014-15,Feather River,featherriver,davidrapanotbx5t,David Rapanot
Apr 3,home,Siskiyous,W,9-0,9,0,9,win,20150403_iwlx,0,0,0,0,0.0,,,,0.0,,,2015,2014-15,Feather River,featherriver,davidrapanotbx5t,David Rapanot
Apr 9,home,Redwoods,W,8-4,8,4,4,win,20150409_qzvs,0,0,0,0,0.0,,,,0.0,,,2015,2014-15,Feather River,featherriver,davidrapanotbx5t,David Rapanot
Apr 9,home,Redwoods,W,4-3,4,3,1,win,20150409_1p26,0,0,0,0,0.0,,,,0.0,,,2015,2014-15,Feather River,featherriver,davidrapanotbx5t,David Rapanot
Apr 11,home,Lassen,W,9-6,9,6,3,win,20150411_i0sx,0,0,0,0,0.0,,,,0.0,,,2015,2014-15,Feather River,featherriver,davidrapanotbx5t,David Rapanot
Apr 11,home,Lassen,W,4-2,4,2,2,win,20150411_tgxs,0,0,0,0,0.0,,,,0.0,,,2015,2014-15,Feather River,featherriver,davidrapanotbx5t,David Rapanot
Apr 18,home,Butte,L,4-1,4,1,3,win,20150418_77xo,0,0,0,0,0.0,,,,0.0,,,2015,2014-15,Feather River,featherriver,davidrapanotbx5t,David Rapanot
Apr 18,home,Butte,W,5-3,5,3,2,win,20150418_up5q,0,0,0,0,0.0,,,,0.0,,,2015,2014-15,Feather River,featherriver,davidrapanotbx5t,David Rapanot
Apr 23,home,Shasta,W,15-4,15,4,11,win,20150423_j2ve,0,0,0,0,0.0,,,,0.0,,,2015,2014-15,Feather River,featherriver,davidrapanotbx5t,David Rapanot
May 1,home,Folsom Lake,L,8-7,8,7,1,win,20150501_xamj,0,0,0,0,0.0,,,,0.0,,,2015,2014-15,Feather River,featherriver,davidrapanotbx5t,David Rapanot
May 2,home,Folsom Lake,W,9-6,9,6,3,win,20150502_2nzi,0,0,0,0,0.0,,,,0.0,,,2015,2014-15,Feather River,featherriver,davidrapanotbx5t,David Rapanot
May 2,home,Folsom Lake,W,5-4,5,4,1,win,20150502_1iqo,0,0,0,0,0.0,,,,0.0,,,2015,2014-15,Feather River,featherriver,davidrapanotbx5t,David Rapanot
May 8,home,Cosumnes River,L,9-3,9,3,6,win,20150508_mjt3,0,0,0,0,0.0,,,,0.0,,,2015,2014-15,Feather River,featherriver,davidrapanotbx5t,David Rapanot
May 9,home,Cosumnes River,W,8-5,8,5,3,win,20150509_9ms9,0,0,0,0,0.0,,,,0.0,,,2015,2014-15,Feather River,featherriver,davidrapanotbx5t,David Rapanot
May 10,home,Cosumnes River,W,3-2,3,2,1,win,20150510_z2mm,0,0,0,0,0.0,,,,0.0,,,2015,2014-15,Feather River,featherriver,davidrapanotbx5t,David Rapanot
May 15,home,Fresno City,L,2-1,2,1,1,win,20150515_ofyn,0,0,0,0,0.0,,,,0.0,,,2015,2014-15,Feather River,featherriver,davidrapanotbx5t,David Rapanot
May 16,home,Fresno City,L,9-7,9,7,2,win,20150516_5yt2,0,0,0,0,0.0,,,,0.0,,,2015,2014-15,Feather River,featherriver,davidrapanotbx5t,David Rapanot
Jan 29,home,Glendale,W,9-2,9,2,7,win,20150129_5bve,0,0,0,0,0.0,,,,0.0,,,2015,2014-15,Mt. San Antonio,mtsanantonio,toddyosth3go,Todd Yost
Jan 30,home,Mt. San Jacinto,W,6-4,6,4,2,win,20150130_3x10,0,0,0,0,0.0,,,,0.0,,,2015,2014-15,Mt. San Antonio,mtsanantonio,toddyosth3go,Todd Yost
Jan 31,home,Canyons,W,6-5,6,5,1,win,20150131_sqg3,0,0,0,0,0.0,,,,0.0,,,2015,2014-15,Mt. San Antonio,mtsanantonio,toddyosth3go,Todd Yost
Feb 5,home,LA Pierce,L,12-11,12,11,1,win,20150205_1j5k,0,0,0,0,0.0,,,,0.0,,,2015,2014-15,Mt. San Antonio,mtsanantonio,toddyosth3go,Todd Yost
Feb 7,home,Fullerton,L,6-5,6,5,1,win,20150207_8559,0,0,0,0,0.0,,,,0.0,,,2015,2014-15,Mt. San Antonio,mtsanantonio,toddyosth3go,Todd Yost
Feb 10,home,Mt. San Jacinto,W,10-2,10,2,8,win,20150210_1xal,0,0,0,0,0.0,,,,0.0,,,2015,2014-15,Mt. San Antonio,mtsanantonio,toddyosth3go,Todd Yost
Feb 12,home,Ventura,W,7-4,7,4,3,win,20150212_vx18,0,0,0,0,0.0,,,,0.0,,,2015,2014-15,Mt. San Antonio,mtsanantonio,toddyosth3go,Todd Yost
Feb 18,home,Rio Hondo,W,7-0,7,0,7,win,20150218_ywqz,0,0,0,0,0.0,,,,0.0,,,2015,2014-15,Mt. San Antonio,mtsanantonio,toddyosth3go,Todd Yost
Feb 21,home,Santa Ana,L,5-4,5,4,1,win,20150221_yaeg,0,0,0,0,0.0,,,,0.0,,,2015,2014-15,Mt. San Antonio,mtsanantonio,toddyosth3go,Todd Yost
Feb 24,home,Riverside,L,11-4,11,4,7,win,20150224_rv5x,0,0,0,0,0.0,,,,0.0,,,2015,2014-15,Mt. San Antonio,mtsanantonio,toddyosth3go,Todd Yost
Mar 4,home,LA Harbor,L,7-2,7,2,5,win,20150304_4a7r,0,0,0,0,0.0,,,,0.0,,,2015,2014-15,Mt. San Antonio,mtsanantonio,toddyosth3go,Todd Yost
Mar 10,home,Cerritos,W,4-1,4,1,3,win,20150310_6krv,0,0,0,0,0.0,,,,0.0,,,2015,2014-15,Mt. San Antonio,mtsanantonio,toddyosth3go,Todd Yost
Mar 14,home,Cerritos,L,4-1,4,1,3,win,20150314_e09f,0,0,0,0,0.0,,,,0.0,,,2015,2014-15,Mt. San Antonio,mtsanantonio,toddyosth3go,Todd Yost
Mar 19,home,East Los Angeles,W,12-4,12,4,8,win,20150319_f06b,0,0,0,0,0.0,,,,0.0,,,2015,2014-15,Mt. San Antonio,mtsanantonio,toddyosth3go,Todd Yost
Mar 21,home,East Los Angeles,L,1-0,1,0,1,win,20150321_g55p,0,0,0,0,0.0,,,,0.0,,,2015,2014-15,Mt. San Antonio,mtsanantonio,toddyosth3go,Todd Yost
Mar 24,home,El Camino,L,6-5,6,5,1,win,20150324_8nom,0,0,0,0,0.0,,,,0.0,,,2015,2014-15,Mt. San Antonio,mtsanantonio,toddyosth3go,Todd Yost
Mar 26,home,El Camino,W,4-3,4,3,1,win,20150326_qgjm,0,0,0,0,0.0,,,,0.0,,,2015,2014-15,Mt. San Antonio,mtsanantonio,toddyosth3go,Todd Yost
Mar 28,home,El Camino,L,6-1,6,1,5,win,20150328_d9ru,0,0,0,0,0.0,,,,0.0,,,2015,2014-15,Mt. San Antonio,mtsanantonio,toddyosth3go,Todd Yost
Mar 31,home,Citrus,L,4-2,4,2,2,win,20150331_z0sv,0,0,0,0,0.0,,,,0.0,,,2015,2014-15,Mt. San Antonio,mtsanantonio,toddyosth3go,Todd Yost
Apr 16,home,El Camino-Compton Center,W,7-3,7,3,4,win,20150416_7bjj,0,0,0,0,0.0,,,,0.0,,,2015,2014-15,Mt. San Antonio,mtsanantonio,toddyosth3go,Todd Yost
Apr 21,home,Pasadena,L,2-0,2,0,2,win,20150421_6z6p,0,0,0,0,0.0,,,,0.0,,,2015,2014-15,Mt. San Antonio,mtsanantonio,toddyosth3go,Todd Yost
Apr 24,home,Pasadena,W,5-4,5,4,1,win,20150424_0lry,0,0,0,0,0.0,,,,0.0,,,2015,2014-15,Mt. San Antonio,mtsanantonio,toddyosth3go,Todd Yost
Feb 26,home,Napa,W,8-2,8,2,6,win,20150226_esp7,0,0,0,0,0.0,,,,0.0,,,2015,2014-15,Contra Costa,contracosta,aaronoaksx5wm,Aaron Oaks
Feb 28,home,Mendocino,L,7-4,7,4,3,win,20150228_u3bl,0,0,0,0,0.0,,,,0.0,,,2015,2014-15,Contra Costa,contracosta,aaronoaksx5wm,Aaron Oaks
Mar 3,home,Mendocino,L,7-2,7,2,5,win,20150303_7496,0,0,0,0,0.0,,,,0.0,,,2015,2014-15,Contra Costa,contracosta,aaronoaksx5wm,Aaron Oaks
Mar 5,home,Laney,W,6-0,6,0,6,win,20150305_34hh,0,0,0,0,0.0,,,,0.0,,,2015,2014-15,Contra Costa,contracosta,aaronoaksx5wm,Aaron Oaks
Mar 7,home,Laney,W,4-3,4,3,1,win,20150307_2p9b,0,0,0,0,0.0,,,,0.0,,,2015,2014-15,Contra Costa,contracosta,aaronoaksx5wm,Aaron Oaks
Mar 10,home,Marin,L,6-3,6,3,3,win,20150310_l984,0,0,0,0,0.0,,,,0.0,,,2015,2014-15,Contra Costa,contracosta,aaronoaksx5wm,Aaron Oaks
Mar 12,home,Marin,L,6-4,6,4,2,win,20150312_r9q7,0,0,0,0,0.0,,,,0.0,,,2015,2014-15,Contra Costa,contracosta,aaronoaksx5wm,Aaron Oaks
Mar 19,home,Folsom Lake,L,16-13,16,13,3,win,20150319_fbyd,0,0,0,0,0.0,,,,0.0,,,2015,2014-15,Contra Costa,contracosta,aaronoaksx5wm,Aaron Oaks
Mar 26,home,Yuba,L,15-5,15,5,10,win,20150326_7s50,0,0,0,0,0.0,,,,0.0,,,2015,2014-15,Contra Costa,contracosta,aaronoaksx5wm,Aaron Oaks
Mar 28,home,Solano,L,10-0,10,0,10,win,20150328_x4x7,0,0,0,0,0.0,,,,0.0,,,2015,2014-15,Contra Costa,contracosta,aaronoaksx5wm,Aaron Oaks
Mar 31,home,Solano,L,21-4,21,4,17,win,20150331_tszu,0,0,0,0,0.0,,,,0.0,,,2015,2014-15,Contra Costa,contracosta,aaronoaksx5wm,Aaron Oaks
Apr 2,home,Los Medanos,W,6-4,6,4,2,win,20150402_a944,0,0,0,0,0.0,,,,0.0,,,2015,2014-15,Contra Costa,contracosta,aaronoaksx5wm,Aaron Oaks
Apr 3,home,Los Medanos,L,5-1,5,1,4,win,20150403_orhf,0,0,0,0,0.0,,,,0.0,,,2015,2014-15,Contra Costa,contracosta,aaronoaksx5wm,Aaron Oaks
Apr 7,home,Napa,L,16-3,16,3,13,win,20150407_zlf5,0,0,0,0,0.0,,,,0.0,,,2015,2014-15,Contra Costa,contracosta,aaronoaksx5wm,Aaron Oaks
Apr 9,home,Mendocino,L,4-3,4,3,1,win,20150409_0oty,0,0,0,0,0.0,,,,0.0,,,2015,2014-15,Contra Costa,contracosta,aaronoaksx5wm,Aaron Oaks
Apr 10,home,Laney,L,10-4,10,4,6,win,20150410_hukd,0,0,0,0,0.0,,,,0.0,,,2015,2014-15,Contra Costa,contracosta,aaronoaksx5wm,Aaron Oaks
Apr 14,home,Marin,L,8-5,8,5,3,win,20150414_58ab,0,0,0,0,0.0,,,,0.0,,,2015,2014-15,Contra Costa,contracosta,aaronoaksx5wm,Aaron Oaks
Apr 17,home,Folsom Lake,L,6-1,6,1,5,win,20150417_3v88,0,0,0,0,0.0,,,,0.0,,,2015,2014-15,Contra Costa,contracosta,aaronoaksx5wm,Aaron Oaks
Apr 23,home,Solano,L,18-10,18,10,8,win,20150423_r28r,0,0,0,0,0.0,,,,0.0,,,2015,2014-15,Contra Costa,contracosta,aaronoaksx5wm,Aaron Oaks
Apr 24,home,Los Medanos,L,10-2,10,2,8,win,20150424_v5ia,0,0,0,0,0.0,,,,0.0,,,2015,2014-15,Contra Costa,contracosta,aaronoaksx5wm,Aaron Oaks
Feb 5,home,Feather River,L,6-4,6,4,2,win,20150205_zkth,0,0,0,0,0.0,,,,0.0,,,2015,2014-15,Sierra,sierra,rollandpussichc53c,Rolland Pussich
Feb 14,home,San Mateo,L,15-5,15,5,10,win,20150214_xh9g,0,0,0,0,0.0,,,,0.0,,,2015,2014-15,Sierra,sierra,rollandpussichc53c,Rolland Pussich
Feb 17,home,Laney,L,2-1,2,1,1,win,20150217_b591,0,0,0,0,0.0,,,,0.0,,,2015,2014-15,Sierra,sierra,rollandpussichc53c,Rolland Pussich
Feb 21,home,Chabot,W,9-4,9,4,5,win,20150221_fte9,0,0,0,0,0.0,,,,0.0,,,2015,2014-15,Sierra,sierra,rollandpussichc53c,Rolland Pussich
Mar 3,home,San Joaquin  Delta,L,16-5,16,5,11,win,20150303_gd2o,0,0,0,0,0.0,,,,0.0,,,2015,2014-15,Sierra,sierra,rollandpussichc53c,Rolland Pussich
Mar 5,home,Sacramento City,W,10-6,10,6,4,win,20150305_q4cf,0,0,0,0,0.0,,,,0.0,,,2015,2014-15,Sierra,sierra,rollandpussichc53c,Rolland Pussich
Mar 6,home,Santa Rosa,L,2-0,2,0,2,win,20150306_shmr,0,0,0,0,0.0,,,,0.0,,,2015,2014-15,Sierra,sierra,rollandpussichc53c,Rolland Pussich
Mar 14,home,Cosumnes River,W,6-5,6,5,1,win,20150314_rzuy,0,0,0,0,0.0,,,,0.0,,,2015,2014-15,Sierra,sierra,rollandpussichc53c,Rolland Pussich
Mar 20,home,Diablo Valley,W,3-0,3,0,3,win,20150320_5klk,0,0,0,0,0.0,,,,0.0,,,2015,2014-15,Sierra,sierra,rollandpussichc53c,Rolland Pussich
Mar 24,home,Sacramento City,L,6-5,6,5,1,win,20150324_xeyz,0,0,0,0,0.0,,,,0.0,,,2015,2014-15,Sierra,sierra,rollandpussichc53c,Rolland Pussich
Mar 28,home,Sacramento City,W,5-4,5,4,1,win,20150328_wk3h,0,0,0,0,0.0,,,,0.0,,,2015,2014-15,Sierra,sierra,rollandpussichc53c,Rolland Pussich
Apr 4,home,San Joaquin  Delta,L,7-0,7,0,7,win,20150404_yz8o,0,0,0,0,0.0,,,,0.0,,,2015,2014-15,Sierra,sierra,rollandpussichc53c,Rolland Pussich
Apr 8,home,Modesto,W,5-1,5,1,4,win,20150408_zy1d,0,0,0,0,0.0,,,,0.0,,,2015,2014-15,Sierra,sierra,rollandpussichc53c,Rolland Pussich
Apr 17,home,American River,W,4-2,4,2,2,win,20150417_xe75,0,0,0,0,0.0,,,,0.0,,,2015,2014-15,Sierra,sierra,rollandpussichc53c,Rolland Pussich
Jan 29,home,Ventura,W,8-1,8,1,7,win,20150129_2v4m,0,0,0,0,0.0,,,,0.0,,,2015,2014-15,San Diego Mesa,sandiegomesa,jordanmccomb6mvm,Jordan McComb
Jan 31,home,Fullerton,L,8-4,8,4,4,win,20150131_sek0,0,0,0,0,0.0,,,,0.0,,,2015,2014-15,San Diego Mesa,sandiegomesa,jordanmccomb6mvm,Jordan McComb
Feb 3,home,Desert,W,12-0,12,0,12,win,20150203_39m5,0,0,0,0,0.0,,,,0.0,,,2015,2014-15,San Diego Mesa,sandiegomesa,jordanmccomb6mvm,Jordan McComb
Feb 5,home,Rio Hondo,L,13-3,13,3,10,win,20150205_qotk,0,0,0,0,0.0,,,,0.0,,,2015,2014-15,San Diego Mesa,sandiegomesa,jordanmccomb6mvm,Jordan McComb
Feb 6,home,Allan Hancock,W,17-1,17,1,16,win,20150206_bitk,0,0,0,0,0.0,,,,0.0,,,2015,2014-15,San Diego Mesa,sandiegomesa,jordanmccomb6mvm,Jordan McComb
Feb 7,home,Canyons,L,8-2,8,2,6,win,20150207_3tw9,0,0,0,0,0.0,,,,0.0,,,2015,2014-15,San Diego Mesa,sandiegomesa,jordanmccomb6mvm,Jordan McComb
Feb 10,home,Rio Hondo,L,9-5,9,5,4,win,20150210_bufx,0,0,0,0,0.0,,,,0.0,,,2015,2014-15,San Diego Mesa,sandiegomesa,jordanmccomb6mvm,Jordan McComb
Feb 12,home,Santa Ana,W,8-4,8,4,4,win,20150212_mfog,0,0,0,0,0.0,,,,0.0,,,2015,2014-15,San Diego Mesa,sandiegomesa,jordanmccomb6mvm,Jordan McComb
Feb 17,home,Saddleback,L,6-2,6,2,4,win,20150217_x228,0,0,0,0,0.0,,,,0.0,,,2015,2014-15,San Diego Mesa,sandiegomesa,jordanmccomb6mvm,Jordan McComb
Feb 19,home,Skyline,W,8-3,8,3,5,win,20150219_to8c,0,0,0,0,0.0,,,,0.0,,,2015,2014-15,San Diego Mesa,sandiegomesa,jordanmccomb6mvm,Jordan McComb
Feb 20,home,Skyline,L,5-3,5,3,2,win,20150220_zggm,0,0,0,0,0.0,,,,0.0,,,2015,2014-15,San Diego Mesa,sandiegomesa,jordanmccomb6mvm,Jordan McComb
Feb 21,home,Southwestern,L,7-2,7,2,5,win,20150221_z8al,0,0,0,0,0.0,,,,0.0,,,2015,2014-15,San Diego Mesa,sandiegomesa,jordanmccomb6mvm,Jordan McComb
Feb 24,home,Mt. San Jacinto,W,18-13,18,13,5,win,20150224_5lq3,0,0,0,0,0.0,,,,0.0,,,2015,2014-15,San Diego Mesa,sandiegomesa,jordanmccomb6mvm,Jordan McComb
Feb 26,home,San Diego City,L,4-3,4,3,1,win,20150226_n4yt,0,0,0,0,0.0,,,,0.0,,,2015,2014-15,San Diego Mesa,sandiegomesa,jordanmccomb6mvm,Jordan McComb
Feb 27,home,Palomar,L,10-0,10,0,10,win,20150227_idxr,0,0,0,0,0.0,,,,0.0,,,2015,2014-15,San Diego Mesa,sandiegomesa,jordanmccomb6mvm,Jordan McComb
Mar 3,home,Imperial Valley,W,4-3,4,3,1,win,20150303_izuy,0,0,0,0,0.0,,,,0.0,,,2015,2014-15,San Diego Mesa,sandiegomesa,jordanmccomb6mvm,Jordan McComb
Mar 7,home,Grossmont,L,6-5,6,5,1,win,20150307_iy38,0,0,0,0,0.0,,,,0.0,,,2015,2014-15,San Diego Mesa,sandiegomesa,jordanmccomb6mvm,Jordan McComb
Mar 12,home,Southwestern,W,10-6,10,6,4,win,20150312_ycrl,0,0,0,0,0.0,,,,0.0,,,2015,2014-15,San Diego Mesa,sandiegomesa,jordanmccomb6mvm,Jordan McComb
Mar 17,home,Mt. San Jacinto,W,5-4,5,4,1,win,20150317_3sft,0,0,0,0,0.0,,,,0.0,,,2015,2014-15,San Diego Mesa,sandiegomesa,jordanmccomb6mvm,Jordan McComb
Mar 19,home,Mt. San Jacinto,W,7-5,7,5,2,win,20150319_0wbi,0,0,0,0,0.0,,,,0.0,,,2015,2014-15,San Diego Mesa,sandiegomesa,jordanmccomb6mvm,Jordan McComb
Mar 21,home,Mt. San Jacinto,L,3-2,3,2,1,win,20150321_mbkz,0,0,0,0,0.0,,,,0.0,,,2015,2014-15,San Diego Mesa,sandiegomesa,jordanmccomb6mvm,Jordan McComb
Mar 26,home,San Diego City,W,11-0,11,0,11,win,20150326_vbgu,0,0,0,0,0.0,,,,0.0,,,2015,2014-15,San Diego Mesa,sandiegomesa,jordanmccomb6mvm,Jordan McComb
Mar 27,home,San Diego City,W,4-2,4,2,2,win,20150327_2fv8,0,0,0,0,0.0,,,,0.0,,,2015,2014-15,San Diego Mesa,sandiegomesa,jordanmccomb6mvm,Jordan McComb
Mar 31,home,Palomar,W,6-5,6,5,1,win,20150331_a11s,0,0,0,0,0.0,,,,0.0,,,2015,2014-15,San Diego Mesa,sandiegomesa,jordanmccomb6mvm,Jordan McComb
Apr 7,home,Imperial Valley,L,8-6,8,6,2,win,20150407_j4ha,0,0,0,0,0.0,,,,0.0,,,2015,2014-15,San Diego Mesa,sandiegomesa,jordanmccomb6mvm,Jordan McComb
Apr 21,home,Grossmont,L,5-4,5,4,1,win,20150421_ubnm,0,0,0,0,0.0,,,,0.0,,,2015,2014-15,San Diego Mesa,sandiegomesa,jordanmccomb6mvm,Jordan McComb
Apr 23,home,Grossmont,L,10-3,10,3,7,win,20150423_afub,0,0,0,0,0.0,,,,0.0,,,2015,2014-15,San Diego Mesa,sandiegomesa,jordanmccomb6mvm,Jordan McComb
Apr 24,home,Grossmont,L,5-1,5,1,4,win,20150424_p8x8,0,0,0,0,0.0,,,,0.0,,,2015,2014-15,San Diego Mesa,sandiegomesa,jordanmccomb6mvm,Jordan McComb
Feb 5,home,Sequoias,W,7-3,7,3,4,win,20150205_a6uq,0,0,0,0,0.0,,,,0.0,,,2015,2014-15,Golden West,goldenwest,tylerdepretat7cq,Tyler Depreta
Feb 7,home,Hartnell,W,3-1,3,1,2,win,20150207_f1r5,0,0,0,0,0.0,,,,0.0,,,2015,2014-15,Golden West,goldenwest,tylerdepretat7cq,Tyler Depreta
Feb 10,home,Cerritos,W,4-2,4,2,2,win,20150210_l5yf,0,0,0,0,0.0,,,,0.0,,,2015,2014-15,Golden West,goldenwest,tylerdepretat7cq,Tyler Depreta
Feb 12,home,LA Harbor,L,6-2,6,2,4,win,20150212_ib9j,0,0,0,0,0.0,,,,0.0,,,2015,2014-15,Golden West,goldenwest,tylerdepretat7cq,Tyler Depreta
Feb 19,home,Bakersfield,W,4-2,4,2,2,win,20150219_ai2r,0,0,0,0,0.0,,,,0.0,,,2015,2014-15,Golden West,goldenwest,tylerdepretat7cq,Tyler Depreta
Feb 20,home,Bakersfield,W,8-5,8,5,3,win,20150220_t7eh,0,0,0,0,0.0,,,,0.0,,,2015,2014-15,Golden West,goldenwest,tylerdepretat7cq,Tyler Depreta
Feb 24,home,Cerritos,L,3-2,3,2,1,win,20150224_iydm,0,0,0,0,0.0,,,,0.0,,,2015,2014-15,Golden West,goldenwest,tylerdepretat7cq,Tyler Depreta
Feb 26,home,Cypress,W,7-6,7,6,1,win,20150226_pu3e,0,0,0,0,0.0,,,,0.0,,,2015,2014-15,Golden West,goldenwest,tylerdepretat7cq,Tyler Depreta
Feb 28,home,Fullerton,L,7-4,7,4,3,win,20150228_evrf,0,0,0,0,0.0,,,,0.0,,,2015,2014-15,Golden West,goldenwest,tylerdepretat7cq,Tyler Depreta
Mar 3,home,Saddleback,L,9-8,9,8,1,win,20150303_b3r5,0,0,0,0,0.0,,,,0.0,,,2015,2014-15,Golden West,goldenwest,tylerdepretat7cq,Tyler Depreta
Mar 5,home,Irvine Valley,L,7-3,7,3,4,win,20150305_82mc,0,0,0,0,0.0,,,,0.0,,,2015,2014-15,Golden West,goldenwest,tylerdepretat7cq,Tyler Depreta
Mar 7,home,Santa Ana,W,9-3,9,3,6,win,20150307_4ikn,0,0,0,0,0.0,,,,0.0,,,2015,2014-15,Golden West,goldenwest,tylerdepretat7cq,Tyler Depreta
Mar 10,home,Orange Coast,W,5-4,5,4,1,win,20150310_b690,0,0,0,0,0.0,,,,0.0,,,2015,2014-15,Golden West,goldenwest,tylerdepretat7cq,Tyler Depreta
Mar 12,home,Riverside,L,13-0,13,0,13,win,20150312_ugk6,0,0,0,0,0.0,,,,0.0,,,2015,2014-15,Golden West,goldenwest,tylerdepretat7cq,Tyler Depreta
Mar 17,home,Cypress,W,5-4,5,4,1,win,20150317_k9qu,0,0,0,0,0.0,,,,0.0,,,2015,2014-15,Golden West,goldenwest,tylerdepretat7cq,Tyler Depreta
Mar 19,home,Cypress,L,5-1,5,1,4,win,20150319_wg7p,0,0,0,0,0.0,,,,0.0,,,2015,2014-15,Golden West,goldenwest,tylerdepretat7cq,Tyler Depreta
Mar 21,home,Fullerton,W,5-4,5,4,1,win,20150321_ssta,0,0,0,0,0.0,,,,0.0,,,2015,2014-15,Golden West,goldenwest,tylerdepretat7cq,Tyler Depreta
Mar 24,home,Fullerton,L,12-6,12,6,6,win,20150324_4n5o,0,0,0,0,0.0,,,,0.0,,,2015,2014-15,Golden West,goldenwest,tylerdepretat7cq,Tyler Depreta
Mar 26,home,Saddleback,W,5-2,5,2,3,win,20150326_v4ux,0,0,0,0,0.0,,,,0.0,,,2015,2014-15,Golden West,goldenwest,tylerdepretat7cq,Tyler Depreta
Mar 27,home,Saddleback,W,7-1,7,1,6,win,20150327_76jd,0,0,0,0,0.0,,,,0.0,,,2015,2014-15,Golden West,goldenwest,tylerdepretat7cq,Tyler Depreta
Mar 31,home,Chaffey,L,6-2,6,2,4,win,20150331_tymd,0,0,0,0,0.0,,,,0.0,,,2015,2014-15,Golden West,goldenwest,tylerdepretat7cq,Tyler Depreta
Apr 2,home,Chaffey,L,6-5,6,5,1,win,20150402_1ikn,0,0,0,0,0.0,,,,0.0,,,2015,2014-15,Golden West,goldenwest,tylerdepretat7cq,Tyler Depreta
Apr 7,home,Irvine Valley,W,15-0,15,0,15,win,20150407_bwyx,0,0,0,0,0.0,,,,0.0,,,2015,2014-15,Golden West,goldenwest,tylerdepretat7cq,Tyler Depreta
Apr 9,home,Irvine Valley,W,2-1,2,1,1,win,20150409_u8uo,0,0,0,0,0.0,,,,0.0,,,2015,2014-15,Golden West,goldenwest,tylerdepretat7cq,Tyler Depreta
Apr 11,home,Santa Ana,W,2-1,2,1,1,win,20150411_onqn,0,0,0,0,0.0,,,,0.0,,,2015,2014-15,Golden West,goldenwest,tylerdepretat7cq,Tyler Depreta
Apr 14,home,Santa Ana,W,12-6,12,6,6,win,20150414_tvw9,0,0,0,0,0.0,,,,0.0,,,2015,2014-15,Golden West,goldenwest,tylerdepretat7cq,Tyler Depreta
Apr 16,home,Orange Coast,W,5-4,5,4,1,win,20150416_m9hs,0,0,0,0,0.0,,,,0.0,,,2015,2014-15,Golden West,goldenwest,tylerdepretat7cq,Tyler Depreta
Apr 17,home,Orange Coast,W,14-10,14,10,4,win,20150417_ygao,0,0,0,0,0.0,,,,0.0,,,2015,2014-15,Golden West,goldenwest,tylerdepretat7cq,Tyler Depreta
Apr 21,home,Riverside,W,4-2,4,2,2,win,20150421_e3mk,0,0,0,0,0.0,,,,0.0,,,2015,2014-15,Golden West,goldenwest,tylerdepretat7cq,Tyler Depreta
Apr 23,home,Riverside,W,5-1,5,1,4,win,20150423_giyt,0,0,0,0,0.0,,,,0.0,,,2015,2014-15,Golden West,goldenwest,tylerdepretat7cq,Tyler Depreta
May 1,home,Cuesta,L,8-0,8,0,8,win,20150501_i0bn,0,0,0,0,0.0,,,,0.0,,,2015,2014-15,Golden West,goldenwest,tylerdepretat7cq,Tyler Depreta
May 2,home,Cuesta,W,13-8,13,8,5,win,20150502_85s5,0,0,0,0,0.0,,,,0.0,,,2015,2014-15,Golden West,goldenwest,tylerdepretat7cq,Tyler Depreta
May 2,home,Cuesta,W,6-5,6,5,1,win,20150502_coe6,0,0,0,0,0.0,,,,0.0,,,2015,2014-15,Golden West,goldenwest,tylerdepretat7cq,Tyler Depreta
May 8,home,Saddleback,W,6-3,6,3,3,win,20150508_556a,0,0,0,0,0.0,,,,0.0,,,2015,2014-15,Golden West,goldenwest,tylerdepretat7cq,Tyler Depreta
May 9,home,Saddleback,L,2-0,2,0,2,win,20150509_n6k9,0,0,0,0,0.0,,,,0.0,,,2015,2014-15,Golden West,goldenwest,tylerdepretat7cq,Tyler Depreta
May 10,home,Saddleback,L,8-7,8,7,1,win,20150510_p3td,0,0,0,0,0.0,,,,0.0,,,2015,2014-15,Golden West,goldenwest,tylerdepretat7cq,Tyler Depreta
Jan 27,home,Canyons,L,8-3,8,3,5,win,20150127_ys4r,0,0,0,0,0.0,,,,0.0,,,2015,2014-15,LA Pierce,lapierce,dakotawilliams3wcp,Dakota Williams
Jan 28,home,Citrus,L,7-6,7,6,1,win,20150128_ufkz,0,0,0,0,0.0,,,,0.0,,,2015,2014-15,LA Pierce,lapierce,dakotawilliams3wcp,Dakota Williams
Jan 30,home,East Los Angeles,W,9-6,9,6,3,win,20150130_junl,0,0,0,0,0.0,,,,0.0,,,2015,2014-15,LA Pierce,lapierce,dakotawilliams3wcp,Dakota Williams
Feb 5,home,Mt. San Antonio,W,12-11,12,11,1,win,20150205_1j5k,0,0,0,0,0.0,,,,0.0,,,2015,2014-15,LA Pierce,lapierce,dakotawilliams3wcp,Dakota Williams
Feb 6,home,LA Valley,L,17-4,17,4,13,win,20150206_h4kz,0,0,0,0,1.0,,,,0.0,,2.0,2015,2014-15,LA Pierce,lapierce,dakotawilliams3wcp,Dakota Williams
Feb 10,home,LA Mission,L,7-4,7,4,3,win,20150210_j6vb,0,0,1,0,1.0,3.0,4.0,2.0,18.0,,2.0,2015,2014-15,LA Pierce,lapierce,dakotawilliams3wcp,Dakota Williams
Feb 14,home,Oxnard,L,11-7,11,7,4,win,20150214_aa1b,0,0,0,0,1.0,,,,0.0,1.0,1.0,2015,2014-15,LA Pierce,lapierce,dakotawilliams3wcp,Dakota Williams
Feb 17,home,Oxnard,L,6-4,6,4,2,win,20150217_6bqb,0,0,0,0,1.0,,,,0.0,1.0,,2015,2014-15,LA Pierce,lapierce,dakotawilliams3wcp,Dakota Williams
Feb 19,home,Moorpark,W,7-1,7,1,6,win,20150219_4qhl,0,0,0,0,1.0,1.0,,,0.0,,1.0,2015,2014-15,LA Pierce,lapierce,dakotawilliams3wcp,Dakota Williams
Feb 26,home,Allan Hancock,W,5-4,5,4,1,win,20150226_lzle,0,0,0,0,0.2,2.0,2.0,2.0,27.0,2.0,,2015,2014-15,LA Pierce,lapierce,dakotawilliams3wcp,Dakota Williams
Jan 27,home,Barstow,W,3-1,3,1,2,win,20150127_ypu5,0,0,0,1,1.0,0.0,0.0,0.0,0.0,0.0,2.0,2015,2014-15,Southwestern,southwestern,kevinginkelz17y,Kevin Ginkel
Jan 31,home,Victor Valley,W,8-1,8,1,7,win,20150131_0wkx,0,0,0,0,1.0,1.0,0.0,0.0,0.0,0.0,2.0,2015,2014-15,Southwestern,southwestern,kevinginkelz17y,Kevin Ginkel
Feb 5,home,El Camino,W,5-2,5,2,3,win,20150205_5r9o,0,0,0,1,1.0,0.0,0.0,0.0,0.0,0.0,1.0,2015,2014-15,Southwestern,southwestern,kevinginkelz17y,Kevin Ginkel
Feb 10,home,Fullerton,L,11-6,11,6,5,win,20150210_zrxi,0,0,0,0,1.0,,,,0.0,1.0,2.0,2015,2014-15,Southwestern,southwestern,kevinginkelz17y,Kevin Ginkel
Feb 12,home,Chaffey,W,11-9,11,9,2,win,20150212_gtll,0,0,0,1,1.2,,,,0.0,,1.0,2015,2014-15,Southwestern,southwestern,kevinginkelz17y,Kevin Ginkel
Feb 17,home,Orange Coast,W,2-1,2,1,1,win,20150217_va13,0,0,0,1,1.0,0.0,0.0,0.0,0.0,1.0,2.0,2015,2014-15,Southwestern,southwestern,kevinginkelz17y,Kevin Ginkel
Feb 21,home,San Diego Mesa,W,7-2,7,2,5,win,20150221_z8al,0,0,0,0,1.0,,,,0.0,,2.0,2015,2014-15,Southwestern,southwestern,kevinginkelz17y,Kevin Ginkel
Feb 26,home,Grossmont,W,3-2,3,2,1,win,20150226_o1yl,0,0,0,1,1.0,1.0,0.0,0.0,0.0,0.0,1.0,2015,2014-15,Southwestern,southwestern,kevinginkelz17y,Kevin Ginkel
Mar 7,home,Palomar,W,3-2,3,2,1,win,20150307_szy7,0,1,0,0,4.2,0.0,0.0,0.0,0.0,2.0,7.0,2015,2014-15,Southwestern,southwestern,kevinginkelz17y,Kevin Ginkel
Mar 12,home,San Diego Mesa,L,10-6,10,6,4,win,20150312_ycrl,0,0,0,0,0.2,2.0,1.0,,0.0,,1.0,2015,2014-15,Southwestern,southwestern,kevinginkelz17y,Kevin Ginkel
Mar 17,home,San Diego City,W,6-3,6,3,3,win,20150317_ahu2,0,0,0,1,1.0,,,,0.0,1.0,3.0,2015,2014-15,Southwestern,southwestern,kevinginkelz17y,Kevin Ginkel
Mar 19,home,San Diego City,W,7-3,7,3,4,win,20150319_lrjy,0,0,0,0,0.0,,,,0.0,,,2015,2014-15,Southwestern,southwestern,kevinginkelz17y,Kevin Ginkel
Mar 21,home,San Diego City,W,3-2,3,2,1,win,20150321_gb20,0,1,0,0,3.1,4.0,1.0,1.0,2.7,,4.0,2015,2014-15,Southwestern,southwestern,kevinginkelz17y,Kevin Ginkel
Mar 26,home,Grossmont,W,5-4,5,4,1,win,20150326_a0mu,0,0,0,0,1.0,,1.0,1.0,9.0,3.0,2.0,2015,2014-15,Southwestern,southwestern,kevinginkelz17y,Kevin Ginkel
Mar 28,home,Grossmont,W,10-4,10,4,6,win,20150328_8kz7,0,0,0,0,1.0,1.0,,,0.0,,,2015,2014-15,Southwestern,southwestern,kevinginkelz17y,Kevin Ginkel
Apr 2,home,Imperial Valley,W,3-1,3,1,2,win,20150402_y38j,0,0,0,1,1.0,1.0,,,0.0,,2.0,2015,2014-15,Southwestern,southwestern,kevinginkelz17y,Kevin Ginkel
Apr 3,home,Imperial Valley,W,14-2,14,2,12,win,20150403_x0od,0,0,0,0,1.0,2.0,,,0.0,,1.0,2015,2014-15,Southwestern,southwestern,kevinginkelz17y,Kevin Ginkel
Apr 8,home,Cerro Coso,W,13-1,13,1,12,win,20150408_ioj2,0,0,0,0,1.0,,,,0.0,,,2015,2014-15,Southwestern,southwestern,kevinginkelz17y,Kevin Ginkel
Apr 9,home,Cerro Coso,W,10-1,10,1,9,win,20150409_cpvd,0,0,0,0,1.0,1.0,,,0.0,,,2015,2014-15,Southwestern,southwestern,kevinginkelz17y,Kevin Ginkel
Apr 14,home,Mt. San Jacinto,W,4-2,4,2,2,win,20150414_3awm,0,0,0,1,1.0,1.0,,,0.0,,1.0,2015,2014-15,Southwestern,southwestern,kevinginkelz17y,Kevin Ginkel
Apr 18,home,Mt. San Jacinto,W,11-6,11,6,5,win,20150418_1gar,0,0,0,0,1.0,3.0,2.0,2.0,18.0,,1.0,2015,2014-15,Southwestern,southwestern,kevinginkelz17y,Kevin Ginkel
Apr 23,home,Palomar,L,7-4,7,4,3,win,20150423_lpem,0,0,1,0,0.2,3.0,4.0,4.0,54.0,2.0,,2015,2014-15,Southwestern,southwestern,kevinginkelz17y,Kevin Ginkel
Jan 29,home,West Valley,L,9-5,9,5,4,win,20150129_5wxp,0,0,0,0,0.0,,,,0.0,,,2015,2014-15,American River,americanriver,jimmylunardelli0m8o,Jimmy Lunardelli
Jan 31,home,West Valley,L,19-11,19,11,8,win,20150131_b3g7,0,0,0,0,0.0,,,,0.0,,,2015,2014-15,American River,americanriver,jimmylunardelli0m8o,Jimmy Lunardelli
Feb 4,home,Shasta,W,9-1,9,1,8,win,20150204_f3vd,0,0,0,0,0.0,,,,0.0,,,2015,2014-15,American River,americanriver,jimmylunardelli0m8o,Jimmy Lunardelli
Feb 5,home,Feather River,L,9-3,9,3,6,win,20150205_psel,0,0,0,0,0.0,,,,0.0,,,2015,2014-15,American River,americanriver,jimmylunardelli0m8o,Jimmy Lunardelli
Feb 10,home,Solano,W,7-4,7,4,3,win,20150210_9wuy,0,0,0,0,0.0,,,,0.0,,,2015,2014-15,American River,americanriver,jimmylunardelli0m8o,Jimmy Lunardelli
Feb 13,home,Hartnell,L,10-6,10,6,4,win,20150213_1e5c,0,0,0,0,0.0,,,,0.0,,,2015,2014-15,American River,americanriver,jimmylunardelli0m8o,Jimmy Lunardelli
Feb 14,home,Hartnell,L,12-1,12,1,11,win,20150214_v1lx,0,0,0,0,0.0,,,,0.0,,,2015,2014-15,American River,americanriver,jimmylunardelli0m8o,Jimmy Lunardelli
Feb 17,home,Mission,W,10-0,10,0,10,win,20150217_ngr8,0,0,0,0,0.0,,,,0.0,,,2015,2014-15,American River,americanriver,jimmylunardelli0m8o,Jimmy Lunardelli
Feb 18,home,Shasta,W,17-6,17,6,11,win,20150218_ppf0,0,0,0,0,0.0,,,,0.0,,,2015,2014-15,American River,americanriver,jimmylunardelli0m8o,Jimmy Lunardelli
Feb 21,home,Laney,W,10-4,10,4,6,win,20150221_z3ln,0,0,0,0,0.0,,,,0.0,,,2015,2014-15,American River,americanriver,jimmylunardelli0m8o,Jimmy Lunardelli
Feb 24,home,Solano,W,9-7,9,7,2,win,20150224_736l,0,0,0,0,0.0,,,,0.0,,,2015,2014-15,American River,americanriver,jimmylunardelli0m8o,Jimmy Lunardelli
Feb 26,home,Diablo Valley,L,6-4,6,4,2,win,20150226_736p,0,0,0,0,0.0,,,,0.0,,,2015,2014-15,American River,americanriver,jimmylunardelli0m8o,Jimmy Lunardelli
Mar 3,home,Modesto,W,2-1,2,1,1,win,20150303_twxj,0,0,0,0,0.0,,,,0.0,,,2015,2014-15,American River,americanriver,jimmylunardelli0m8o,Jimmy Lunardelli
Mar 5,home,Cosumnes River,L,8-2,8,2,6,win,20150305_ud0a,0,0,0,0,0.0,,,,0.0,,,2015,2014-15,American River,americanriver,jimmylunardelli0m8o,Jimmy Lunardelli
Mar 6,home,Diablo Valley,W,4-3,4,3,1,win,20150306_ptlm,0,0,0,0,0.0,,,,0.0,,,2015,2014-15,American River,americanriver,jimmylunardelli0m8o,Jimmy Lunardelli
Mar 10,home,Sacramento City,W,2-1,2,1,1,win,20150310_dmfn,0,0,0,0,0.0,,,,0.0,,,2015,2014-15,American River,americanriver,jimmylunardelli0m8o,Jimmy Lunardelli
Mar 12,home,Sacramento City,W,12-1,12,1,11,win,20150312_u2ru,0,0,0,0,0.0,,,,0.0,,,2015,2014-15,American River,americanriver,jimmylunardelli0m8o,Jimmy Lunardelli
Mar 14,home,Sacramento City,L,13-5,13,5,8,win,20150314_ts1b,0,0,0,0,0.0,,,,0.0,,,2015,2014-15,American River,americanriver,jimmylunardelli0m8o,Jimmy Lunardelli
Mar 17,home,San Joaquin  Delta,L,8-5,8,5,3,win,20150317_rkw8,0,0,0,0,0.0,,,,0.0,,,2015,2014-15,American River,americanriver,jimmylunardelli0m8o,Jimmy Lunardelli
Mar 19,home,San Joaquin  Delta,L,10-1,10,1,9,win,20150319_c7n5,0,0,0,0,0.0,,,,0.0,,,2015,2014-15,American River,americanriver,jimmylunardelli0m8o,Jimmy Lunardelli
Mar 21,home,San Joaquin  Delta,L,5-4,5,4,1,win,20150321_vecm,0,0,0,0,0.0,,,,0.0,,,2015,2014-15,American River,americanriver,jimmylunardelli0m8o,Jimmy Lunardelli
Mar 28,home,Cosumnes River,L,3-2,3,2,1,win,20150328_zf98,0,0,0,0,0.0,,,,0.0,,,2015,2014-15,American River,americanriver,jimmylunardelli0m8o,Jimmy Lunardelli
Mar 31,home,Modesto,W,3-2,3,2,1,win,20150331_sa3d,0,0,0,0,0.0,,,,0.0,,,2015,2014-15,American River,americanriver,jimmylunardelli0m8o,Jimmy Lunardelli
Apr 2,home,Modesto,L,6-0,6,0,6,win,20150402_u2dl,0,0,0,0,0.0,,,,0.0,,,2015,2014-15,American River,americanriver,jimmylunardelli0m8o,Jimmy Lunardelli
Apr 4,home,Modesto,W,3-2,3,2,1,win,20150404_d5u0,0,0,0,0,0.0,,,,0.0,,,2015,2014-15,American River,americanriver,jimmylunardelli0m8o,Jimmy Lunardelli
Apr 8,home,Santa Rosa,L,8-2,8,2,6,win,20150408_ufu5,0,0,0,0,0.0,,,,0.0,,,2015,2014-15,American River,americanriver,jimmylunardelli0m8o,Jimmy Lunardelli
Apr 9,home,Santa Rosa,L,10-3,10,3,7,win,20150409_4tkk,0,0,0,0,0.0,,,,0.0,,,2015,2014-15,American River,americanriver,jimmylunardelli0m8o,Jimmy Lunardelli
Apr 11,home,Santa Rosa,W,3-1,3,1,2,win,20150411_krin,0,0,0,0,0.0,,,,0.0,,,2015,2014-15,American River,americanriver,jimmylunardelli0m8o,Jimmy Lunardelli
Apr 14,home,Sierra,W,4-2,4,2,2,win,20150414_3erk,0,0,0,0,0.0,,,,0.0,,,2015,2014-15,American River,americanriver,jimmylunardelli0m8o,Jimmy Lunardelli
Apr 16,home,Sierra,W,7-1,7,1,6,win,20150416_ouxq,0,0,0,0,0.0,,,,0.0,,,2015,2014-15,American River,americanriver,jimmylunardelli0m8o,Jimmy Lunardelli
Apr 17,home,Sierra,L,4-2,4,2,2,win,20150417_xe75,0,0,0,0,0.0,,,,0.0,,,2015,2014-15,American River,americanriver,jimmylunardelli0m8o,Jimmy Lunardelli
Apr 21,home,Diablo Valley,W,4-1,4,1,3,win,20150421_s4y3,0,0,0,0,0.0,,,,0.0,,,2015,2014-15,American River,americanriver,jimmylunardelli0m8o,Jimmy Lunardelli
Apr 23,home,Diablo Valley,L,15-7,15,7,8,win,20150423_2ccc,0,0,0,0,0.0,,,,0.0,,,2015,2014-15,American River,americanriver,jimmylunardelli0m8o,Jimmy Lunardelli
Apr 24,home,Diablo Valley,W,9-8,9,8,1,win,20150424_ww5s,0,0,0,0,0.0,,,,0.0,,,2015,2014-15,American River,americanriver,jimmylunardelli0m8o,Jimmy Lunardelli
Jan 27,home,Yuba,L,11-6,11,6,5,win,20150127_cts9,0,0,0,0,0.0,,2.0,1.0,inf,2.0,,2015,2014-15,De Anza,deanza,cristophercastillo0mgh,Cristopher Castillo
Jan 30,home,Yuba,L,6-2,6,2,4,win,20150130_8qqo,1,0,1,0,3.0,3.0,4.0,1.0,3.0,1.0,3.0,2015,2014-15,De Anza,deanza,cristophercastillo0mgh,Cristopher Castillo
Feb 2,home,Santa Rosa,L,9-1,9,1,8,win,20150202_v2ar,0,0,0,0,0.0,,,,0.0,,,2015,2014-15,De Anza,deanza,cristophercastillo0mgh,Cristopher Castillo
Feb 3,home,Reedley,W,4-3,4,3,1,win,20150203_ux06,0,0,0,0,0.0,,,,0.0,,,2015,2014-15,De Anza,deanza,cristophercastillo0mgh,Cristopher Castillo
Feb 5,home,Santa Rosa,L,10-0,10,0,10,win,20150205_xcfp,1,0,1,0,4.1,9.0,6.0,6.0,12.46,2.0,0.0,2015,2014-15,De Anza,deanza,cristophercastillo0mgh,Cristopher Castillo
Feb 10,home,Contra Costa,W,1-0,1,0,1,win,20150210_go9s,0,0,0,0,0.0,,,,0.0,,,2015,2014-15,De Anza,deanza,cristophercastillo0mgh,Cristopher Castillo
Feb 12,home,Contra Costa,W,8-3,8,3,5,win,20150212_63kg,0,0,0,0,0.0,,,,0.0,,,2015,2014-15,De Anza,deanza,cristophercastillo0mgh,Cristopher Castillo
Feb 14,home,Sequoias,L,12-5,12,5,7,win,20150214_2rxi,1,0,1,0,0.2,1.0,3.0,3.0,40.5,3.0,0.0,2015,2014-15,De Anza,deanza,cristophercastillo0mgh,Cristopher Castillo
Feb 17,home,Monterey,L,5-4,5,4,1,win,20150217_076v,0,0,0,0,0.0,,,,0.0,,,2015,2014-15,De Anza,deanza,cristophercastillo0mgh,Cristopher Castillo
Feb 18,home,Cabrillo,W,7-5,7,5,2,win,20150218_bvdz,0,1,0,0,2.2,,,,0.0,2.0,1.0,2015,2014-15,De Anza,deanza,cristophercastillo0mgh,Cristopher Castillo
Feb 21,home,Glendale,L,8-5,8,5,3,win,20150221_2sbj,1,0,1,0,5.1,7.0,6.0,4.0,6.75,3.0,3.0,2015,2014-15,De Anza,deanza,cristophercastillo0mgh,Cristopher Castillo
Feb 24,home,San Mateo,L,9-7,9,7,2,win,20150224_gy68,0,0,0,0,0.0,,,,0.0,,,2015,2014-15,De Anza,deanza,cristophercastillo0mgh,Cristopher Castillo
Feb 27,home,West Valley,L,17-4,17,4,13,win,20150227_c2ke,1,0,1,0,3.0,4.0,6.0,6.0,18.0,3.0,3.0,2015,2014-15,De Anza,deanza,cristophercastillo0mgh,Cristopher Castillo
Mar 10,home,Hartnell,W,5-1,5,1,4,win,20150310_9lq8,0,0,0,0,0.0,,,,0.0,,,2015,2014-15,De Anza,deanza,cristophercastillo0mgh,Cristopher Castillo
Mar 12,home,Monterey,W,5-4,5,4,1,win,20150312_olrt,0,0,0,0,0.0,,,,0.0,,,2015,2014-15,De Anza,deanza,cristophercastillo0mgh,Cristopher Castillo
Mar 14,home,Chabot,W,17-4,17,4,13,win,20150314_zg9i,0,0,0,0,0.0,,,,0.0,,,2015,2014-15,De Anza,deanza,cristophercastillo0mgh,Cristopher Castillo
Mar 17,home,Cabrillo,L,4-2,4,2,2,win,20150317_iyaq,0,0,0,0,0.0,,,,0.0,,,2015,2014-15,De Anza,deanza,cristophercastillo0mgh,Cristopher Castillo
Mar 19,home,San Mateo,W,3-1,3,1,2,win,20150319_v2of,1,0,0,0,1.2,2.0,1.0,1.0,5.4,2.0,0.0,2015,2014-15,De Anza,deanza,cristophercastillo0mgh,Cristopher Castillo
Mar 21,home,San Francisco,W,5-1,5,1,4,win,20150321_vdfj,0,0,0,0,0.0,,,,0.0,,,2015,2014-15,De Anza,deanza,cristophercastillo0mgh,Cristopher Castillo
Mar 24,home,West Valley,W,12-6,12,6,6,win,20150324_38ph,0,0,0,0,0.0,,,,0.0,,,2015,2014-15,De Anza,deanza,cristophercastillo0mgh,Cristopher Castillo
Mar 27,home,San Francisco,W,3-2,3,2,1,win,20150327_8ipu,1,0,0,0,2.0,2.0,2.0,2.0,9.0,0.0,1.0,2015,2014-15,De Anza,deanza,cristophercastillo0mgh,Cristopher Castillo
Mar 28,home,Mission,W,5-1,5,1,4,win,20150328_y25r,0,0,0,0,0.0,,,,0.0,,,2015,2014-15,De Anza,deanza,cristophercastillo0mgh,Cristopher Castillo
Mar 31,home,Canada,W,1-0,1,0,1,win,20150331_q14r,0,0,0,0,0.0,,,,0.0,,,2015,2014-15,De Anza,deanza,cristophercastillo0mgh,Cristopher Castillo
Apr 2,home,Chabot,L,6-5,6,5,1,win,20150401_cgjl,1,0,0,0,3.0,2.0,1.0,1.0,3.0,4.0,0.0,2015,2014-15,De Anza,deanza,cristophercastillo0mgh,Cristopher Castillo
Apr 4,home,Skyline,W,1-0,1,0,1,win,20150404_ib5a,0,0,0,0,0.0,,,,0.0,,,2015,2014-15,De Anza,deanza,cristophercastillo0mgh,Cristopher Castillo
Apr 8,home,Gavilan,W,3-2,3,2,1,win,20150408_ojoc,0,0,0,0,0.0,,,,0.0,,,2015,2014-15,De Anza,deanza,cristophercastillo0mgh,Cristopher Castillo
Apr 9,home,Chabot,L,15-4,15,4,11,win,20150408_m9ov,0,0,0,0,0.0,,,,0.0,,,2015,2014-15,De Anza,deanza,cristophercastillo0mgh,Cristopher Castillo
Apr 11,home,Mission,L,7-2,7,2,5,win,20150411_w9mn,0,0,0,0,0.1,1.0,2.0,2.0,54.0,0.0,0.0,2015,2014-15,De Anza,deanza,cristophercastillo0mgh,Cristopher Castillo
Apr 14,home,West Valley,L,2-1,2,1,1,win,20150414_lvt9,0,0,0,0,0.0,,,,0.0,,,2015,2014-15,De Anza,deanza,cristophercastillo0mgh,Cristopher Castillo
Apr 18,home,San Francisco,W,7-0,7,0,7,win,20150418_k8kg,0,0,0,0,0.0,,,,0.0,,,2015,2014-15,De Anza,deanza,cristophercastillo0mgh,Cristopher Castillo
Apr 21,home,Ohlone,L,6-2,6,2,4,win,20150421_fmzd,1,0,1,0,2.0,1.0,1.0,1.0,4.5,2.0,1.0,2015,2014-15,De Anza,deanza,cristophercastillo0mgh,Cristopher Castillo
Apr 23,home,San Mateo,L,7-3,7,3,4,win,20150423_49vc,0,0,0,0,0.0,,,,0.0,,,2015,2014-15,De Anza,deanza,cristophercastillo0mgh,Cristopher Castillo
Apr 28,home,Skyline,L,3-1,3,1,2,win,20150428_w6h7,0,0,0,0,0.0,,,,0.0,,,2015,2014-15,De Anza,deanza,cristophercastillo0mgh,Cristopher Castillo
Jan 29,home,Gavilan,L,9-6,9,6,3,win,20150129_pwpb,0,0,0,0,0.0,,,,0.0,,,2015,2014-15,Lassen,lassen,daylenpajimolaaz09,Daylen Pajimola
Jan 31,home,Gavilan,L,3-2,3,2,1,win,20150131_fe5o,0,0,0,0,0.0,,,,0.0,,,2015,2014-15,Lassen,lassen,daylenpajimolaaz09,Daylen Pajimola
Feb 5,home,Yuba,L,11-3,11,3,8,win,20150205_fcwj,0,0,0,0,0.0,,,,0.0,,,2015,2014-15,Lassen,lassen,daylenpajimolaaz09,Daylen Pajimola
Feb 5,home,Yuba,L,4-3,4,3,1,win,20150205_168a,0,0,0,0,0.0,,,,0.0,,,2015,2014-15,Lassen,lassen,daylenpajimolaaz09,Daylen Pajimola
Feb 13,home,Cosumnes River,L,19-2,19,2,17,win,20150213_3mzd,0,0,0,0,0.0,,,,0.0,,,2015,2014-15,Lassen,lassen,daylenpajimolaaz09,Daylen Pajimola
Feb 14,home,West Hills Coalinga,L,6-3,6,3,3,win,20150214_x3mm,0,0,0,0,0.0,,,,0.0,,,2015,2014-15,Lassen,lassen,daylenpajimolaaz09,Daylen Pajimola
Feb 19,home,Mission,L,13-12,13,12,1,win,20150219_chti,0,0,0,0,0.0,,,,0.0,,,2015,2014-15,Lassen,lassen,daylenpajimolaaz09,Daylen Pajimola
Feb 20,home,Mission,L,10-3,10,3,7,win,20150220_easw,0,0,0,0,0.0,,,,0.0,,,2015,2014-15,Lassen,lassen,daylenpajimolaaz09,Daylen Pajimola
Feb 28,home,Shasta,W,6-2,6,2,4,win,20150228_l0uq,0,0,0,0,0.0,,,,0.0,,,2015,2014-15,Lassen,lassen,daylenpajimolaaz09,Daylen Pajimola
Mar 7,home,Butte,L,15-1,15,1,14,win,20150307_zrjh,0,0,0,0,0.0,,,,0.0,,,2015,2014-15,Lassen,lassen,daylenpajimolaaz09,Daylen Pajimola
Mar 7,home,Butte,W,7-5,7,5,2,win,20150307_0f88,0,0,0,0,0.0,,,,0.0,,,2015,2014-15,Lassen,lassen,daylenpajimolaaz09,Daylen Pajimola
Mar 13,home,Feather River,L,11-6,11,6,5,win,20150313_bzvq,0,0,0,0,0.0,,,,0.0,,,2015,2014-15,Lassen,lassen,daylenpajimolaaz09,Daylen Pajimola
Mar 14,home,Feather River,L,15-3,15,3,12,win,20150314_isp8,0,0,0,0,0.0,,,,0.0,,,2015,2014-15,Lassen,lassen,daylenpajimolaaz09,Daylen Pajimola
Mar 27,home,Redwoods,W,21-8,21,8,13,win,20150327_toe5,0,0,0,0,0.0,,,,0.0,,,2015,2014-15,Lassen,lassen,daylenpajimolaaz09,Daylen Pajimola
Apr 3,home,Shasta,W,9-4,9,4,5,win,20150403_ikuh,0,0,0,0,0.0,,,,0.0,,,2015,2014-15,Lassen,lassen,daylenpajimolaaz09,Daylen Pajimola
Apr 8,home,Butte,L,3-1,3,1,2,win,20150408_8iam,0,0,0,0,0.0,,,,0.0,,,2015,2014-15,Lassen,lassen,daylenpajimolaaz09,Daylen Pajimola
Apr 11,home,Feather River,L,9-6,9,6,3,win,20150411_i0sx,0,0,0,0,0.0,,,,0.0,,,2015,2014-15,Lassen,lassen,daylenpajimolaaz09,Daylen Pajimola
Apr 11,home,Feather River,L,4-2,4,2,2,win,20150411_tgxs,0,0,0,0,0.0,,,,0.0,,,2015,2014-15,Lassen,lassen,daylenpajimolaaz09,Daylen Pajimola
Apr 18,home,Siskiyous,W,14-4,14,4,10,win,20150418_dsbv,0,0,0,0,0.0,,,,0.0,,,2015,2014-15,Lassen,lassen,daylenpajimolaaz09,Daylen Pajimola
Apr 23,home,Redwoods,W,9-4,9,4,5,win,20150423_tv2m,0,0,0,0,0.0,,,,0.0,,,2015,2014-15,Lassen,lassen,daylenpajimolaaz09,Daylen Pajimola
Jan 30,home,Napa,W,16-3,16,3,13,win,20150130_xre5,0,0,0,0,0.0,,,,0.0,,,2015,2014-15,Santa Barbara,santabarbara,jameshillwfx4,James Hill
Jan 31,home,Napa,W,4-3,4,3,1,win,20150131_co3t,0,0,0,0,0.0,,,,0.0,,,2015,2014-15,Santa Barbara,santabarbara,jameshillwfx4,James Hill
Feb 5,home,Glendale,W,6-5,6,5,1,win,20150205_799j,0,0,0,0,0.0,,,,0.0,,,2015,2014-15,Santa Barbara,santabarbara,jameshillwfx4,James Hill
Feb 7,home,Saddleback,L,7-1,7,1,6,win,20150207_vvh9,0,0,0,0,0.0,,,,0.0,,,2015,2014-15,Santa Barbara,santabarbara,jameshillwfx4,James Hill
Feb 10,home,East Los Angeles,W,4-1,4,1,3,win,20150210_hwnm,0,0,0,0,0.0,,,,0.0,,,2015,2014-15,Santa Barbara,santabarbara,jameshillwfx4,James Hill
Feb 12,home,East Los Angeles,W,5-0,5,0,5,win,20150212_755v,0,0,0,0,0.0,,,,0.0,,,2015,2014-15,Santa Barbara,santabarbara,jameshillwfx4,James Hill
Feb 14,home,Moorpark,W,8-3,8,3,5,win,20150214_wj0p,0,0,0,0,0.0,,,,0.0,,,2015,2014-15,Santa Barbara,santabarbara,jameshillwfx4,James Hill
Feb 17,home,Moorpark,W,17-0,17,0,17,win,20150217_loan,0,0,0,0,0.0,,,,0.0,,,2015,2014-15,Santa Barbara,santabarbara,jameshillwfx4,James Hill
Feb 19,home,Oxnard,W,4-3,4,3,1,win,20150219_9mu2,0,0,0,0,0.0,,,,0.0,,,2015,2014-15,Santa Barbara,santabarbara,jameshillwfx4,James Hill
Feb 21,home,Oxnard,L,6-2,6,2,4,win,20150221_e8yk,0,0,0,0,0.0,,,,0.0,,,2015,2014-15,Santa Barbara,santabarbara,jameshillwfx4,James Hill
Feb 24,home,Cuesta,W,4-0,4,0,4,win,20150224_j8wj,0,0,0,0,0.0,,,,0.0,,,2015,2014-15,Santa Barbara,santabarbara,jameshillwfx4,James Hill
Feb 26,home,Cuesta,L,3-0,3,0,3,win,20150226_jkhk,0,0,0,0,0.0,,,,0.0,,,2015,2014-15,Santa Barbara,santabarbara,jameshillwfx4,James Hill
Mar 5,home,LA Pierce,L,4-3,4,3,1,win,20150305_kscp,0,0,0,0,0.0,,,,0.0,,,2015,2014-15,Santa Barbara,santabarbara,jameshillwfx4,James Hill
Mar 7,home,LA Pierce,W,13-2,13,2,11,win,20150307_14fo,0,0,0,0,0.0,,,,0.0,,,2015,2014-15,Santa Barbara,santabarbara,jameshillwfx4,James Hill
Mar 10,home,Ventura,L,3-0,3,0,3,win,20150310_ikbu,0,0,0,0,0.0,,,,0.0,,,2015,2014-15,Santa Barbara,santabarbara,jameshillwfx4,James Hill
Mar 12,home,Ventura,W,12-1,12,1,11,win,20150312_p7ux,0,0,0,0,0.0,,,,0.0,,,2015,2014-15,Santa Barbara,santabarbara,jameshillwfx4,James Hill
Mar 14,home,Allan Hancock,W,2-0,2,0,2,win,20150314_x782,0,0,0,0,0.0,,,,0.0,,,2015,2014-15,Santa Barbara,santabarbara,jameshillwfx4,James Hill
Mar 17,home,Allan Hancock,W,12-4,12,4,8,win,20150317_ri5x,0,0,0,0,0.0,,,,0.0,,,2015,2014-15,Santa Barbara,santabarbara,jameshillwfx4,James Hill
Mar 19,home,Moorpark,W,6-1,6,1,5,win,20150319_l1na,0,0,0,0,0.0,,,,0.0,,,2015,2014-15,Santa Barbara,santabarbara,jameshillwfx4,James Hill
Mar 21,home,Moorpark,W,8-5,8,5,3,win,20150321_56pb,0,0,0,0,0.0,,,,0.0,,,2015,2014-15,Santa Barbara,santabarbara,jameshillwfx4,James Hill
Mar 24,home,Oxnard,W,13-0,13,0,13,win,20150324_c3m1,0,0,0,0,0.0,,,,0.0,,,2015,2014-15,Santa Barbara,santabarbara,jameshillwfx4,James Hill
Mar 26,home,Oxnard,L,4-2,4,2,2,win,20150326_lr7d,0,0,0,0,0.0,,,,0.0,,,2015,2014-15,Santa Barbara,santabarbara,jameshillwfx4,James Hill
Mar 27,home,Cuesta,W,10-1,10,1,9,win,20150327_byno,0,0,0,0,0.0,,,,0.0,,,2015,2014-15,Santa Barbara,santabarbara,jameshillwfx4,James Hill
Mar 31,home,Glendale,W,14-4,14,4,10,win,20150331_1ny7,0,0,0,0,0.0,,,,0.0,,,2015,2014-15,Santa Barbara,santabarbara,jameshillwfx4,James Hill
Apr 3,home,Reedley,W,11-8,11,8,3,win,20150403_1oip,0,0,0,0,0.0,,,,0.0,,,2015,2014-15,Santa Barbara,santabarbara,jameshillwfx4,James Hill
Apr 9,home,Fresno City,W,5-3,5,3,2,win,20150409_pia0,0,0,0,0,0.0,,,,0.0,,,2015,2014-15,Santa Barbara,santabarbara,jameshillwfx4,James Hill
Apr 13,home,Cuesta,L,4-3,4,3,1,win,20150413_7c3f,0,0,0,0,0.0,,,,0.0,,,2015,2014-15,Santa Barbara,santabarbara,jameshillwfx4,James Hill
Apr 14,home,LA Pierce,W,13-2,13,2,11,win,20150414_jyb2,0,0,0,0,0.0,,,,0.0,,,2015,2014-15,Santa Barbara,santabarbara,jameshillwfx4,James Hill
Apr 16,home,LA Pierce,L,5-4,5,4,1,win,20150416_fktu,0,0,0,0,0.0,,,,0.0,,,2015,2014-15,Santa Barbara,santabarbara,jameshillwfx4,James Hill
Apr 18,home,Ventura,W,6-5,6,5,1,win,20150418_iioj,0,0,0,0,0.0,,,,0.0,,,2015,2014-15,Santa Barbara,santabarbara,jameshillwfx4,James Hill
Apr 21,home,Ventura,W,5-4,5,4,1,win,20150421_uwfd,0,0,0,0,0.0,,,,0.0,,,2015,2014-15,Santa Barbara,santabarbara,jameshillwfx4,James Hill
Apr 23,home,Allan Hancock,W,14-0,14,0,14,win,20150423_eqgz,0,0,0,0,0.0,,,,0.0,,,2015,2014-15,Santa Barbara,santabarbara,jameshillwfx4,James Hill
Apr 24,home,Allan Hancock,W,3-1,3,1,2,win,20150424_2lmp,0,0,0,0,0.0,,,,0.0,,,2015,2014-15,Santa Barbara,santabarbara,jameshillwfx4,James Hill
May 1,home,Rio Hondo,W,5-0,5,0,5,win,20150501_jw3t,0,0,0,0,0.0,,,,0.0,,,2015,2014-15,Santa Barbara,santabarbara,jameshillwfx4,James Hill
May 2,home,Rio Hondo,W,4-0,4,0,4,win,20150502_6yf4,0,0,0,0,0.0,,,,0.0,,,2015,2014-15,Santa Barbara,santabarbara,jameshillwfx4,James Hill
May 8,home,Fullerton,L,2-1,2,1,1,win,20150508_3aia,0,0,0,0,0.0,,,,0.0,,,2015,2014-15,Santa Barbara,santabarbara,jameshillwfx4,James Hill
May 9,home,Fullerton,W,3-0,3,0,3,win,20150509_la5v,0,0,0,0,0.0,,,,0.0,,,2015,2014-15,Santa Barbara,santabarbara,jameshillwfx4,James Hill
May 10,home,Fullerton,W,4-0,4,0,4,win,20150510_sa1i,0,0,0,0,0.0,,,,0.0,,,2015,2014-15,Santa Barbara,santabarbara,jameshillwfx4,James Hill
May 15,home,Orange Coast,W,3-1,3,1,2,win,20150515_ibzg,0,0,0,0,0.0,,,,0.0,,,2015,2014-15,Santa Barbara,santabarbara,jameshillwfx4,James Hill
May 16,home,Orange Coast,L,5-2,5,2,3,win,20150516_03ti,0,0,0,0,0.0,,,,0.0,,,2015,2014-15,Santa Barbara,santabarbara,jameshillwfx4,James Hill
May 17,home,Orange Coast,L,10-2,10,2,8,win,20150517_7ppz,0,0,0,0,0.0,,,,0.0,,,2015,2014-15,Santa Barbara,santabarbara,jameshillwfx4,James Hill
Jan 29,home,El Camino,L,8-1,8,1,7,win,20150129_cijw,0,0,0,0,0.0,,,,0.0,,,2015,2014-15,Sequoias,sequoias,coreydavisjro62m,Corey Davis jr.
Jan 30,home,Allan Hancock,W,5-0,5,0,5,win,20150130_jn11,0,0,0,0,0.0,,,,0.0,,,2015,2014-15,Sequoias,sequoias,coreydavisjro62m,Corey Davis jr.
Jan 31,home,Moorpark,W,11-2,11,2,9,win,20150131_zec9,0,0,0,0,0.0,,,,0.0,,,2015,2014-15,Sequoias,sequoias,coreydavisjro62m,Corey Davis jr.
Feb 6,home,Marin,L,14-9,14,9,5,win,20150206_9t0k,0,0,0,0,0.0,,,,0.0,,,2015,2014-15,Sequoias,sequoias,coreydavisjro62m,Corey Davis jr.
Feb 10,home,Cuesta,L,9-1,9,1,8,win,20150210_8dik,0,0,0,0,0.0,,,,0.0,,,2015,2014-15,Sequoias,sequoias,coreydavisjro62m,Corey Davis jr.
Feb 13,home,Bakersfield,W,11-3,11,3,8,win,20150213_btnq,0,0,0,0,0.0,,,,0.0,,,2015,2014-15,Sequoias,sequoias,coreydavisjro62m,Corey Davis jr.
Feb 14,home,De Anza,W,12-5,12,5,7,win,20150214_2rxi,0,0,0,0,0.0,,,,0.0,,,2015,2014-15,Sequoias,sequoias,coreydavisjro62m,Corey Davis jr.
Feb 19,home,Cosumnes River,L,4-3,4,3,1,win,20150219_pbht,0,0,0,0,0.0,,,,0.0,,,2015,2014-15,Sequoias,sequoias,coreydavisjro62m,Corey Davis jr.
Feb 20,home,Cosumnes River,W,4-2,4,2,2,win,20150220_mx1e,0,0,0,0,0.0,,,,0.0,,,2015,2014-15,Sequoias,sequoias,coreydavisjro62m,Corey Davis jr.
Feb 24,home,Merced,W,5-1,5,1,4,win,20150224_k05o,0,0,0,0,0.0,,,,0.0,,,2015,2014-15,Sequoias,sequoias,coreydavisjro62m,Corey Davis jr.
Feb 26,home,Merced,L,10-2,10,2,8,win,20150226_62m4,0,0,0,0,0.0,,,,0.0,,,2015,2014-15,Sequoias,sequoias,coreydavisjro62m,Corey Davis jr.
Feb 28,home,Merced,L,6-3,6,3,3,win,20150228_zq86,0,0,0,0,0.0,,,,0.0,,,2015,2014-15,Sequoias,sequoias,coreydavisjro62m,Corey Davis jr.
Mar 3,home,Fresno City,L,10-6,10,6,4,win,20150303_03u2,0,0,0,0,0.0,,,,0.0,,,2015,2014-15,Sequoias,sequoias,coreydavisjro62m,Corey Davis jr.
Mar 5,home,Fresno City,W,9-4,9,4,5,win,20150305_h7pf,0,0,0,0,0.0,,,,0.0,,,2015,2014-15,Sequoias,sequoias,coreydavisjro62m,Corey Davis jr.
Mar 7,home,Fresno City,L,5-1,5,1,4,win,20150307_e4cq,0,0,0,0,0.0,,,,0.0,,,2015,2014-15,Sequoias,sequoias,coreydavisjro62m,Corey Davis jr.
Mar 10,home,Taft,W,5-1,5,1,4,win,20150310_mv0m,0,0,0,0,0.0,,,,0.0,,,2015,2014-15,Sequoias,sequoias,coreydavisjro62m,Corey Davis jr.
Mar 12,home,Taft,W,4-3,4,3,1,win,20150312_mgo4,0,0,0,0,0.0,,,,0.0,,,2015,2014-15,Sequoias,sequoias,coreydavisjro62m,Corey Davis jr.
Mar 14,home,Taft,W,5-3,5,3,2,win,20150314_63po,0,0,0,0,0.0,,,,0.0,,,2015,2014-15,Sequoias,sequoias,coreydavisjro62m,Corey Davis jr.
Mar 17,home,Reedley,W,9-1,9,1,8,win,20150317_u06t,0,0,0,0,0.0,,,,0.0,,,2015,2014-15,Sequoias,sequoias,coreydavisjro62m,Corey Davis jr.
Mar 19,home,Reedley,W,8-0,8,0,8,win,20150319_6bw4,0,0,0,0,0.0,,,,0.0,,,2015,2014-15,Sequoias,sequoias,coreydavisjro62m,Corey Davis jr.
Mar 21,home,Reedley,L,8-2,8,2,6,win,20150321_50m1,0,0,0,0,0.0,,,,0.0,,,2015,2014-15,Sequoias,sequoias,coreydavisjro62m,Corey Davis jr.
Mar 24,home,Porterville,L,2-1,2,1,1,win,20150324_0mtw,0,0,0,0,0.0,,,,0.0,,,2015,2014-15,Sequoias,sequoias,coreydavisjro62m,Corey Davis jr.
Mar 26,home,Porterville,W,6-4,6,4,2,win,20150326_3vto,0,0,0,0,0.0,,,,0.0,,,2015,2014-15,Sequoias,sequoias,coreydavisjro62m,Corey Davis jr.
Mar 28,home,Porterville,W,6-2,6,2,4,win,20150328_qx9d,0,0,0,0,0.0,,,,0.0,,,2015,2014-15,Sequoias,sequoias,coreydavisjro62m,Corey Davis jr.
Mar 31,home,Bakersfield,L,11-1,11,1,10,win,20150331_fnzs,0,0,0,0,0.0,,,,0.0,,,2015,2014-15,Sequoias,sequoias,coreydavisjro62m,Corey Davis jr.
Apr 1,home,Saddleback,L,17-3,17,3,14,win,20150401_yon5,0,0,0,0,0.0,,,,0.0,,,2015,2014-15,Sequoias,sequoias,coreydavisjro62m,Corey Davis jr.
Apr 7,home,West Hills Coalinga,W,10-0,10,0,10,win,20150407_42tx,0,0,0,0,0.0,,,,0.0,,,2015,2014-15,Sequoias,sequoias,coreydavisjro62m,Corey Davis jr.
Apr 9,home,West Hills Coalinga,W,6-2,6,2,4,win,20150409_6czq,0,0,0,0,0.0,,,,0.0,,,2015,2014-15,Sequoias,sequoias,coreydavisjro62m,Corey Davis jr.
Apr 11,home,West Hills Coalinga,L,9-7,9,7,2,win,20150411_kkow,0,0,0,0,0.0,,,,0.0,,,2015,2014-15,Sequoias,sequoias,coreydavisjro62m,Corey Davis jr.
Apr 14,home,Fresno City,L,14-10,14,10,4,win,20150414_euy1,0,0,0,0,0.0,,,,0.0,,,2015,2014-15,Sequoias,sequoias,coreydavisjro62m,Corey Davis jr.
Apr 16,home,West Hills Coalinga,W,5-2,5,2,3,win,20150416_cupf,0,0,0,0,0.0,,,,0.0,,,2015,2014-15,Sequoias,sequoias,coreydavisjro62m,Corey Davis jr.
Apr 19,home,Porterville,W,16-4,16,4,12,win,20150419_t0ke,0,0,0,0,0.0,,,,0.0,,,2015,2014-15,Sequoias,sequoias,coreydavisjro62m,Corey Davis jr.
Apr 21,home,Taft,L,2-1,2,1,1,win,20150421_qc8k,0,0,0,0,0.0,,,,0.0,,,2015,2014-15,Sequoias,sequoias,coreydavisjro62m,Corey Davis jr.
Apr 23,home,Merced,L,5-4,5,4,1,win,20150423_n60a,0,0,0,0,0.0,,,,0.0,,,2015,2014-15,Sequoias,sequoias,coreydavisjro62m,Corey Davis jr.
Apr 24,home,Reedley,W,5-2,5,2,3,win,20150424_gh13,0,0,0,0,0.0,,,,0.0,,,2015,2014-15,Sequoias,sequoias,coreydavisjro62m,Corey Davis jr.
Apr 28,home,Yuba,W,8-3,8,3,5,win,20150428_ijsw,0,0,0,0,0.0,,,,0.0,,,2015,2014-15,Sequoias,sequoias,coreydavisjro62m,Corey Davis jr.
May 1,home,San Joaquin  Delta,L,5-2,5,2,3,win,20150501_2gbp,0,0,0,0,0.0,,,,0.0,,,2015,2014-15,Sequoias,sequoias,coreydavisjro62m,Corey Davis jr.
May 2,home,San Joaquin  Delta,W,8-4,8,4,4,win,20150502_pbeg,0,0,0,0,0.0,,,,0.0,,,2015,2014-15,Sequoias,sequoias,coreydavisjro62m,Corey Davis jr.
May 2,home,San Joaquin  Delta,L,5-1,5,1,4,win,20150502_hskg,0,0,0,0,0.0,,,,0.0,,,2015,2014-15,Sequoias,sequoias,coreydavisjro62m,Corey Davis jr.
Jan 29,home,Chabot,L,7-6,7,6,1,win,20150129_j5ks,0,0,0,0,0.0,,,,0.0,,,2015,2014-15,Santa Rosa,santarosa,brycenagatav4c3,Bryce Nagata
Jan 31,home,Chabot,W,4-3,4,3,1,win,20150131_mzgs,0,0,0,0,0.0,,,,0.0,,,2015,2014-15,Santa Rosa,santarosa,brycenagatav4c3,Bryce Nagata
Feb 2,home,De Anza,W,9-1,9,1,8,win,20150202_v2ar,0,0,0,0,0.0,,,,0.0,,,2015,2014-15,Santa Rosa,santarosa,brycenagatav4c3,Bryce Nagata
Feb 5,home,De Anza,W,10-0,10,0,10,win,20150205_xcfp,0,0,0,0,0.0,,,,0.0,,,2015,2014-15,Santa Rosa,santarosa,brycenagatav4c3,Bryce Nagata
Feb 7,home,Alumni,W,3-2,3,2,1,win,20150207_9yl9,0,0,0,0,0.0,,,,0.0,,,2015,2014-15,Santa Rosa,santarosa,brycenagatav4c3,Bryce Nagata
Feb 10,home,Laney,W,9-3,9,3,6,win,20150210_vsc0,0,0,0,0,0.0,,,,0.0,,,2015,2014-15,Santa Rosa,santarosa,brycenagatav4c3,Bryce Nagata
Feb 12,home,Los Medanos,W,7-5,7,5,2,win,20150212_6kxf,0,0,0,0,0.0,,,,0.0,,,2015,2014-15,Santa Rosa,santarosa,brycenagatav4c3,Bryce Nagata
Feb 14,home,Los Medanos,W,11-1,11,1,10,win,20150214_2sh8,0,0,0,0,0.0,,,,0.0,,,2015,2014-15,Santa Rosa,santarosa,brycenagatav4c3,Bryce Nagata
Feb 17,home,Contra Costa,W,4-0,4,0,4,win,20150217_w8ao,0,0,0,0,0.0,,,,0.0,,,2015,2014-15,Santa Rosa,santarosa,brycenagatav4c3,Bryce Nagata
Feb 19,home,Solano,W,7-2,7,2,5,win,20150219_wf6q,0,0,0,0,0.0,,,,0.0,,,2015,2014-15,Santa Rosa,santarosa,brycenagatav4c3,Bryce Nagata
Feb 21,home,Solano,L,2-1,2,1,1,win,20150221_ogp7,0,0,0,0,0.0,,,,0.0,,,2015,2014-15,Santa Rosa,santarosa,brycenagatav4c3,Bryce Nagata
Feb 26,home,Sacramento City,L,1-0,1,0,1,win,20150226_vn36,0,0,0,0,0.0,,,,0.0,,,2015,2014-15,Santa Rosa,santarosa,brycenagatav4c3,Bryce Nagata
Mar 3,home,Cosumnes River,L,5-4,5,4,1,win,20150303_mecu,0,0,0,0,0.0,,,,0.0,,,2015,2014-15,Santa Rosa,santarosa,brycenagatav4c3,Bryce Nagata
Mar 5,home,Diablo Valley,W,4-1,4,1,3,win,20150305_2pts,0,0,0,0,0.0,,,,0.0,,,2015,2014-15,Santa Rosa,santarosa,brycenagatav4c3,Bryce Nagata
Mar 6,home,Sierra,W,2-0,2,0,2,win,20150306_shmr,0,0,0,0,0.0,,,,0.0,,,2015,2014-15,Santa Rosa,santarosa,brycenagatav4c3,Bryce Nagata
Mar 10,home,San Joaquin  Delta,L,4-0,4,0,4,win,20150310_fmx4,0,0,0,0,0.0,,,,0.0,,,2015,2014-15,Santa Rosa,santarosa,brycenagatav4c3,Bryce Nagata
Mar 12,home,San Joaquin  Delta,L,5-1,5,1,4,win,20150312_rxbw,0,0,0,0,0.0,,,,0.0,,,2015,2014-15,Santa Rosa,santarosa,brycenagatav4c3,Bryce Nagata
Mar 14,home,San Joaquin  Delta,L,10-4,10,4,6,win,20150314_1m79,0,0,0,0,0.0,,,,0.0,,,2015,2014-15,Santa Rosa,santarosa,brycenagatav4c3,Bryce Nagata
Mar 17,home,Sacramento City,W,6-3,6,3,3,win,20150317_5syx,0,0,0,0,0.0,,,,0.0,,,2015,2014-15,Santa Rosa,santarosa,brycenagatav4c3,Bryce Nagata
Mar 19,home,Sacramento City,W,9-6,9,6,3,win,20150319_05qc,0,0,0,0,0.0,,,,0.0,,,2015,2014-15,Santa Rosa,santarosa,brycenagatav4c3,Bryce Nagata
Mar 21,home,Sacramento City,W,8-1,8,1,7,win,20150321_mr56,0,0,0,0,0.0,,,,0.0,,,2015,2014-15,Santa Rosa,santarosa,brycenagatav4c3,Bryce Nagata
Mar 24,home,Diablo Valley,W,5-4,5,4,1,win,20150324_zdvg,0,0,0,0,0.0,,,,0.0,,,2015,2014-15,Santa Rosa,santarosa,brycenagatav4c3,Bryce Nagata
Mar 26,home,Diablo Valley,W,11-5,11,5,6,win,20150326_fj6n,0,0,0,0,0.0,,,,0.0,,,2015,2014-15,Santa Rosa,santarosa,brycenagatav4c3,Bryce Nagata
Mar 27,home,Diablo Valley,W,8-2,8,2,6,win,20150327_3hwl,0,0,0,0,0.0,,,,0.0,,,2015,2014-15,Santa Rosa,santarosa,brycenagatav4c3,Bryce Nagata
Mar 31,home,Cosumnes River,W,10-5,10,5,5,win,20150331_byci,0,0,0,0,0.0,,,,0.0,,,2015,2014-15,Santa Rosa,santarosa,brycenagatav4c3,Bryce Nagata
Apr 2,home,Cosumnes River,L,5-4,5,4,1,win,20150402_ss1v,0,0,0,0,0.0,,,,0.0,,,2015,2014-15,Santa Rosa,santarosa,brycenagatav4c3,Bryce Nagata
Apr 4,home,Cosumnes River,L,2-1,2,1,1,win,20150404_4ydx,0,0,0,0,0.0,,,,0.0,,,2015,2014-15,Santa Rosa,santarosa,brycenagatav4c3,Bryce Nagata
Apr 8,home,American River,W,8-2,8,2,6,win,20150408_ufu5,0,0,0,0,0.0,,,,0.0,,,2015,2014-15,Santa Rosa,santarosa,brycenagatav4c3,Bryce Nagata
Apr 9,home,American River,W,10-3,10,3,7,win,20150409_4tkk,0,0,0,0,0.0,,,,0.0,,,2015,2014-15,Santa Rosa,santarosa,brycenagatav4c3,Bryce Nagata
Apr 11,home,American River,L,3-1,3,1,2,win,20150411_krin,0,0,0,0,0.0,,,,0.0,,,2015,2014-15,Santa Rosa,santarosa,brycenagatav4c3,Bryce Nagata
Apr 14,home,Modesto,W,5-1,5,1,4,win,20150414_55r1,0,0,0,0,0.0,,,,0.0,,,2015,2014-15,Santa Rosa,santarosa,brycenagatav4c3,Bryce Nagata
Apr 16,home,Modesto,W,7-1,7,1,6,win,20150416_j73s,0,0,0,0,0.0,,,,0.0,,,2015,2014-15,Santa Rosa,santarosa,brycenagatav4c3,Bryce Nagata
Apr 17,home,Modesto,W,4-0,4,0,4,win,20150417_1n3q,0,0,0,0,0.0,,,,0.0,,,2015,2014-15,Santa Rosa,santarosa,brycenagatav4c3,Bryce Nagata
Apr 21,home,Sierra,W,10-1,10,1,9,win,20150421_2o4x,0,0,0,0,0.0,,,,0.0,,,2015,2014-15,Santa Rosa,santarosa,brycenagatav4c3,Bryce Nagata
Apr 23,home,Sierra,W,8-2,8,2,6,win,20150423_345v,0,0,0,0,0.0,,,,0.0,,,2015,2014-15,Santa Rosa,santarosa,brycenagatav4c3,Bryce Nagata
Apr 24,home,Sierra,W,2-1,2,1,1,win,20150424_8zmq,0,0,0,0,0.0,,,,0.0,,,2015,2014-15,Santa Rosa,santarosa,brycenagatav4c3,Bryce Nagata
May 1,home,Butte,W,8-0,8,0,8,win,20150501_kvqv,0,0,0,0,0.0,,,,0.0,,,2015,2014-15,Santa Rosa,santarosa,brycenagatav4c3,Bryce Nagata
May 2,home,Butte,W,5-1,5,1,4,win,20150502_hk7t,0,0,0,0,0.0,,,,0.0,,,2015,2014-15,Santa Rosa,santarosa,brycenagatav4c3,Bryce Nagata
May 8,home,San Mateo,L,5-4,5,4,1,win,20150508_140k,0,0,0,0,0.0,,,,0.0,,,2015,2014-15,Santa Rosa,santarosa,brycenagatav4c3,Bryce Nagata
May 9,home,San Mateo,L,4-1,4,1,3,win,20150509_58x2,0,0,0,0,0.0,,,,0.0,,,2015,2014-15,Santa Rosa,santarosa,brycenagatav4c3,Bryce Nagata
Jan 29,home,West Hills Coalinga,L,11-10,11,10,1,win,20150129_xu1d,0,0,0,0,0.1,,,,0.0,,,2015,2014-15,Siskiyous,siskiyous,alexsmithzn74,Alex Smith
Feb 6,home,Folsom Lake,L,9-6,9,6,3,win,20150206_d87l,0,0,0,0,1.0,,,,0.0,1.0,,2015,2014-15,Siskiyous,siskiyous,alexsmithzn74,Alex Smith
Feb 25,home,Feather River,L,13-3,13,3,10,win,20150225_gwxy,0,0,0,0,2.0,3.0,2.0,2.0,9.0,,3.0,2015,2014-15,Siskiyous,siskiyous,alexsmithzn74,Alex Smith
Mar 13,home,Redwoods,W,7-6,7,6,1,win,20150313_rpb6,0,0,0,0,0.0,2.0,1.0,1.0,inf,,,2015,2014-15,Siskiyous,siskiyous,alexsmithzn74,Alex Smith
Mar 14,home,Redwoods,W,6-5,6,5,1,win,20150314_6qwe,0,0,0,0,0.0,,,,0.0,,,2015,2014-15,Siskiyous,siskiyous,alexsmithzn74,Alex Smith
Mar 26,home,Butte,L,21-8,21,8,13,win,20150326_7s2i,0,0,0,0,0.1,5.0,5.0,5.0,135.0,,,2015,2014-15,Siskiyous,siskiyous,alexsmithzn74,Alex Smith
Apr 3,home,Feather River,L,9-0,9,0,9,win,20150403_iwlx,0,0,0,0,1.1,1.0,,,0.0,,,2015,2014-15,Siskiyous,siskiyous,alexsmithzn74,Alex Smith
Apr 9,home,Shasta,W,6-5,6,5,1,win,20150409_zgpd,0,0,0,0,0.0,,,,0.0,,,2015,2014-15,Siskiyous,siskiyous,alexsmithzn74,Alex Smith
Apr 18,home,Lassen,W,5-3,5,3,2,win,20150418_4k3u,0,0,0,0,0.0,,,,0.0,,,2015,2014-15,Siskiyous,siskiyous,alexsmithzn74,Alex Smith
Apr 18,home,Lassen,L,14-4,14,4,10,win,20150418_dsbv,0,0,0,0,0.2,1.0,,,0.0,,2.0,2015,2014-15,Siskiyous,siskiyous,alexsmithzn74,Alex Smith
Apr 23,home,Butte,L,4-2,4,2,2,win,20150423_ak0b,0,0,0,0,0.0,,,,0.0,,,2015,2014-15,Siskiyous,siskiyous,alexsmithzn74,Alex Smith
Jan 30,home,Fresno City,W,3-1,3,1,2,win,20150130_adfq,0,0,0,0,0.0,,,,0.0,,,2015,2014-15,Sacramento City,sacramentocity,brandonlanganjyqx,Brandon Langan
Jan 31,home,Fresno City,L,10-7,10,7,3,win,20150131_229k,0,0,0,0,0.0,,,,0.0,,,2015,2014-15,Sacramento City,sacramentocity,brandonlanganjyqx,Brandon Langan
Feb 3,home,Chabot,L,10-2,10,2,8,win,20150203_pcua,0,0,0,0,0.1,2.0,2.0,2.0,54.0,1.0,,2015,2014-15,Sacramento City,sacramentocity,brandonlanganjyqx,Brandon Langan
Feb 5,home,Chabot,W,13-7,13,7,6,win,20150205_2a1i,0,0,0,0,0.0,,,,0.0,,,2015,2014-15,Sacramento City,sacramentocity,brandonlanganjyqx,Brandon Langan
Feb 9,home,Chabot,L,7-6,7,6,1,win,20150209_0nm1,0,0,0,0,0.0,,,,0.0,,,2015,2014-15,Sacramento City,sacramentocity,brandonlanganjyqx,Brandon Langan
Feb 13,home,Canada,W,3-2,3,2,1,win,20150213_wcqi,0,0,0,0,0.0,,,,0.0,,,2015,2014-15,Sacramento City,sacramentocity,brandonlanganjyqx,Brandon Langan
Feb 14,home,Canada,L,12-4,12,4,8,win,20150214_5z1w,0,0,0,0,0.0,,,,0.0,,,2015,2014-15,Sacramento City,sacramentocity,brandonlanganjyqx,Brandon Langan
Feb 19,home,Butte,W,10-2,10,2,8,win,20150219_cefi,0,0,0,0,0.0,,,,0.0,,,2015,2014-15,Sacramento City,sacramentocity,brandonlanganjyqx,Brandon Langan
Feb 20,home,Butte,W,4-2,4,2,2,win,20150220_a6gb,0,0,0,0,0.0,,,,0.0,,,2015,2014-15,Sacramento City,sacramentocity,brandonlanganjyqx,Brandon Langan
Feb 21,home,Butte,W,9-3,9,3,6,win,20150221_hv9f,0,0,0,0,0.0,,,,0.0,,,2015,2014-15,Sacramento City,sacramentocity,brandonlanganjyqx,Brandon Langan
Feb 26,home,Santa Rosa,W,1-0,1,0,1,win,20150226_vn36,0,0,0,0,0.0,,,,0.0,,,2015,2014-15,Sacramento City,sacramentocity,brandonlanganjyqx,Brandon Langan
Feb 28,home,Cabrillo,L,7-5,7,5,2,win,20150228_nla2,0,0,0,0,0.0,,,,0.0,,,2015,2014-15,Sacramento City,sacramentocity,brandonlanganjyqx,Brandon Langan
Mar 3,home,Diablo Valley,W,14-4,14,4,10,win,20150303_f5ch,0,0,0,0,0.0,,,,0.0,,,2015,2014-15,Sacramento City,sacramentocity,brandonlanganjyqx,Brandon Langan
Mar 5,home,Sierra,L,10-6,10,6,4,win,20150305_q4cf,0,0,0,0,0.0,,,,0.0,,,2015,2014-15,Sacramento City,sacramentocity,brandonlanganjyqx,Brandon Langan
Mar 7,home,Modesto,L,6-5,6,5,1,win,20150307_fuom,0,0,0,0,0.0,,,,0.0,,,2015,2014-15,Sacramento City,sacramentocity,brandonlanganjyqx,Brandon Langan
Mar 10,home,American River,L,2-1,2,1,1,win,20150310_dmfn,0,0,0,0,0.0,,,,0.0,,,2015,2014-15,Sacramento City,sacramentocity,brandonlanganjyqx,Brandon Langan
Mar 12,home,American River,L,12-1,12,1,11,win,20150312_u2ru,0,0,0,0,0.0,,,,0.0,,,2015,2014-15,Sacramento City,sacramentocity,brandonlanganjyqx,Brandon Langan
Mar 19,home,Santa Rosa,L,9-6,9,6,3,win,20150319_05qc,0,0,0,0,0.0,,,,0.0,,,2015,2014-15,Sacramento City,sacramentocity,brandonlanganjyqx,Brandon Langan
Mar 21,home,Santa Rosa,L,8-1,8,1,7,win,20150321_mr56,0,0,0,0,0.0,,,,0.0,,,2015,2014-15,Sacramento City,sacramentocity,brandonlanganjyqx,Brandon Langan
Mar 24,home,Sierra,W,6-5,6,5,1,win,20150324_xeyz,0,0,0,0,0.0,,,,0.0,,,2015,2014-15,Sacramento City,sacramentocity,brandonlanganjyqx,Brandon Langan
Mar 26,home,Sierra,L,2-1,2,1,1,win,20150326_ivv6,0,0,0,0,0.0,,,,0.0,,,2015,2014-15,Sacramento City,sacramentocity,brandonlanganjyqx,Brandon Langan
Mar 28,home,Sierra,L,5-4,5,4,1,win,20150328_wk3h,1,0,0,0,5.0,4.0,2.0,2.0,3.6,4.0,1.0,2015,2014-15,Sacramento City,sacramentocity,brandonlanganjyqx,Brandon Langan
Mar 31,home,Diablo Valley,W,4-1,4,1,3,win,20150331_971e,0,0,0,0,0.0,,,,0.0,,,2015,2014-15,Sacramento City,sacramentocity,brandonlanganjyqx,Brandon Langan
Apr 2,home,Diablo Valley,W,6-4,6,4,2,win,20150402_0uvv,0,0,0,0,0.0,,,,0.0,,,2015,2014-15,Sacramento City,sacramentocity,brandonlanganjyqx,Brandon Langan
Apr 4,home,Diablo Valley,W,10-6,10,6,4,win,20150404_9hqa,1,0,0,0,5.0,3.0,2.0,2.0,3.6,3.0,1.0,2015,2014-15,Sacramento City,sacramentocity,brandonlanganjyqx,Brandon Langan
Apr 8,home,San Joaquin  Delta,L,2-1,2,1,1,win,20150408_vtcy,0,0,0,0,0.0,,,,0.0,,,2015,2014-15,Sacramento City,sacramentocity,brandonlanganjyqx,Brandon Langan
Apr 9,home,San Joaquin  Delta,L,7-1,7,1,6,win,20150409_0xv5,0,0,0,0,0.0,,,,0.0,,,2015,2014-15,Sacramento City,sacramentocity,brandonlanganjyqx,Brandon Langan
Apr 11,home,San Joaquin  Delta,W,7-5,7,5,2,win,20150411_s9wt,1,0,0,0,3.0,3.0,3.0,3.0,9.0,3.0,1.0,2015,2014-15,Sacramento City,sacramentocity,brandonlanganjyqx,Brandon Langan
Apr 14,home,Cosumnes River,L,12-8,12,8,4,win,20150414_w65g,0,0,0,0,0.0,,,,0.0,,,2015,2014-15,Sacramento City,sacramentocity,brandonlanganjyqx,Brandon Langan
Apr 16,home,Cosumnes River,L,9-4,9,4,5,win,20150416_cs65,0,0,0,0,0.0,,,,0.0,,,2015,2014-15,Sacramento City,sacramentocity,brandonlanganjyqx,Brandon Langan
Apr 17,home,Cosumnes River,L,8-7,8,7,1,win,20150417_r2jt,1,0,0,0,4.1,4.0,4.0,4.0,8.31,5.0,1.0,2015,2014-15,Sacramento City,sacramentocity,brandonlanganjyqx,Brandon Langan
Apr 21,home,Modesto,W,6-0,6,0,6,win,20150421_t32i,0,0,0,0,0.0,,,,0.0,,,2015,2014-15,Sacramento City,sacramentocity,brandonlanganjyqx,Brandon Langan
Apr 23,home,Modesto,W,5-4,5,4,1,win,20150423_kihm,0,0,0,0,0.0,,,,0.0,,,2015,2014-15,Sacramento City,sacramentocity,brandonlanganjyqx,Brandon Langan
Apr 24,home,Modesto,W,7-4,7,4,3,win,20150424_cyky,1,0,0,0,5.1,4.0,3.0,2.0,3.38,2.0,4.0,2015,2014-15,Sacramento City,sacramentocity,brandonlanganjyqx,Brandon Langan
Feb 10,home,El Camino-Compton Center,L,7-3,7,3,4,win,20150210_rcnd,0,0,0,0,0.0,,,,0.0,,,2015,2014-15,West LA,westla,mylesberniardmendezbhv4,Myles Berniard-Mendez
Feb 13,home,Irvine Valley,L,8-5,8,5,3,win,20150213_k0df,0,0,0,0,0.0,,,,0.0,,,2015,2014-15,West LA,westla,mylesberniardmendezbhv4,Myles Berniard-Mendez
Feb 14,home,Irvine Valley,L,4-3,4,3,1,win,20150214_1hwp,0,0,0,0,0.0,,,,0.0,,,2015,2014-15,West LA,westla,mylesberniardmendezbhv4,Myles Berniard-Mendez
Feb 17,home,Grossmont,L,5-0,5,0,5,win,20150217_ooup,0,0,0,0,0.0,,,,0.0,,,2015,2014-15,West LA,westla,mylesberniardmendezbhv4,Myles Berniard-Mendez
Feb 19,home,San Diego City,L,2-1,2,1,1,win,20150219_r9hh,0,0,0,0,0.0,,,,0.0,,,2015,2014-15,West LA,westla,mylesberniardmendezbhv4,Myles Berniard-Mendez
Feb 21,home,Victor Valley,W,15-6,15,6,9,win,20150221_hzoc,0,0,0,0,0.0,,,,0.0,,,2015,2014-15,West LA,westla,mylesberniardmendezbhv4,Myles Berniard-Mendez
Feb 26,home,Long Beach,L,6-4,6,4,2,win,20150226_ppx2,0,0,0,0,0.0,,,,0.0,,,2015,2014-15,West LA,westla,mylesberniardmendezbhv4,Myles Berniard-Mendez
Feb 28,home,Pasadena,W,8-3,8,3,5,win,20150228_pw47,0,0,0,0,0.0,,,,0.0,,,2015,2014-15,West LA,westla,mylesberniardmendezbhv4,Myles Berniard-Mendez
Mar 3,home,Glendale,L,9-2,9,2,7,win,20150303_xgj9,0,0,0,0,0.0,,,,0.0,,,2015,2014-15,West LA,westla,mylesberniardmendezbhv4,Myles Berniard-Mendez
Mar 5,home,LA Valley,L,8-2,8,2,6,win,20150305_om4n,0,0,0,0,0.0,,,,0.0,,,2015,2014-15,West LA,westla,mylesberniardmendezbhv4,Myles Berniard-Mendez
Mar 7,home,LA Mission,L,9-3,9,3,6,win,20150307_u5d9,0,0,0,0,0.0,,,,0.0,,,2015,2014-15,West LA,westla,mylesberniardmendezbhv4,Myles Berniard-Mendez
Mar 10,home,Canyons,L,8-0,8,0,8,win,20150310_1jzj,0,0,0,0,0.0,,,,0.0,,,2015,2014-15,West LA,westla,mylesberniardmendezbhv4,Myles Berniard-Mendez
Mar 12,home,Bakersfield,L,12-4,12,4,8,win,20150312_czlz,0,0,0,0,0.0,,,,0.0,,,2015,2014-15,West LA,westla,mylesberniardmendezbhv4,Myles Berniard-Mendez
Mar 14,home,Antelope Valley,L,11-4,11,4,7,win,20150314_7d44,0,0,0,0,0.0,,,,0.0,,,2015,2014-15,West LA,westla,mylesberniardmendezbhv4,Myles Berniard-Mendez
Mar 19,home,Glendale,L,6-5,6,5,1,win,20150319_5joy,0,0,0,0,0.0,,,,0.0,,,2015,2014-15,West LA,westla,mylesberniardmendezbhv4,Myles Berniard-Mendez
Mar 21,home,Glendale,L,7-1,7,1,6,win,20150321_cjcg,0,0,0,0,0.0,,,,0.0,,,2015,2014-15,West LA,westla,mylesberniardmendezbhv4,Myles Berniard-Mendez
Mar 24,home,LA Valley,L,9-3,9,3,6,win,20150324_k3uz,0,0,0,0,0.0,,,,0.0,,,2015,2014-15,West LA,westla,mylesberniardmendezbhv4,Myles Berniard-Mendez
Mar 26,home,LA Valley,L,9-1,9,1,8,win,20150326_odtj,0,0,0,0,0.0,,,,0.0,,,2015,2014-15,West LA,westla,mylesberniardmendezbhv4,Myles Berniard-Mendez
Mar 27,home,LA Mission,L,9-1,9,1,8,win,20150327_ksuc,0,0,0,0,0.0,,,,0.0,,,2015,2014-15,West LA,westla,mylesberniardmendezbhv4,Myles Berniard-Mendez
Mar 31,home,LA Harbor,L,8-2,8,2,6,win,20150331_6484,0,0,0,0,0.0,,,,0.0,,,2015,2014-15,West LA,westla,mylesberniardmendezbhv4,Myles Berniard-Mendez
Apr 7,home,LA Mission,L,8-5,8,5,3,win,20150407_yxmn,0,0,0,0,0.0,,,,0.0,,,2015,2014-15,West LA,westla,mylesberniardmendezbhv4,Myles Berniard-Mendez
Apr 9,home,Canyons,L,18-5,18,5,13,win,20150409_kn08,0,0,0,0,0.0,,,,0.0,,,2015,2014-15,West LA,westla,mylesberniardmendezbhv4,Myles Berniard-Mendez
Apr 11,home,Canyons,W,7-3,7,3,4,win,20150411_xksz,0,0,0,0,0.0,,,,0.0,,,2015,2014-15,West LA,westla,mylesberniardmendezbhv4,Myles Berniard-Mendez
Apr 14,home,Bakersfield,L,9-5,9,5,4,win,20150414_3sb4,0,0,0,0,0.0,,,,0.0,,,2015,2014-15,West LA,westla,mylesberniardmendezbhv4,Myles Berniard-Mendez
Apr 16,home,Bakersfield,W,12-4,12,4,8,win,20150416_gjn0,0,0,0,0,0.0,,,,0.0,,,2015,2014-15,West LA,westla,mylesberniardmendezbhv4,Myles Berniard-Mendez
Apr 18,home,Antelope Valley,L,8-0,8,0,8,win,20150418_707i,0,0,0,0,0.0,,,,0.0,,,2015,2014-15,West LA,westla,mylesberniardmendezbhv4,Myles Berniard-Mendez
Apr 21,home,Antelope Valley,L,9-4,9,4,5,win,20150421_u1a6,0,0,0,0,0.0,,,,0.0,,,2015,2014-15,West LA,westla,mylesberniardmendezbhv4,Myles Berniard-Mendez
Apr 23,home,Citrus,L,4-3,4,3,1,win,20150423_at5h,0,0,0,0,0.0,,,,0.0,,,2015,2014-15,West LA,westla,mylesberniardmendezbhv4,Myles Berniard-Mendez
Apr 24,home,Citrus,L,11-3,11,3,8,win,20150424_nta1,0,0,0,0,0.0,,,,0.0,,,2015,2014-15,West LA,westla,mylesberniardmendezbhv4,Myles Berniard-Mendez
Jan 27,home,Yuba,L,11-6,11,6,5,win,20150127_cts9,0,0,0,0,0.0,,,,0.0,,,2015,2014-15,De Anza,deanza,ryanjohnsonicw7,Ryan Johnson
Jan 30,home,Yuba,L,6-2,6,2,4,win,20150130_8qqo,0,0,0,0,0.0,,,,0.0,,,2015,2014-15,De Anza,deanza,ryanjohnsonicw7,Ryan Johnson
Feb 2,home,Santa Rosa,L,9-1,9,1,8,win,20150202_v2ar,0,0,0,0,0.0,,,,0.0,,,2015,2014-15,De Anza,deanza,ryanjohnsonicw7,Ryan Johnson
Feb 3,home,Reedley,W,4-3,4,3,1,win,20150203_ux06,0,0,0,0,0.0,,,,0.0,,,2015,2014-15,De Anza,deanza,ryanjohnsonicw7,Ryan Johnson
Feb 5,home,Santa Rosa,L,10-0,10,0,10,win,20150205_xcfp,0,0,0,0,0.0,,,,0.0,,,2015,2014-15,De Anza,deanza,ryanjohnsonicw7,Ryan Johnson
Feb 10,home,Contra Costa,W,1-0,1,0,1,win,20150210_go9s,0,0,0,0,0.0,,,,0.0,,,2015,2014-15,De Anza,deanza,ryanjohnsonicw7,Ryan Johnson
Feb 12,home,Contra Costa,W,8-3,8,3,5,win,20150212_63kg,0,0,0,0,0.0,,,,0.0,,,2015,2014-15,De Anza,deanza,ryanjohnsonicw7,Ryan Johnson
Feb 14,home,Sequoias,L,12-5,12,5,7,win,20150214_2rxi,0,0,0,0,0.0,,,,0.0,,,2015,2014-15,De Anza,deanza,ryanjohnsonicw7,Ryan Johnson
Feb 18,home,Cabrillo,W,7-5,7,5,2,win,20150218_bvdz,0,0,0,0,0.0,,,,0.0,,,2015,2014-15,De Anza,deanza,ryanjohnsonicw7,Ryan Johnson
Feb 21,home,Glendale,L,8-5,8,5,3,win,20150221_2sbj,0,0,0,0,0.0,,,,0.0,,,2015,2014-15,De Anza,deanza,ryanjohnsonicw7,Ryan Johnson
Feb 24,home,San Mateo,L,9-7,9,7,2,win,20150224_gy68,0,0,0,0,0.0,,,,0.0,,,2015,2014-15,De Anza,deanza,ryanjohnsonicw7,Ryan Johnson
Feb 27,home,West Valley,L,17-4,17,4,13,win,20150227_c2ke,0,0,0,0,0.0,,,,0.0,,,2015,2014-15,De Anza,deanza,ryanjohnsonicw7,Ryan Johnson
Mar 3,home,San Francisco,W,9-0,9,0,9,win,20150303_qjos,0,0,0,0,0.0,,,,0.0,,,2015,2014-15,De Anza,deanza,ryanjohnsonicw7,Ryan Johnson
Mar 5,home,West Valley,W,4-3,4,3,1,win,20150305_c8uq,0,0,0,0,0.0,,,,0.0,,,2015,2014-15,De Anza,deanza,ryanjohnsonicw7,Ryan Johnson
Mar 7,home,Mission,L,3-2,3,2,1,win,20150307_55wu,0,0,0,0,0.0,,,,0.0,,,2015,2014-15,De Anza,deanza,ryanjohnsonicw7,Ryan Johnson
Mar 19,home,San Mateo,W,3-1,3,1,2,win,20150319_v2of,0,0,0,0,0.0,,,,0.0,,,2015,2014-15,De Anza,deanza,ryanjohnsonicw7,Ryan Johnson
Mar 21,home,San Francisco,W,5-1,5,1,4,win,20150321_vdfj,0,0,0,0,0.0,,,,0.0,,,2015,2014-15,De Anza,deanza,ryanjohnsonicw7,Ryan Johnson
Mar 27,home,San Francisco,W,3-2,3,2,1,win,20150327_8ipu,0,0,0,0,0.0,,,,0.0,,,2015,2014-15,De Anza,deanza,ryanjohnsonicw7,Ryan Johnson
Mar 28,home,Mission,W,5-1,5,1,4,win,20150328_y25r,0,0,0,0,0.0,,,,0.0,,,2015,2014-15,De Anza,deanza,ryanjohnsonicw7,Ryan Johnson
Mar 31,home,Canada,W,1-0,1,0,1,win,20150331_q14r,0,0,0,0,0.0,,,,0.0,,,2015,2014-15,De Anza,deanza,ryanjohnsonicw7,Ryan Johnson
Apr 2,home,Chabot,L,6-5,6,5,1,win,20150401_cgjl,0,0,0,0,0.0,,,,0.0,,,2015,2014-15,De Anza,deanza,ryanjohnsonicw7,Ryan Johnson
Apr 4,home,Skyline,W,1-0,1,0,1,win,20150404_ib5a,0,0,0,0,0.0,,,,0.0,,,2015,2014-15,De Anza,deanza,ryanjohnsonicw7,Ryan Johnson
Apr 8,home,Gavilan,W,3-2,3,2,1,win,20150408_ojoc,0,0,0,0,0.0,,,,0.0,,,2015,2014-15,De Anza,deanza,ryanjohnsonicw7,Ryan Johnson
Apr 9,home,Chabot,L,15-4,15,4,11,win,20150408_m9ov,0,0,0,0,0.0,,,,0.0,,,2015,2014-15,De Anza,deanza,ryanjohnsonicw7,Ryan Johnson
Apr 11,home,Mission,L,7-2,7,2,5,win,20150411_w9mn,0,0,0,0,0.0,,,,0.0,,,2015,2014-15,De Anza,deanza,ryanjohnsonicw7,Ryan Johnson
Apr 14,home,West Valley,L,2-1,2,1,1,win,20150414_lvt9,0,0,0,0,0.0,,,,0.0,,,2015,2014-15,De Anza,deanza,ryanjohnsonicw7,Ryan Johnson
Apr 18,home,San Francisco,W,7-0,7,0,7,win,20150418_k8kg,0,0,0,0,0.0,,,,0.0,,,2015,2014-15,De Anza,deanza,ryanjohnsonicw7,Ryan Johnson
Apr 21,home,Ohlone,L,6-2,6,2,4,win,20150421_fmzd,0,0,0,0,0.0,,,,0.0,,,2015,2014-15,De Anza,deanza,ryanjohnsonicw7,Ryan Johnson
Apr 23,home,San Mateo,L,7-3,7,3,4,win,20150423_49vc,0,0,0,0,0.0,,,,0.0,,,2015,2014-15,De Anza,deanza,ryanjohnsonicw7,Ryan Johnson
Apr 28,home,Skyline,L,3-1,3,1,2,win,20150428_w6h7,0,0,0,0,0.0,,,,0.0,,,2015,2014-15,De Anza,deanza,ryanjohnsonicw7,Ryan Johnson
Jan 29,home,Imperial Valley,W,8-2,8,2,6,win,20150129_qcjf,0,0,0,0,0.0,,,,0.0,,,2015,2014-15,LA Harbor,laharbor,adrianperezrih2,Adrian Perez
Jan 29,home,Imperial Valley,W,9-3,9,3,6,win,20150129_l6a5,0,0,0,0,0.0,,,,0.0,,,2015,2014-15,LA Harbor,laharbor,adrianperezrih2,Adrian Perez
Feb 6,home,Grossmont,L,5-3,5,3,2,win,20150206_q7le,0,0,0,0,0.0,,,,0.0,,,2015,2014-15,LA Harbor,laharbor,adrianperezrih2,Adrian Perez
Feb 10,home,Irvine Valley,L,6-0,6,0,6,win,20150210_cmuz,0,0,0,0,0.0,,,,0.0,,,2015,2014-15,LA Harbor,laharbor,adrianperezrih2,Adrian Perez
Feb 12,home,Golden West,W,6-2,6,2,4,win,20150212_ib9j,0,0,0,0,0.0,,,,0.0,,,2015,2014-15,LA Harbor,laharbor,adrianperezrih2,Adrian Perez
Feb 13,home,Golden West,L,8-2,8,2,6,win,20150213_f8nf,0,0,0,0,0.0,,,,0.0,,,2015,2014-15,LA Harbor,laharbor,adrianperezrih2,Adrian Perez
Feb 17,home,Golden West,W,6-1,6,1,5,win,20150217_iytz,0,0,0,0,0.0,,,,0.0,,,2015,2014-15,LA Harbor,laharbor,adrianperezrih2,Adrian Perez
Feb 20,home,Irvine Valley,W,10-3,10,3,7,win,20150220_t78h,0,0,0,0,0.0,,,,0.0,,,2015,2014-15,LA Harbor,laharbor,adrianperezrih2,Adrian Perez
Feb 21,home,Grossmont,W,22-12,22,12,10,win,20150221_ujsj,0,0,0,0,0.0,,,,0.0,,,2015,2014-15,LA Harbor,laharbor,adrianperezrih2,Adrian Perez
Feb 24,home,LA Valley,W,3-2,3,2,1,win,20150224_mb1u,0,0,0,0,0.0,,,,0.0,,,2015,2014-15,LA Harbor,laharbor,adrianperezrih2,Adrian Perez
Feb 26,home,LA Valley,W,3-2,3,2,1,win,20150226_kr11,0,0,0,0,0.0,,,,0.0,,,2015,2014-15,LA Harbor,laharbor,adrianperezrih2,Adrian Perez
Feb 27,home,LA Valley,L,7-1,7,1,6,win,20150227_hy3k,0,0,0,0,0.0,,,,0.0,,,2015,2014-15,LA Harbor,laharbor,adrianperezrih2,Adrian Perez
Mar 4,home,Mt. San Antonio,W,7-2,7,2,5,win,20150304_4a7r,0,0,0,0,0.0,,,,0.0,,,2015,2014-15,LA Harbor,laharbor,adrianperezrih2,Adrian Perez
Mar 5,home,Mt. San Antonio,L,9-5,9,5,4,win,20150305_u2v9,0,0,0,0,0.0,,,,0.0,,,2015,2014-15,LA Harbor,laharbor,adrianperezrih2,Adrian Perez
Mar 7,home,Mt. San Antonio,L,7-4,7,4,3,win,20150307_gzqp,0,0,0,0,0.0,,,,0.0,,,2015,2014-15,LA Harbor,laharbor,adrianperezrih2,Adrian Perez
Mar 10,home,Long Beach,L,5-4,5,4,1,win,20150310_7g9g,0,0,0,0,0.0,,,,0.0,,,2015,2014-15,LA Harbor,laharbor,adrianperezrih2,Adrian Perez
Mar 12,home,Long Beach,L,3-2,3,2,1,win,20150312_1xxj,0,0,0,0,0.0,,,,0.0,,,2015,2014-15,LA Harbor,laharbor,adrianperezrih2,Adrian Perez
Mar 14,home,Long Beach,W,7-2,7,2,5,win,20150314_loot,0,0,0,0,0.0,,,,0.0,,,2015,2014-15,LA Harbor,laharbor,adrianperezrih2,Adrian Perez
Mar 17,home,El Camino-Compton Center,W,5-2,5,2,3,win,20150317_opfm,0,0,0,0,0.0,,,,0.0,,,2015,2014-15,LA Harbor,laharbor,adrianperezrih2,Adrian Perez
Mar 19,home,El Camino-Compton Center,L,10-4,10,4,6,win,20150319_w6un,0,0,0,0,0.0,,,,0.0,,,2015,2014-15,LA Harbor,laharbor,adrianperezrih2,Adrian Perez
Mar 21,home,El Camino-Compton Center,W,9-8,9,8,1,win,20150321_yxv2,0,0,0,0,0.0,,,,0.0,,,2015,2014-15,LA Harbor,laharbor,adrianperezrih2,Adrian Perez
Mar 24,home,Pasadena,L,11-3,11,3,8,win,20150324_umtk,0,0,0,0,0.0,,,,0.0,,,2015,2014-15,LA Harbor,laharbor,adrianperezrih2,Adrian Perez
Mar 26,home,Pasadena,L,11-6,11,6,5,win,20150326_gxt4,0,0,0,0,0.0,,,,0.0,,,2015,2014-15,LA Harbor,laharbor,adrianperezrih2,Adrian Perez
Mar 28,home,Pasadena,W,9-1,9,1,8,win,20150328_kvqi,0,0,0,0,0.0,,,,0.0,,,2015,2014-15,LA Harbor,laharbor,adrianperezrih2,Adrian Perez
Mar 31,home,West LA,W,8-2,8,2,6,win,20150331_6484,0,0,0,0,0.0,,,,0.0,,,2015,2014-15,LA Harbor,laharbor,adrianperezrih2,Adrian Perez
Apr 1,home,LA Mission,L,7-4,7,4,3,win,20150401_3n4f,0,0,0,0,0.0,,,,0.0,,,2015,2014-15,LA Harbor,laharbor,adrianperezrih2,Adrian Perez
Apr 9,home,El Camino,L,10-9,10,9,1,win,20150409_93rf,0,0,0,0,0.0,,,,0.0,,,2015,2014-15,LA Harbor,laharbor,adrianperezrih2,Adrian Perez
Apr 14,home,East Los Angeles,W,3-1,3,1,2,win,20150414_2tbr,0,0,0,0,0.0,,,,0.0,,,2015,2014-15,LA Harbor,laharbor,adrianperezrih2,Adrian Perez
Apr 16,home,East Los Angeles,L,5-4,5,4,1,win,20150416_r8d0,0,0,0,0,0.0,,,,0.0,,,2015,2014-15,LA Harbor,laharbor,adrianperezrih2,Adrian Perez
Apr 18,home,East Los Angeles,W,4-1,4,1,3,win,20150418_ofz1,0,0,0,0,0.0,,,,0.0,,,2015,2014-15,LA Harbor,laharbor,adrianperezrih2,Adrian Perez
Jan 27,home,Victor Valley,W,14-8,14,8,6,win,20150127_yt6x,0,0,0,0,0.0,,,,0.0,,,2015,2014-15,Fullerton,fullerton,davidmiranda8oy4,David Miranda
Jan 31,home,San Diego Mesa,W,8-4,8,4,4,win,20150131_sek0,0,0,0,0,0.0,,,,0.0,,,2015,2014-15,Fullerton,fullerton,davidmiranda8oy4,David Miranda
Feb 3,home,Bakersfield,W,4-3,4,3,1,win,20150203_1uut,0,0,0,0,0.0,,,,0.0,,,2015,2014-15,Fullerton,fullerton,davidmiranda8oy4,David Miranda
Feb 5,home,Grossmont,W,22-3,22,3,19,win,20150205_r1ib,0,0,0,0,0.0,,,,0.0,,,2015,2014-15,Fullerton,fullerton,davidmiranda8oy4,David Miranda
Feb 7,home,Mt. San Antonio,W,6-5,6,5,1,win,20150207_8559,0,0,0,0,0.0,,,,0.0,,,2015,2014-15,Fullerton,fullerton,davidmiranda8oy4,David Miranda
Feb 10,home,Southwestern,W,11-6,11,6,5,win,20150210_zrxi,0,0,0,0,0.0,,,,0.0,,,2015,2014-15,Fullerton,fullerton,davidmiranda8oy4,David Miranda
Feb 14,home,Palomar,L,4-2,4,2,2,win,20150214_ohyw,0,0,0,0,0.0,,,,0.0,,,2015,2014-15,Fullerton,fullerton,davidmiranda8oy4,David Miranda
Feb 17,home,Mt. San Jacinto,W,12-1,12,1,11,win,20150217_kccc,0,0,0,0,0.0,,,,0.0,,,2015,2014-15,Fullerton,fullerton,davidmiranda8oy4,David Miranda
Feb 21,home,LA Mission,W,10-4,10,4,6,win,20150221_iy3r,0,0,0,0,0.0,,,,0.0,,,2015,2014-15,Fullerton,fullerton,davidmiranda8oy4,David Miranda
Feb 28,home,Golden West,W,7-4,7,4,3,win,20150228_evrf,0,0,0,0,0.0,,,,0.0,,,2015,2014-15,Fullerton,fullerton,davidmiranda8oy4,David Miranda
Mar 5,home,Santa Ana,W,9-1,9,1,8,win,20150305_1g9i,0,0,0,0,0.0,,,,0.0,,,2015,2014-15,Fullerton,fullerton,davidmiranda8oy4,David Miranda
Mar 7,home,Saddleback,L,1-0,1,0,1,win,20150307_hwww,0,0,0,0,0.0,,,,0.0,,,2015,2014-15,Fullerton,fullerton,davidmiranda8oy4,David Miranda
Mar 12,home,Cypress,W,6-5,6,5,1,win,20150312_y0g2,0,0,0,0,0.0,,,,0.0,,,2015,2014-15,Fullerton,fullerton,davidmiranda8oy4,David Miranda
Mar 17,home,Irvine Valley,W,5-1,5,1,4,win,20150317_9uul,0,0,0,0,0.0,,,,0.0,,,2015,2014-15,Fullerton,fullerton,davidmiranda8oy4,David Miranda
Mar 19,home,Irvine Valley,L,4-0,4,0,4,win,20150319_de9k,0,0,0,0,0.0,,,,0.0,,,2015,2014-15,Fullerton,fullerton,davidmiranda8oy4,David Miranda
Mar 21,home,Golden West,L,5-4,5,4,1,win,20150321_ssta,0,0,0,0,0.0,,,,0.0,,,2015,2014-15,Fullerton,fullerton,davidmiranda8oy4,David Miranda
Mar 24,home,Golden West,W,12-6,12,6,6,win,20150324_4n5o,0,0,0,0,0.0,,,,0.0,,,2015,2014-15,Fullerton,fullerton,davidmiranda8oy4,David Miranda
Mar 26,home,Orange Coast,L,7-1,7,1,6,win,20150326_w19a,0,0,0,0,0.0,,,,0.0,,,2015,2014-15,Fullerton,fullerton,davidmiranda8oy4,David Miranda
Mar 28,home,Orange Coast,L,7-4,7,4,3,win,20150328_7ydo,0,0,0,0,0.0,,,,0.0,,,2015,2014-15,Fullerton,fullerton,davidmiranda8oy4,David Miranda
Mar 31,home,El Camino-Compton Center,L,5-2,5,2,3,win,20150331_hbsj,0,0,0,0,0.0,,,,0.0,,,2015,2014-15,Fullerton,fullerton,davidmiranda8oy4,David Miranda
Apr 1,home,Taft,W,11-0,11,0,11,win,20150401_q0je,0,0,0,0,0.0,,,,0.0,,,2015,2014-15,Fullerton,fullerton,davidmiranda8oy4,David Miranda
Apr 7,home,Santa Ana,W,4-1,4,1,3,win,20150407_pywy,0,0,0,0,0.0,,,,0.0,,,2015,2014-15,Fullerton,fullerton,davidmiranda8oy4,David Miranda
Apr 9,home,Santa Ana,L,7-6,7,6,1,win,20150409_6irx,0,0,0,0,0.0,,,,0.0,,,2015,2014-15,Fullerton,fullerton,davidmiranda8oy4,David Miranda
Apr 11,home,Saddleback,W,3-2,3,2,1,win,20150411_r72o,0,0,0,0,0.0,,,,0.0,,,2015,2014-15,Fullerton,fullerton,davidmiranda8oy4,David Miranda
Apr 14,home,Saddleback,L,4-3,4,3,1,win,20150414_76hh,0,0,0,0,0.0,,,,0.0,,,2015,2014-15,Fullerton,fullerton,davidmiranda8oy4,David Miranda
Apr 16,home,Riverside,L,9-3,9,3,6,win,20150416_238x,0,0,0,0,0.0,,,,0.0,,,2015,2014-15,Fullerton,fullerton,davidmiranda8oy4,David Miranda
Apr 17,home,Riverside,L,5-2,5,2,3,win,20150417_8nxm,0,0,0,0,0.0,,,,0.0,,,2015,2014-15,Fullerton,fullerton,davidmiranda8oy4,David Miranda
Apr 21,home,Cypress,W,4-1,4,1,3,win,20150421_mjza,0,0,0,0,0.0,,,,0.0,,,2015,2014-15,Fullerton,fullerton,davidmiranda8oy4,David Miranda
Apr 23,home,Cypress,L,6-1,6,1,5,win,20150423_w78y,0,0,0,0,0.0,,,,0.0,,,2015,2014-15,Fullerton,fullerton,davidmiranda8oy4,David Miranda
May 1,home,Cypress,W,6-5,6,5,1,win,20150501_aclw,0,0,0,0,0.0,,,,0.0,,,2015,2014-15,Fullerton,fullerton,davidmiranda8oy4,David Miranda
May 2,home,Cypress,W,6-5,6,5,1,win,20150502_6nw9,0,0,0,0,0.0,,,,0.0,,,2015,2014-15,Fullerton,fullerton,davidmiranda8oy4,David Miranda
May 8,home,Santa Barbara,W,2-1,2,1,1,win,20150508_3aia,0,0,0,0,0.0,,,,0.0,,,2015,2014-15,Fullerton,fullerton,davidmiranda8oy4,David Miranda
May 9,home,Santa Barbara,L,3-0,3,0,3,win,20150509_la5v,0,0,0,0,0.0,,,,0.0,,,2015,2014-15,Fullerton,fullerton,davidmiranda8oy4,David Miranda
Jan 29,home,Santa Ana,T,4-4,4,4,0,tie,20150129_eylj,0,0,0,0,0.0,,,,0.0,,,2015,2014-15,LA Valley,lavalley,hectorrodriguezp7bu,Hector Rodriguez
Jan 31,home,Irvine Valley,L,4-1,4,1,3,win,20150131_styi,0,0,0,0,0.0,,,,0.0,,,2015,2014-15,LA Valley,lavalley,hectorrodriguezp7bu,Hector Rodriguez
Feb 5,home,Moorpark,W,2-1,2,1,1,win,20150205_ittd,0,0,0,0,0.0,,,,0.0,,,2015,2014-15,LA Valley,lavalley,hectorrodriguezp7bu,Hector Rodriguez
Feb 6,home,LA Pierce,W,17-4,17,4,13,win,20150206_h4kz,0,0,0,0,0.0,,,,0.0,,,2015,2014-15,LA Valley,lavalley,hectorrodriguezp7bu,Hector Rodriguez
Feb 7,home,LA Pierce,W,9-7,9,7,2,win,20150207_mgmf,0,0,0,0,0.0,,,,0.0,,,2015,2014-15,LA Valley,lavalley,hectorrodriguezp7bu,Hector Rodriguez
Feb 12,home,El Camino-Compton Center,L,5-2,5,2,3,win,20150212_j5eg,0,0,0,0,0.0,,,,0.0,,,2015,2014-15,LA Valley,lavalley,hectorrodriguezp7bu,Hector Rodriguez
Feb 19,home,Pasadena,W,8-1,8,1,7,win,20150219_fhh6,0,0,0,0,0.0,,,,0.0,,,2015,2014-15,LA Valley,lavalley,hectorrodriguezp7bu,Hector Rodriguez
Feb 24,home,LA Harbor,L,3-2,3,2,1,win,20150224_mb1u,0,0,0,0,0.0,,,,0.0,,,2015,2014-15,LA Valley,lavalley,hectorrodriguezp7bu,Hector Rodriguez
Feb 27,home,LA Harbor,W,7-1,7,1,6,win,20150227_hy3k,0,0,0,0,0.0,,,,0.0,,,2015,2014-15,LA Valley,lavalley,hectorrodriguezp7bu,Hector Rodriguez
Mar 3,home,LA Mission,W,6-5,6,5,1,win,20150303_qc4i,0,0,0,0,0.0,,,,0.0,,,2015,2014-15,LA Valley,lavalley,hectorrodriguezp7bu,Hector Rodriguez
Mar 5,home,West LA,W,8-2,8,2,6,win,20150305_om4n,0,0,0,0,0.0,,,,0.0,,,2015,2014-15,LA Valley,lavalley,hectorrodriguezp7bu,Hector Rodriguez
Mar 7,home,Canyons,L,4-0,4,0,4,win,20150307_8aw0,0,0,0,0,0.0,,,,0.0,,,2015,2014-15,LA Valley,lavalley,hectorrodriguezp7bu,Hector Rodriguez
Mar 10,home,Citrus,W,6-5,6,5,1,win,20150310_2qdo,0,0,0,0,0.0,,,,0.0,,,2015,2014-15,LA Valley,lavalley,hectorrodriguezp7bu,Hector Rodriguez
Mar 13,home,Glendale,L,9-4,9,4,5,win,20150313_44l6,0,0,0,0,0.0,,,,0.0,,,2015,2014-15,LA Valley,lavalley,hectorrodriguezp7bu,Hector Rodriguez
Mar 17,home,Bakersfield,W,10-7,10,7,3,win,20150317_hvel,0,0,0,0,0.0,,,,0.0,,,2015,2014-15,LA Valley,lavalley,hectorrodriguezp7bu,Hector Rodriguez
Mar 19,home,LA Mission,W,5-1,5,1,4,win,20150319_3y7n,0,0,0,0,0.0,,,,0.0,,,2015,2014-15,LA Valley,lavalley,hectorrodriguezp7bu,Hector Rodriguez
Mar 21,home,LA Mission,W,11-4,11,4,7,win,20150321_883o,0,0,0,0,0.0,,,,0.0,,,2015,2014-15,LA Valley,lavalley,hectorrodriguezp7bu,Hector Rodriguez
Mar 24,home,West LA,W,9-3,9,3,6,win,20150324_k3uz,0,0,0,0,0.0,,,,0.0,,,2015,2014-15,LA Valley,lavalley,hectorrodriguezp7bu,Hector Rodriguez
Mar 26,home,West LA,W,9-1,9,1,8,win,20150326_odtj,0,0,0,0,0.0,,,,0.0,,,2015,2014-15,LA Valley,lavalley,hectorrodriguezp7bu,Hector Rodriguez
Mar 27,home,Canyons,L,6-5,6,5,1,win,20150327_39ze,0,0,0,0,0.0,,,,0.0,,,2015,2014-15,LA Valley,lavalley,hectorrodriguezp7bu,Hector Rodriguez
Mar 31,home,Oxnard,L,7-3,7,3,4,win,20150331_8qhs,0,0,0,0,0.0,,,,0.0,,,2015,2014-15,LA Valley,lavalley,hectorrodriguezp7bu,Hector Rodriguez
Apr 2,home,Moorpark,W,8-7,8,7,1,win,20150402_xszq,0,0,0,0,0.0,,,,0.0,,,2015,2014-15,LA Valley,lavalley,hectorrodriguezp7bu,Hector Rodriguez
Apr 8,home,Canyons,L,3-2,3,2,1,win,20150408_x3sz,0,0,0,0,0.0,,,,0.0,,,2015,2014-15,LA Valley,lavalley,hectorrodriguezp7bu,Hector Rodriguez
Apr 9,home,Citrus,L,12-2,12,2,10,win,20150409_7ftv,0,0,0,0,0.0,,,,0.0,,,2015,2014-15,LA Valley,lavalley,hectorrodriguezp7bu,Hector Rodriguez
Apr 11,home,Citrus,W,5-2,5,2,3,win,20150411_wg4m,0,0,0,0,0.0,,,,0.0,,,2015,2014-15,LA Valley,lavalley,hectorrodriguezp7bu,Hector Rodriguez
Apr 14,home,Antelope Valley,L,16-6,16,6,10,win,20150414_u5wq,0,0,0,0,0.0,,,,0.0,,,2015,2014-15,LA Valley,lavalley,hectorrodriguezp7bu,Hector Rodriguez
Apr 16,home,Antelope Valley,W,2-1,2,1,1,win,20150416_oyz7,0,0,0,0,0.0,,,,0.0,,,2015,2014-15,LA Valley,lavalley,hectorrodriguezp7bu,Hector Rodriguez
Apr 18,home,Glendale,L,2-1,2,1,1,win,20150418_4f3x,0,0,0,0,0.0,,,,0.0,,,2015,2014-15,LA Valley,lavalley,hectorrodriguezp7bu,Hector Rodriguez
Apr 21,home,Glendale,L,7-6,7,6,1,win,20150421_dppo,0,0,0,0,0.0,,,,0.0,,,2015,2014-15,LA Valley,lavalley,hectorrodriguezp7bu,Hector Rodriguez
Apr 23,home,Bakersfield,L,6-2,6,2,4,win,20150423_zsyr,0,0,0,0,0.0,,,,0.0,,,2015,2014-15,LA Valley,lavalley,hectorrodriguezp7bu,Hector Rodriguez
Apr 24,home,Bakersfield,W,4-2,4,2,2,win,20150424_xw2z,0,0,0,0,0.0,,,,0.0,,,2015,2014-15,LA Valley,lavalley,hectorrodriguezp7bu,Hector Rodriguez
Feb 5,home,Ventura,W,6-4,6,4,2,win,20150205_gcsf,0,0,0,0,0.0,,,,0.0,,,2015,2014-15,Cerritos,cerritos,luisfloresly0b,Luis Flores
Feb 12,home,Mt. San Jacinto,L,5-3,5,3,2,win,20150212_aa3a,0,0,0,0,0.0,,,,0.0,,,2015,2014-15,Cerritos,cerritos,luisfloresly0b,Luis Flores
Feb 24,home,Golden West,W,3-2,3,2,1,win,20150224_iydm,0,0,0,0,0.0,,,,0.0,,,2015,2014-15,Cerritos,cerritos,luisfloresly0b,Luis Flores
Mar 5,home,Pasadena,W,14-3,14,3,11,win,20150305_q9yo,0,0,0,0,0.0,,,,0.0,,,2015,2014-15,Cerritos,cerritos,luisfloresly0b,Luis Flores
Mar 19,home,Long Beach,W,11-2,11,2,9,win,20150319_pksn,0,0,0,0,0.0,,,,0.0,,,2015,2014-15,Cerritos,cerritos,luisfloresly0b,Luis Flores
Mar 31,home,Fresno City,L,9-0,9,0,9,win,20150331_mkza,0,0,0,0,0.0,,,,0.0,,,2015,2014-15,Cerritos,cerritos,luisfloresly0b,Luis Flores
Apr 1,home,Merced,W,10-1,10,1,9,win,20150401_hd07,0,0,0,0,0.0,,,,0.0,,,2015,2014-15,Cerritos,cerritos,luisfloresly0b,Luis Flores
Apr 16,home,El Camino,W,10-2,10,2,8,win,20150416_e5ss,0,0,0,0,0.0,,,,0.0,,,2015,2014-15,Cerritos,cerritos,luisfloresly0b,Luis Flores
Jan 30,home,Ventura,W,4-3,4,3,1,win,20150130_gopd,0,0,0,0,0.0,0.0,0.0,0.0,0.0,0.0,0.0,2015,2014-15,Cypress,cypress,nickreesermj2t,Nick Reeser
Jan 31,home,Ventura,W,11-4,11,4,7,win,20150131_q00k,0,0,0,0,0.0,,,,0.0,,,2015,2014-15,Cypress,cypress,nickreesermj2t,Nick Reeser
Feb 5,home,San Bernardino,W,2-0,2,0,2,win,20150205_ml2m,0,0,0,0,0.0,,,,0.0,,,2015,2014-15,Cypress,cypress,nickreesermj2t,Nick Reeser
Feb 6,home,Desert,W,8-7,8,7,1,win,20150206_qytm,0,0,0,0,0.0,,,,0.0,,,2015,2014-15,Cypress,cypress,nickreesermj2t,Nick Reeser
Feb 13,home,Merced,W,21-1,21,1,20,win,20150213_41z9,0,0,0,0,0.0,,,,0.0,,,2015,2014-15,Cypress,cypress,nickreesermj2t,Nick Reeser
Feb 14,home,Merced,L,13-12,13,12,1,win,20150214_7zuj,0,0,0,0,0.0,,,,0.0,,,2015,2014-15,Cypress,cypress,nickreesermj2t,Nick Reeser
Feb 17,home,Desert,W,22-1,22,1,21,win,20150217_f0sh,0,0,0,0,0.0,,,,0.0,,,2015,2014-15,Cypress,cypress,nickreesermj2t,Nick Reeser
Feb 20,home,Glendale,W,11-3,11,3,8,win,20150220_74fi,0,0,0,0,0.0,,,,0.0,,,2015,2014-15,Cypress,cypress,nickreesermj2t,Nick Reeser
Feb 26,home,Golden West,L,7-6,7,6,1,win,20150226_pu3e,0,0,0,0,0.0,,,,0.0,,,2015,2014-15,Cypress,cypress,nickreesermj2t,Nick Reeser
Feb 28,home,Saddleback,W,10-3,10,3,7,win,20150228_z393,0,0,0,0,0.0,,,,0.0,,,2015,2014-15,Cypress,cypress,nickreesermj2t,Nick Reeser
Apr 1,home,Fresno City,L,14-6,14,6,8,win,20150401_lmv2,0,0,0,0,0.0,,,,0.0,,,2015,2014-15,Cypress,cypress,nickreesermj2t,Nick Reeser
Apr 2,home,Allan Hancock,W,7-4,7,4,3,win,20150402_fkxa,0,0,0,0,0.0,,,,0.0,,,2015,2014-15,Cypress,cypress,nickreesermj2t,Nick Reeser
Apr 7,home,Orange Coast,W,15-9,15,9,6,win,20150407_2385,0,0,0,0,0.0,,,,0.0,,,2015,2014-15,Cypress,cypress,nickreesermj2t,Nick Reeser
Apr 9,home,Orange Coast,W,11-10,11,10,1,win,20150409_7qne,0,0,0,0,0.0,,,,0.0,,,2015,2014-15,Cypress,cypress,nickreesermj2t,Nick Reeser
Apr 16,home,Santa Ana,W,12-1,12,1,11,win,20150416_j99p,0,0,0,0,0.0,,,,0.0,,,2015,2014-15,Cypress,cypress,nickreesermj2t,Nick Reeser
Apr 17,home,Santa Ana,L,18-5,18,5,13,win,20150417_rv4i,0,0,0,0,0.0,,,,0.0,,,2015,2014-15,Cypress,cypress,nickreesermj2t,Nick Reeser
Jan 30,home,Sierra,L,6-1,6,1,5,win,20150130_3s9s,0,0,0,0,0.0,,,,0.0,,,2015,2014-15,San Mateo,sanmateo,kuponodekcer68jm,Kupono Dekcer
Feb 12,home,Marin,W,8-2,8,2,6,win,20150212_imvb,0,0,0,0,0.0,,,,0.0,,,2015,2014-15,San Mateo,sanmateo,kuponodekcer68jm,Kupono Dekcer
Feb 14,home,Sierra,W,15-5,15,5,10,win,20150214_xh9g,0,0,0,0,0.0,,,,0.0,,,2015,2014-15,San Mateo,sanmateo,kuponodekcer68jm,Kupono Dekcer
Feb 17,home,Marin,W,8-3,8,3,5,win,20150217_w8b9,0,0,0,0,0.0,,,,0.0,,,2015,2014-15,San Mateo,sanmateo,kuponodekcer68jm,Kupono Dekcer
Mar 5,home,San Francisco,W,9-0,9,0,9,win,20150305_cp01,0,0,0,0,0.0,,,,0.0,,,2015,2014-15,San Mateo,sanmateo,kuponodekcer68jm,Kupono Dekcer
Mar 7,home,Gavilan,W,5-4,5,4,1,win,20150307_gxfm,0,0,0,0,0.0,,,,0.0,,,2015,2014-15,San Mateo,sanmateo,kuponodekcer68jm,Kupono Dekcer
Mar 13,home,San Francisco,W,9-0,9,0,9,win,20150313_iati,0,0,0,0,0.0,,,,0.0,,,2015,2014-15,San Mateo,sanmateo,kuponodekcer68jm,Kupono Dekcer
Mar 19,home,De Anza,L,3-1,3,1,2,win,20150319_v2of,0,0,0,0,0.0,,,,0.0,,,2015,2014-15,San Mateo,sanmateo,kuponodekcer68jm,Kupono Dekcer
Apr 2,home,San Francisco,W,8-0,8,0,8,win,20150402_f3zr,0,0,0,0,0.0,,,,0.0,,,2015,2014-15,San Mateo,sanmateo,kuponodekcer68jm,Kupono Dekcer
Apr 22,home,Chabot,L,15-13,15,13,2,win,20150422_8bl5,0,0,1,0,2.0,5.0,4.0,4.0,18.0,,3.0,2015,2014-15,San Mateo,sanmateo,kuponodekcer68jm,Kupono Dekcer
May 17,home,San Joaquin  Delta,L,7-2,7,2,5,win,20150517_88lb,0,0,0,0,0.0,,,,0.0,,,2015,2014-15,San Mateo,sanmateo,kuponodekcer68jm,Kupono Dekcer
Jan 30,home,Yuba,L,6-2,6,2,4,win,20150130_8qqo,0,0,0,0,0.0,,,,0.0,,,2015,2014-15,De Anza,deanza,tylerwaltersoh6n,Tyler Walters
Feb 3,home,Reedley,W,4-3,4,3,1,win,20150203_ux06,0,0,0,0,0.0,,,,0.0,,,2015,2014-15,De Anza,deanza,tylerwaltersoh6n,Tyler Walters
Feb 5,home,Santa Rosa,L,10-0,10,0,10,win,20150205_xcfp,0,0,0,0,0.0,,,,0.0,,,2015,2014-15,De Anza,deanza,tylerwaltersoh6n,Tyler Walters
Feb 10,home,Contra Costa,W,1-0,1,0,1,win,20150210_go9s,0,0,0,0,0.0,,,,0.0,,,2015,2014-15,De Anza,deanza,tylerwaltersoh6n,Tyler Walters
Feb 12,home,Contra Costa,W,8-3,8,3,5,win,20150212_63kg,0,0,0,0,0.0,,,,0.0,,,2015,2014-15,De Anza,deanza,tylerwaltersoh6n,Tyler Walters
Feb 14,home,Sequoias,L,12-5,12,5,7,win,20150214_2rxi,0,0,0,0,0.0,,,,0.0,,,2015,2014-15,De Anza,deanza,tylerwaltersoh6n,Tyler Walters
Feb 17,home,Monterey,L,5-4,5,4,1,win,20150217_076v,0,0,0,0,0.0,,,,0.0,,,2015,2014-15,De Anza,deanza,tylerwaltersoh6n,Tyler Walters
Feb 18,home,Cabrillo,W,7-5,7,5,2,win,20150218_bvdz,0,0,0,0,0.0,,,,0.0,,,2015,2014-15,De Anza,deanza,tylerwaltersoh6n,Tyler Walters
Feb 21,home,Glendale,L,8-5,8,5,3,win,20150221_2sbj,0,0,0,0,0.0,,,,0.0,,,2015,2014-15,De Anza,deanza,tylerwaltersoh6n,Tyler Walters
Feb 21,home,Glendale,L,1-0,1,0,1,win,20150221_cnlg,0,0,0,0,0.0,,,,0.0,,,2015,2014-15,De Anza,deanza,tylerwaltersoh6n,Tyler Walters
Feb 24,home,San Mateo,L,9-7,9,7,2,win,20150224_gy68,0,0,0,0,0.0,,,,0.0,,,2015,2014-15,De Anza,deanza,tylerwaltersoh6n,Tyler Walters
Feb 27,home,West Valley,L,17-4,17,4,13,win,20150227_c2ke,0,0,0,0,0.0,,,,0.0,,,2015,2014-15,De Anza,deanza,tylerwaltersoh6n,Tyler Walters
Mar 3,home,San Francisco,W,9-0,9,0,9,win,20150303_qjos,0,0,0,0,0.0,,,,0.0,,,2015,2014-15,De Anza,deanza,tylerwaltersoh6n,Tyler Walters
Mar 5,home,West Valley,W,4-3,4,3,1,win,20150305_c8uq,0,0,0,0,0.0,,,,0.0,,,2015,2014-15,De Anza,deanza,tylerwaltersoh6n,Tyler Walters
Mar 7,home,Mission,L,3-2,3,2,1,win,20150307_55wu,0,0,0,0,0.0,,,,0.0,,,2015,2014-15,De Anza,deanza,tylerwaltersoh6n,Tyler Walters
Mar 12,home,Monterey,W,5-4,5,4,1,win,20150312_olrt,0,0,0,0,0.0,,,,0.0,,,2015,2014-15,De Anza,deanza,tylerwaltersoh6n,Tyler Walters
Mar 14,home,Chabot,W,17-4,17,4,13,win,20150314_zg9i,0,0,0,0,0.0,,,,0.0,,,2015,2014-15,De Anza,deanza,tylerwaltersoh6n,Tyler Walters
Mar 17,home,Cabrillo,L,4-2,4,2,2,win,20150317_iyaq,0,0,0,0,0.0,,,,0.0,,,2015,2014-15,De Anza,deanza,tylerwaltersoh6n,Tyler Walters
Mar 21,home,San Francisco,W,5-1,5,1,4,win,20150321_vdfj,0,0,0,0,0.0,,,,0.0,,,2015,2014-15,De Anza,deanza,tylerwaltersoh6n,Tyler Walters
Mar 28,home,Mission,W,5-1,5,1,4,win,20150328_y25r,0,0,0,0,0.0,,,,0.0,,,2015,2014-15,De Anza,deanza,tylerwaltersoh6n,Tyler Walters
Mar 31,home,Canada,W,1-0,1,0,1,win,20150331_q14r,0,0,0,0,0.0,,,,0.0,,,2015,2014-15,De Anza,deanza,tylerwaltersoh6n,Tyler Walters
Apr 2,home,Chabot,L,6-5,6,5,1,win,20150401_cgjl,0,0,0,0,0.0,,,,0.0,,,2015,2014-15,De Anza,deanza,tylerwaltersoh6n,Tyler Walters
Apr 4,home,Skyline,W,1-0,1,0,1,win,20150404_ib5a,0,0,0,0,0.0,,,,0.0,,,2015,2014-15,De Anza,deanza,tylerwaltersoh6n,Tyler Walters
Apr 9,home,Chabot,L,15-4,15,4,11,win,20150408_m9ov,0,0,0,0,1.0,2.0,1.0,1.0,9.0,,,2015,2014-15,De Anza,deanza,tylerwaltersoh6n,Tyler Walters
Apr 14,home,West Valley,L,2-1,2,1,1,win,20150414_lvt9,0,0,0,0,0.0,,,,0.0,,,2015,2014-15,De Anza,deanza,tylerwaltersoh6n,Tyler Walters
Apr 18,home,San Francisco,W,7-0,7,0,7,win,20150418_k8kg,0,0,0,0,0.0,,,,0.0,,,2015,2014-15,De Anza,deanza,tylerwaltersoh6n,Tyler Walters
Apr 21,home,Ohlone,L,6-2,6,2,4,win,20150421_fmzd,0,0,0,0,0.0,,,,0.0,,,2015,2014-15,De Anza,deanza,tylerwaltersoh6n,Tyler Walters
Apr 28,home,Skyline,L,3-1,3,1,2,win,20150428_w6h7,0,0,0,0,0.0,,,,0.0,,,2015,2014-15,De Anza,deanza,tylerwaltersoh6n,Tyler Walters
Jan 29,home,Imperial Valley,W,8-2,8,2,6,win,20150129_qcjf,0,0,0,0,0.0,,,,0.0,,,2015,2014-15,LA Harbor,laharbor,eduardovillegasm5hj,Eduardo Villegas
Jan 29,home,Imperial Valley,W,9-3,9,3,6,win,20150129_l6a5,0,0,0,0,0.0,,,,0.0,,,2015,2014-15,LA Harbor,laharbor,eduardovillegasm5hj,Eduardo Villegas
Feb 6,home,Grossmont,L,5-3,5,3,2,win,20150206_q7le,0,0,0,0,0.0,,,,0.0,,,2015,2014-15,LA Harbor,laharbor,eduardovillegasm5hj,Eduardo Villegas
Feb 10,home,Irvine Valley,L,6-0,6,0,6,win,20150210_cmuz,0,0,0,0,0.0,,,,0.0,,,2015,2014-15,LA Harbor,laharbor,eduardovillegasm5hj,Eduardo Villegas
Feb 12,home,Golden West,W,6-2,6,2,4,win,20150212_ib9j,0,0,0,0,0.0,,,,0.0,,,2015,2014-15,LA Harbor,laharbor,eduardovillegasm5hj,Eduardo Villegas
Feb 13,home,Golden West,L,8-2,8,2,6,win,20150213_f8nf,0,0,0,0,0.0,,,,0.0,,,2015,2014-15,LA Harbor,laharbor,eduardovillegasm5hj,Eduardo Villegas
Feb 17,home,Golden West,W,6-1,6,1,5,win,20150217_iytz,0,0,0,0,0.0,,,,0.0,,,2015,2014-15,LA Harbor,laharbor,eduardovillegasm5hj,Eduardo Villegas
Feb 20,home,Irvine Valley,W,10-3,10,3,7,win,20150220_t78h,0,0,0,0,0.0,,,,0.0,,,2015,2014-15,LA Harbor,laharbor,eduardovillegasm5hj,Eduardo Villegas
Feb 21,home,Grossmont,W,22-12,22,12,10,win,20150221_ujsj,0,0,0,0,0.0,,,,0.0,,,2015,2014-15,LA Harbor,laharbor,eduardovillegasm5hj,Eduardo Villegas
Feb 24,home,LA Valley,W,3-2,3,2,1,win,20150224_mb1u,0,0,0,0,0.0,,,,0.0,,,2015,2014-15,LA Harbor,laharbor,eduardovillegasm5hj,Eduardo Villegas
Mar 4,home,Mt. San Antonio,W,7-2,7,2,5,win,20150304_4a7r,0,0,0,0,0.0,,,,0.0,,,2015,2014-15,LA Harbor,laharbor,eduardovillegasm5hj,Eduardo Villegas
Mar 5,home,Mt. San Antonio,L,9-5,9,5,4,win,20150305_u2v9,0,0,0,0,0.0,,,,0.0,,,2015,2014-15,LA Harbor,laharbor,eduardovillegasm5hj,Eduardo Villegas
Mar 10,home,Long Beach,L,5-4,5,4,1,win,20150310_7g9g,0,0,0,0,0.0,,,,0.0,,,2015,2014-15,LA Harbor,laharbor,eduardovillegasm5hj,Eduardo Villegas
Mar 12,home,Long Beach,L,3-2,3,2,1,win,20150312_1xxj,0,0,0,0,0.0,,,,0.0,,,2015,2014-15,LA Harbor,laharbor,eduardovillegasm5hj,Eduardo Villegas
Mar 14,home,Long Beach,W,7-2,7,2,5,win,20150314_loot,0,0,0,0,0.0,,,,0.0,,,2015,2014-15,LA Harbor,laharbor,eduardovillegasm5hj,Eduardo Villegas
Mar 17,home,El Camino-Compton Center,W,5-2,5,2,3,win,20150317_opfm,0,0,0,0,0.0,,,,0.0,,,2015,2014-15,LA Harbor,laharbor,eduardovillegasm5hj,Eduardo Villegas
Mar 19,home,El Camino-Compton Center,L,10-4,10,4,6,win,20150319_w6un,0,0,0,0,0.0,,,,0.0,,,2015,2014-15,LA Harbor,laharbor,eduardovillegasm5hj,Eduardo Villegas
Mar 21,home,El Camino-Compton Center,W,9-8,9,8,1,win,20150321_yxv2,0,0,0,0,0.0,,,,0.0,,,2015,2014-15,LA Harbor,laharbor,eduardovillegasm5hj,Eduardo Villegas
Mar 24,home,Pasadena,L,11-3,11,3,8,win,20150324_umtk,0,0,0,0,0.0,,,,0.0,,,2015,2014-15,LA Harbor,laharbor,eduardovillegasm5hj,Eduardo Villegas
Mar 26,home,Pasadena,L,11-6,11,6,5,win,20150326_gxt4,0,0,0,0,0.0,,,,0.0,,,2015,2014-15,LA Harbor,laharbor,eduardovillegasm5hj,Eduardo Villegas
Mar 28,home,Pasadena,W,9-1,9,1,8,win,20150328_kvqi,0,0,0,0,0.0,,,,0.0,,,2015,2014-15,LA Harbor,laharbor,eduardovillegasm5hj,Eduardo Villegas
Mar 31,home,West LA,W,8-2,8,2,6,win,20150331_6484,0,0,0,0,0.0,,,,0.0,,,2015,2014-15,LA Harbor,laharbor,eduardovillegasm5hj,Eduardo Villegas
Apr 3,home,LA Pierce,W,10-3,10,3,7,win,20150403_31wk,0,0,0,0,0.0,,,,0.0,,,2015,2014-15,LA Harbor,laharbor,eduardovillegasm5hj,Eduardo Villegas
Apr 7,home,El Camino,L,2-0,2,0,2,win,20150407_2pji,0,0,0,0,0.0,,,,0.0,,,2015,2014-15,LA Harbor,laharbor,eduardovillegasm5hj,Eduardo Villegas
Apr 9,home,El Camino,L,10-9,10,9,1,win,20150409_93rf,0,0,0,0,0.0,,,,0.0,,,2015,2014-15,LA Harbor,laharbor,eduardovillegasm5hj,Eduardo Villegas
Apr 11,home,El Camino,L,6-4,6,4,2,win,20150411_3bs3,0,0,0,0,0.0,,,,0.0,,,2015,2014-15,LA Harbor,laharbor,eduardovillegasm5hj,Eduardo Villegas
Apr 14,home,East Los Angeles,W,3-1,3,1,2,win,20150414_2tbr,0,0,0,0,0.0,,,,0.0,,,2015,2014-15,LA Harbor,laharbor,eduardovillegasm5hj,Eduardo Villegas
Apr 16,home,East Los Angeles,L,5-4,5,4,1,win,20150416_r8d0,0,0,0,0,0.0,,,,0.0,,,2015,2014-15,LA Harbor,laharbor,eduardovillegasm5hj,Eduardo Villegas
Apr 21,home,Cerritos,W,8-4,8,4,4,win,20150421_kxc2,0,0,0,0,0.0,,,,0.0,,,2015,2014-15,LA Harbor,laharbor,eduardovillegasm5hj,Eduardo Villegas
Apr 23,home,Cerritos,L,5-1,5,1,4,win,20150423_6yej,0,0,0,0,0.0,,,,0.0,,,2015,2014-15,LA Harbor,laharbor,eduardovillegasm5hj,Eduardo Villegas
Apr 24,home,Cerritos,L,7-0,7,0,7,win,20150424_xanb,0,0,0,0,0.0,,,,0.0,,,2015,2014-15,LA Harbor,laharbor,eduardovillegasm5hj,Eduardo Villegas
Jan 31,home,Mission,L,13-1,13,1,12,win,20150131_fbwi,0,0,0,0,1.0,3.0,3.0,2.0,18.0,1.0,0.0,2015,2014-15,Monterey,monterey,kevinteskeydmm7,Kevin Teskey
Feb 5,home,Modesto,L,1-0,1,0,1,win,20150205_85pr,0,0,0,0,0.0,,,,0.0,,,2015,2014-15,Monterey,monterey,kevinteskeydmm7,Kevin Teskey
Feb 7,home,Laney,L,1-0,1,0,1,win,20150207_c1wn,0,0,0,0,2.0,2.0,0.0,0.0,0.0,0.0,2.0,2015,2014-15,Monterey,monterey,kevinteskeydmm7,Kevin Teskey
Feb 13,home,Taft,L,10-3,10,3,7,win,20150213_hmzu,0,0,0,0,0.0,,,,0.0,,,2015,2014-15,Monterey,monterey,kevinteskeydmm7,Kevin Teskey
Feb 17,home,De Anza,W,5-4,5,4,1,win,20150217_076v,1,0,0,0,5.0,7.0,4.0,3.0,5.4,1.0,2.0,2015,2014-15,Monterey,monterey,kevinteskeydmm7,Kevin Teskey
Feb 21,home,Folsom Lake,L,2-0,2,0,2,win,20150221_emko,0,0,1,0,3.1,3.0,1.0,1.0,2.7,1.0,,2015,2014-15,Monterey,monterey,kevinteskeydmm7,Kevin Teskey
Feb 24,home,Hartnell,W,9-4,9,4,5,win,20150224_sgrm,0,0,0,0,1.2,2.0,1.0,1.0,5.4,1.0,1.0,2015,2014-15,Monterey,monterey,kevinteskeydmm7,Kevin Teskey
Mar 3,home,Skyline,L,2-1,2,1,1,win,20150303_brup,0,0,0,0,0.2,,,,0.0,,,2015,2014-15,Monterey,monterey,kevinteskeydmm7,Kevin Teskey
Mar 10,home,Mission,W,13-12,13,12,1,win,20150310_1mh3,0,0,0,0,1.0,1.0,0.0,0.0,0.0,1.0,1.0,2015,2014-15,Monterey,monterey,kevinteskeydmm7,Kevin Teskey
Mar 19,home,Cabrillo,W,4-2,4,2,2,win,20150319_tv22,0,0,0,0,2.0,2.0,,,0.0,,1.0,2015,2014-15,Monterey,monterey,kevinteskeydmm7,Kevin Teskey
Mar 26,home,Skyline,L,4-3,4,3,1,win,20150326_buvo,0,0,0,0,4.2,5.0,2.0,2.0,3.86,4.0,2.0,2015,2014-15,Monterey,monterey,kevinteskeydmm7,Kevin Teskey
Apr 2,home,Hartnell,L,6-4,6,4,2,win,20150402_bloy,0,0,0,0,2.0,2.0,1.0,1.0,4.5,2.0,1.0,2015,2014-15,Monterey,monterey,kevinteskeydmm7,Kevin Teskey
Jan 30,home,Napa,W,16-3,16,3,13,win,20150130_xre5,0,0,0,0,0.0,,,,0.0,,,2015,2014-15,Santa Barbara,santabarbara,camjones95qd,Cam Jones
Jan 31,home,Napa,W,4-0,4,0,4,win,20150131_2ly5,0,0,0,0,0.0,,,,0.0,,,2015,2014-15,Santa Barbara,santabarbara,camjones95qd,Cam Jones
Feb 5,home,Glendale,W,6-5,6,5,1,win,20150205_799j,0,0,0,0,0.0,,,,0.0,,,2015,2014-15,Santa Barbara,santabarbara,camjones95qd,Cam Jones
Feb 17,home,Moorpark,W,17-0,17,0,17,win,20150217_loan,0,0,0,0,0.0,,,,0.0,,,2015,2014-15,Santa Barbara,santabarbara,camjones95qd,Cam Jones
Mar 5,home,LA Pierce,L,4-3,4,3,1,win,20150305_kscp,0,0,0,0,0.0,,,,0.0,,,2015,2014-15,Santa Barbara,santabarbara,camjones95qd,Cam Jones
Mar 7,home,LA Pierce,W,13-2,13,2,11,win,20150307_14fo,0,0,0,0,0.0,,,,0.0,,,2015,2014-15,Santa Barbara,santabarbara,camjones95qd,Cam Jones
Mar 10,home,Ventura,L,3-0,3,0,3,win,20150310_ikbu,0,0,0,0,0.0,,,,0.0,,,2015,2014-15,Santa Barbara,santabarbara,camjones95qd,Cam Jones
Mar 12,home,Ventura,W,12-1,12,1,11,win,20150312_p7ux,0,0,0,0,0.0,,,,0.0,,,2015,2014-15,Santa Barbara,santabarbara,camjones95qd,Cam Jones
Mar 14,home,Allan Hancock,W,2-0,2,0,2,win,20150314_x782,0,0,0,0,0.0,,,,0.0,,,2015,2014-15,Santa Barbara,santabarbara,camjones95qd,Cam Jones
Mar 17,home,Allan Hancock,W,12-4,12,4,8,win,20150317_ri5x,0,0,0,0,0.0,,,,0.0,,,2015,2014-15,Santa Barbara,santabarbara,camjones95qd,Cam Jones
Mar 19,home,Moorpark,W,6-1,6,1,5,win,20150319_l1na,0,0,0,0,0.0,,,,0.0,,,2015,2014-15,Santa Barbara,santabarbara,camjones95qd,Cam Jones
Mar 21,home,Moorpark,W,8-5,8,5,3,win,20150321_56pb,0,0,0,0,0.0,,,,0.0,,,2015,2014-15,Santa Barbara,santabarbara,camjones95qd,Cam Jones
Mar 24,home,Oxnard,W,13-0,13,0,13,win,20150324_c3m1,0,0,0,0,0.0,,,,0.0,,,2015,2014-15,Santa Barbara,santabarbara,camjones95qd,Cam Jones
Mar 26,home,Oxnard,L,4-2,4,2,2,win,20150326_lr7d,0,0,0,0,0.0,,,,0.0,,,2015,2014-15,Santa Barbara,santabarbara,camjones95qd,Cam Jones
Mar 27,home,Cuesta,W,10-1,10,1,9,win,20150327_byno,0,0,0,0,0.0,,,,0.0,,,2015,2014-15,Santa Barbara,santabarbara,camjones95qd,Cam Jones
Mar 31,home,Glendale,W,14-4,14,4,10,win,20150331_1ny7,0,0,0,0,0.0,,,,0.0,,,2015,2014-15,Santa Barbara,santabarbara,camjones95qd,Cam Jones
Apr 1,home,Riverside,W,5-2,5,2,3,win,20150401_ba1w,0,0,0,0,0.0,,,,0.0,,,2015,2014-15,Santa Barbara,santabarbara,camjones95qd,Cam Jones
Apr 3,home,Reedley,W,11-8,11,8,3,win,20150403_1oip,0,0,0,0,0.0,,,,0.0,,,2015,2014-15,Santa Barbara,santabarbara,camjones95qd,Cam Jones
Apr 9,home,Fresno City,W,5-3,5,3,2,win,20150409_pia0,0,0,0,0,0.0,,,,0.0,,,2015,2014-15,Santa Barbara,santabarbara,camjones95qd,Cam Jones
Apr 13,home,Cuesta,L,4-3,4,3,1,win,20150413_7c3f,0,0,0,0,0.0,,,,0.0,,,2015,2014-15,Santa Barbara,santabarbara,camjones95qd,Cam Jones
Apr 14,home,LA Pierce,W,13-2,13,2,11,win,20150414_jyb2,0,0,0,0,0.0,,,,0.0,,,2015,2014-15,Santa Barbara,santabarbara,camjones95qd,Cam Jones
Apr 16,home,LA Pierce,L,5-4,5,4,1,win,20150416_fktu,0,0,0,0,0.0,,,,0.0,,,2015,2014-15,Santa Barbara,santabarbara,camjones95qd,Cam Jones
Apr 18,home,Ventura,W,6-5,6,5,1,win,20150418_iioj,0,0,0,0,0.0,,,,0.0,,,2015,2014-15,Santa Barbara,santabarbara,camjones95qd,Cam Jones
Apr 21,home,Ventura,W,5-4,5,4,1,win,20150421_uwfd,0,0,0,0,0.0,,,,0.0,,,2015,2014-15,Santa Barbara,santabarbara,camjones95qd,Cam Jones
Apr 23,home,Allan Hancock,W,14-0,14,0,14,win,20150423_eqgz,0,0,0,0,0.0,,,,0.0,,,2015,2014-15,Santa Barbara,santabarbara,camjones95qd,Cam Jones
Apr 24,home,Allan Hancock,W,3-1,3,1,2,win,20150424_2lmp,0,0,0,0,0.0,,,,0.0,,,2015,2014-15,Santa Barbara,santabarbara,camjones95qd,Cam Jones
May 1,home,Rio Hondo,W,5-0,5,0,5,win,20150501_jw3t,0,0,0,0,0.0,,,,0.0,,,2015,2014-15,Santa Barbara,santabarbara,camjones95qd,Cam Jones
May 2,home,Rio Hondo,W,4-0,4,0,4,win,20150502_6yf4,0,0,0,0,0.0,,,,0.0,,,2015,2014-15,Santa Barbara,santabarbara,camjones95qd,Cam Jones
May 8,home,Fullerton,L,2-1,2,1,1,win,20150508_3aia,0,0,0,0,0.0,,,,0.0,,,2015,2014-15,Santa Barbara,santabarbara,camjones95qd,Cam Jones
May 9,home,Fullerton,W,3-0,3,0,3,win,20150509_la5v,0,0,0,0,0.0,,,,0.0,,,2015,2014-15,Santa Barbara,santabarbara,camjones95qd,Cam Jones
May 10,home,Fullerton,W,4-0,4,0,4,win,20150510_sa1i,0,0,0,0,0.0,,,,0.0,,,2015,2014-15,Santa Barbara,santabarbara,camjones95qd,Cam Jones
May 15,home,Orange Coast,W,3-1,3,1,2,win,20150515_ibzg,0,0,0,0,0.0,,,,0.0,,,2015,2014-15,Santa Barbara,santabarbara,camjones95qd,Cam Jones
May 16,home,Orange Coast,L,5-2,5,2,3,win,20150516_03ti,0,0,0,0,0.0,,,,0.0,,,2015,2014-15,Santa Barbara,santabarbara,camjones95qd,Cam Jones
May 17,home,Orange Coast,L,10-2,10,2,8,win,20150517_7ppz,0,0,0,0,0.0,,,,0.0,,,2015,2014-15,Santa Barbara,santabarbara,camjones95qd,Cam Jones
Jan 31,home,Palomar,W,11-6,11,6,5,win,20150131_fvls,0,0,0,0,0.0,,,,0.0,,,2015,2014-15,Golden West,goldenwest,giannicastillotyhp,Gianni Castillo
Feb 5,home,Sequoias,W,7-3,7,3,4,win,20150205_a6uq,0,0,0,0,0.0,,,,0.0,,,2015,2014-15,Golden West,goldenwest,giannicastillotyhp,Gianni Castillo
Feb 6,home,Reedley,W,7-2,7,2,5,win,20150206_o7yk,0,0,0,0,0.0,,,,0.0,,,2015,2014-15,Golden West,goldenwest,giannicastillotyhp,Gianni Castillo
Feb 10,home,Cerritos,W,4-2,4,2,2,win,20150210_l5yf,0,0,0,0,0.0,,,,0.0,,,2015,2014-15,Golden West,goldenwest,giannicastillotyhp,Gianni Castillo
Feb 12,home,LA Harbor,L,6-2,6,2,4,win,20150212_ib9j,0,0,0,0,0.0,,,,0.0,,,2015,2014-15,Golden West,goldenwest,giannicastillotyhp,Gianni Castillo
Feb 17,home,LA Harbor,L,6-1,6,1,5,win,20150217_iytz,0,0,0,0,0.0,,,,0.0,,,2015,2014-15,Golden West,goldenwest,giannicastillotyhp,Gianni Castillo
Feb 19,home,Bakersfield,W,4-2,4,2,2,win,20150219_ai2r,0,0,0,0,0.0,,,,0.0,,,2015,2014-15,Golden West,goldenwest,giannicastillotyhp,Gianni Castillo
Feb 20,home,Bakersfield,W,8-5,8,5,3,win,20150220_t7eh,0,0,0,0,0.0,,,,0.0,,,2015,2014-15,Golden West,goldenwest,giannicastillotyhp,Gianni Castillo
Feb 21,home,Bakersfield,L,7-6,7,6,1,win,20150221_zvsx,0,0,0,0,0.0,,,,0.0,,,2015,2014-15,Golden West,goldenwest,giannicastillotyhp,Gianni Castillo
Feb 24,home,Cerritos,L,3-2,3,2,1,win,20150224_iydm,0,0,0,0,0.0,,,,0.0,,,2015,2014-15,Golden West,goldenwest,giannicastillotyhp,Gianni Castillo
Feb 26,home,Cypress,W,7-6,7,6,1,win,20150226_pu3e,0,0,0,0,0.0,,,,0.0,,,2015,2014-15,Golden West,goldenwest,giannicastillotyhp,Gianni Castillo
Feb 28,home,Fullerton,L,7-4,7,4,3,win,20150228_evrf,0,0,0,0,0.0,,,,0.0,,,2015,2014-15,Golden West,goldenwest,giannicastillotyhp,Gianni Castillo
Mar 3,home,Saddleback,L,9-8,9,8,1,win,20150303_b3r5,0,0,0,0,0.0,,,,0.0,,,2015,2014-15,Golden West,goldenwest,giannicastillotyhp,Gianni Castillo
Mar 5,home,Irvine Valley,L,7-3,7,3,4,win,20150305_82mc,0,0,0,0,0.0,,,,0.0,,,2015,2014-15,Golden West,goldenwest,giannicastillotyhp,Gianni Castillo
Mar 7,home,Santa Ana,W,9-3,9,3,6,win,20150307_4ikn,0,0,0,0,0.0,,,,0.0,,,2015,2014-15,Golden West,goldenwest,giannicastillotyhp,Gianni Castillo
Mar 10,home,Orange Coast,W,5-4,5,4,1,win,20150310_b690,0,0,0,0,0.0,,,,0.0,,,2015,2014-15,Golden West,goldenwest,giannicastillotyhp,Gianni Castillo
Mar 12,home,Riverside,L,13-0,13,0,13,win,20150312_ugk6,0,0,0,0,0.0,,,,0.0,,,2015,2014-15,Golden West,goldenwest,giannicastillotyhp,Gianni Castillo
Mar 17,home,Cypress,W,5-4,5,4,1,win,20150317_k9qu,0,0,0,0,0.0,,,,0.0,,,2015,2014-15,Golden West,goldenwest,giannicastillotyhp,Gianni Castillo
Mar 19,home,Cypress,L,5-1,5,1,4,win,20150319_wg7p,0,0,0,0,0.0,,,,0.0,,,2015,2014-15,Golden West,goldenwest,giannicastillotyhp,Gianni Castillo
Mar 21,home,Fullerton,W,5-4,5,4,1,win,20150321_ssta,0,0,0,0,0.0,,,,0.0,,,2015,2014-15,Golden West,goldenwest,giannicastillotyhp,Gianni Castillo
Mar 24,home,Fullerton,L,12-6,12,6,6,win,20150324_4n5o,0,0,0,0,0.0,,,,0.0,,,2015,2014-15,Golden West,goldenwest,giannicastillotyhp,Gianni Castillo
Mar 26,home,Saddleback,W,5-2,5,2,3,win,20150326_v4ux,0,0,0,0,0.0,,,,0.0,,,2015,2014-15,Golden West,goldenwest,giannicastillotyhp,Gianni Castillo
Mar 27,home,Saddleback,W,7-1,7,1,6,win,20150327_76jd,0,0,0,0,0.0,,,,0.0,,,2015,2014-15,Golden West,goldenwest,giannicastillotyhp,Gianni Castillo
Mar 31,home,Chaffey,L,6-2,6,2,4,win,20150331_tymd,0,0,0,0,0.0,,,,0.0,,,2015,2014-15,Golden West,goldenwest,giannicastillotyhp,Gianni Castillo
Apr 2,home,Chaffey,L,6-5,6,5,1,win,20150402_1ikn,0,0,0,0,0.0,,,,0.0,,,2015,2014-15,Golden West,goldenwest,giannicastillotyhp,Gianni Castillo
Apr 7,home,Irvine Valley,W,15-0,15,0,15,win,20150407_bwyx,0,0,0,0,0.0,,,,0.0,,,2015,2014-15,Golden West,goldenwest,giannicastillotyhp,Gianni Castillo
Apr 9,home,Irvine Valley,W,2-1,2,1,1,win,20150409_u8uo,0,0,0,0,0.0,,,,0.0,,,2015,2014-15,Golden West,goldenwest,giannicastillotyhp,Gianni Castillo
Apr 11,home,Santa Ana,W,2-1,2,1,1,win,20150411_onqn,0,0,0,0,0.0,,,,0.0,,,2015,2014-15,Golden West,goldenwest,giannicastillotyhp,Gianni Castillo
Apr 14,home,Santa Ana,W,12-6,12,6,6,win,20150414_tvw9,0,0,0,0,0.0,,,,0.0,,,2015,2014-15,Golden West,goldenwest,giannicastillotyhp,Gianni Castillo
Apr 16,home,Orange Coast,W,5-4,5,4,1,win,20150416_m9hs,0,0,0,0,0.0,,,,0.0,,,2015,2014-15,Golden West,goldenwest,giannicastillotyhp,Gianni Castillo
Apr 17,home,Orange Coast,W,14-10,14,10,4,win,20150417_ygao,0,0,0,0,0.0,,,,0.0,,,2015,2014-15,Golden West,goldenwest,giannicastillotyhp,Gianni Castillo
Apr 21,home,Riverside,W,4-2,4,2,2,win,20150421_e3mk,0,0,0,0,0.0,,,,0.0,,,2015,2014-15,Golden West,goldenwest,giannicastillotyhp,Gianni Castillo
Apr 23,home,Riverside,W,5-1,5,1,4,win,20150423_giyt,0,0,0,0,0.0,,,,0.0,,,2015,2014-15,Golden West,goldenwest,giannicastillotyhp,Gianni Castillo
May 1,home,Cuesta,L,8-0,8,0,8,win,20150501_i0bn,0,0,0,0,0.0,,,,0.0,,,2015,2014-15,Golden West,goldenwest,giannicastillotyhp,Gianni Castillo
May 2,home,Cuesta,W,13-8,13,8,5,win,20150502_85s5,0,0,0,0,0.0,,,,0.0,,,2015,2014-15,Golden West,goldenwest,giannicastillotyhp,Gianni Castillo
May 2,home,Cuesta,W,6-5,6,5,1,win,20150502_coe6,0,0,0,0,0.0,,,,0.0,,,2015,2014-15,Golden West,goldenwest,giannicastillotyhp,Gianni Castillo
May 8,home,Saddleback,W,6-3,6,3,3,win,20150508_556a,0,0,0,0,0.0,,,,0.0,,,2015,2014-15,Golden West,goldenwest,giannicastillotyhp,Gianni Castillo
May 9,home,Saddleback,L,2-0,2,0,2,win,20150509_n6k9,0,0,0,0,0.0,,,,0.0,,,2015,2014-15,Golden West,goldenwest,giannicastillotyhp,Gianni Castillo
May 10,home,Saddleback,L,8-7,8,7,1,win,20150510_p3td,0,0,0,0,0.0,,,,0.0,,,2015,2014-15,Golden West,goldenwest,giannicastillotyhp,Gianni Castillo
Jan 27,home,San Diego City,L,6-5,6,5,1,win,20150127_7jrj,0,0,0,0,0.0,,,,0.0,,,2015,2014-15,Chaffey,chaffey,jakeharrisonyig2,Jake Harrison
Jan 31,home,El Camino-Compton Center,W,4-1,4,1,3,win,20150131_luyq,0,0,0,0,0.0,,,,0.0,,,2015,2014-15,Chaffey,chaffey,jakeharrisonyig2,Jake Harrison
Feb 3,home,Saddleback,L,9-4,9,4,5,win,20150203_1sk5,0,0,0,0,0.0,,,,0.0,,,2015,2014-15,Chaffey,chaffey,jakeharrisonyig2,Jake Harrison
Feb 14,home,Grossmont,L,3-2,3,2,1,win,20150214_wgc2,0,0,0,0,0.0,,,,0.0,,,2015,2014-15,Chaffey,chaffey,jakeharrisonyig2,Jake Harrison
Feb 19,home,Saddleback,L,4-1,4,1,3,win,20150219_fjk5,0,0,0,0,0.0,,,,0.0,,,2015,2014-15,Chaffey,chaffey,jakeharrisonyig2,Jake Harrison
Feb 21,home,Cerro Coso,W,10-3,10,3,7,win,20150221_6902,0,0,0,0,0.0,,,,0.0,,,2015,2014-15,Chaffey,chaffey,jakeharrisonyig2,Jake Harrison
Feb 24,home,Victor Valley,W,2-1,2,1,1,win,20150224_qc2i,0,0,0,0,0.0,,,,0.0,,,2015,2014-15,Chaffey,chaffey,jakeharrisonyig2,Jake Harrison
Feb 26,home,Desert,L,5-1,5,1,4,win,20150226_ywbl,0,0,0,0,0.0,,,,0.0,,,2015,2014-15,Chaffey,chaffey,jakeharrisonyig2,Jake Harrison
Mar 3,home,Rio Hondo,W,8-5,8,5,3,win,20150303_3yps,0,0,0,0,0.0,,,,0.0,,,2015,2014-15,Chaffey,chaffey,jakeharrisonyig2,Jake Harrison
Mar 7,home,Barstow,L,6-4,6,4,2,win,20150307_vnjn,0,0,0,0,0.0,,,,0.0,,,2015,2014-15,Chaffey,chaffey,jakeharrisonyig2,Jake Harrison
Mar 14,home,Cerro Coso,W,11-3,11,3,8,win,20150314_zz1b,0,0,0,0,0.0,,,,0.0,,,2015,2014-15,Chaffey,chaffey,jakeharrisonyig2,Jake Harrison
Mar 17,home,Victor Valley,L,10-8,10,8,2,win,20150317_v07i,0,0,0,0,0.0,,,,0.0,,,2015,2014-15,Chaffey,chaffey,jakeharrisonyig2,Jake Harrison
Mar 19,home,Victor Valley,W,5-0,5,0,5,win,20150319_d5tm,0,0,0,0,0.0,,,,0.0,,,2015,2014-15,Chaffey,chaffey,jakeharrisonyig2,Jake Harrison
Mar 21,home,Victor Valley,W,9-8,9,8,1,win,20150321_qzbz,0,0,0,0,0.0,,,,0.0,,,2015,2014-15,Chaffey,chaffey,jakeharrisonyig2,Jake Harrison
Mar 24,home,Desert,W,9-8,9,8,1,win,20150324_n3u2,0,0,0,0,0.0,,,,0.0,,,2015,2014-15,Chaffey,chaffey,jakeharrisonyig2,Jake Harrison
Mar 26,home,Desert,W,7-3,7,3,4,win,20150326_yff8,0,0,0,0,0.0,,,,0.0,,,2015,2014-15,Chaffey,chaffey,jakeharrisonyig2,Jake Harrison
Mar 28,home,Desert,W,12-2,12,2,10,win,20150328_je2o,0,0,0,0,0.0,,,,0.0,,,2015,2014-15,Chaffey,chaffey,jakeharrisonyig2,Jake Harrison
Mar 30,home,Moorpark,L,4-3,4,3,1,win,20150330_b335,0,0,0,0,0.0,,,,0.0,,,2015,2014-15,Chaffey,chaffey,jakeharrisonyig2,Jake Harrison
Mar 31,home,Golden West,W,6-2,6,2,4,win,20150331_tymd,0,0,0,0,0.0,,,,0.0,,,2015,2014-15,Chaffey,chaffey,jakeharrisonyig2,Jake Harrison
Apr 2,home,Golden West,W,6-5,6,5,1,win,20150402_1ikn,0,0,0,0,0.0,,,,0.0,,,2015,2014-15,Chaffey,chaffey,jakeharrisonyig2,Jake Harrison
Apr 9,home,Rio Hondo,W,6-4,6,4,2,win,20150409_tfim,0,0,0,0,0.0,,,,0.0,,,2015,2014-15,Chaffey,chaffey,jakeharrisonyig2,Jake Harrison
Apr 11,home,Rio Hondo,W,6-1,6,1,5,win,20150411_rqp1,0,0,0,0,0.0,,,,0.0,,,2015,2014-15,Chaffey,chaffey,jakeharrisonyig2,Jake Harrison
Apr 14,home,San Bernardino,L,8-2,8,2,6,win,20150414_4vhc,0,0,0,0,0.0,,,,0.0,,,2015,2014-15,Chaffey,chaffey,jakeharrisonyig2,Jake Harrison
Apr 16,home,San Bernardino,W,6-2,6,2,4,win,20150416_uwx1,0,0,0,0,0.0,,,,0.0,,,2015,2014-15,Chaffey,chaffey,jakeharrisonyig2,Jake Harrison
Apr 18,home,San Bernardino,L,8-3,8,3,5,win,20150418_3kpp,0,0,0,0,0.0,,,,0.0,,,2015,2014-15,Chaffey,chaffey,jakeharrisonyig2,Jake Harrison
Apr 21,home,Barstow,W,5-1,5,1,4,win,20150421_yj77,0,0,0,0,0.0,,,,0.0,,,2015,2014-15,Chaffey,chaffey,jakeharrisonyig2,Jake Harrison
Apr 23,home,Barstow,L,7-4,7,4,3,win,20150423_h2cb,0,0,0,0,0.0,,,,0.0,,,2015,2014-15,Chaffey,chaffey,jakeharrisonyig2,Jake Harrison
Apr 24,home,Barstow,W,11-3,11,3,8,win,20150424_e4m8,0,0,0,0,0.0,,,,0.0,,,2015,2014-15,Chaffey,chaffey,jakeharrisonyig2,Jake Harrison
Jan 29,home,Ventura,W,8-1,8,1,7,win,20150129_2v4m,0,0,0,0,0.0,,,,0.0,,,2015,2014-15,San Diego Mesa,sandiegomesa,estebanlieraslat0,Esteban Lieras
Jan 31,home,Fullerton,L,8-4,8,4,4,win,20150131_sek0,0,0,0,0,0.0,,,,0.0,,,2015,2014-15,San Diego Mesa,sandiegomesa,estebanlieraslat0,Esteban Lieras
Feb 3,home,Desert,W,12-0,12,0,12,win,20150203_39m5,0,0,0,0,0.0,,,,0.0,,,2015,2014-15,San Diego Mesa,sandiegomesa,estebanlieraslat0,Esteban Lieras
Feb 5,home,Rio Hondo,L,13-3,13,3,10,win,20150205_qotk,0,0,0,0,0.0,,,,0.0,,,2015,2014-15,San Diego Mesa,sandiegomesa,estebanlieraslat0,Esteban Lieras
Feb 6,home,Allan Hancock,W,17-1,17,1,16,win,20150206_bitk,0,0,0,0,0.0,,,,0.0,,,2015,2014-15,San Diego Mesa,sandiegomesa,estebanlieraslat0,Esteban Lieras
Feb 7,home,Canyons,L,8-2,8,2,6,win,20150207_3tw9,0,0,0,0,0.0,,,,0.0,,,2015,2014-15,San Diego Mesa,sandiegomesa,estebanlieraslat0,Esteban Lieras
Feb 10,home,Rio Hondo,L,9-5,9,5,4,win,20150210_bufx,0,0,0,0,0.0,,,,0.0,,,2015,2014-15,San Diego Mesa,sandiegomesa,estebanlieraslat0,Esteban Lieras
Feb 12,home,Santa Ana,W,8-4,8,4,4,win,20150212_mfog,0,0,0,0,0.0,,,,0.0,,,2015,2014-15,San Diego Mesa,sandiegomesa,estebanlieraslat0,Esteban Lieras
Feb 17,home,Saddleback,L,6-2,6,2,4,win,20150217_x228,0,0,0,0,0.0,,,,0.0,,,2015,2014-15,San Diego Mesa,sandiegomesa,estebanlieraslat0,Esteban Lieras
Feb 19,home,Skyline,W,8-3,8,3,5,win,20150219_to8c,0,0,0,0,0.0,,,,0.0,,,2015,2014-15,San Diego Mesa,sandiegomesa,estebanlieraslat0,Esteban Lieras
Feb 20,home,Skyline,L,5-3,5,3,2,win,20150220_zggm,0,0,0,0,0.0,,,,0.0,,,2015,2014-15,San Diego Mesa,sandiegomesa,estebanlieraslat0,Esteban Lieras
Feb 21,home,Southwestern,L,7-2,7,2,5,win,20150221_z8al,0,0,0,0,0.0,,,,0.0,,,2015,2014-15,San Diego Mesa,sandiegomesa,estebanlieraslat0,Esteban Lieras
Feb 24,home,Mt. San Jacinto,W,18-13,18,13,5,win,20150224_5lq3,0,0,0,0,0.0,,,,0.0,,,2015,2014-15,San Diego Mesa,sandiegomesa,estebanlieraslat0,Esteban Lieras
Feb 26,home,San Diego City,L,4-3,4,3,1,win,20150226_n4yt,0,0,0,0,0.0,,,,0.0,,,2015,2014-15,San Diego Mesa,sandiegomesa,estebanlieraslat0,Esteban Lieras
Feb 27,home,Palomar,L,10-0,10,0,10,win,20150227_idxr,0,0,0,0,0.0,,,,0.0,,,2015,2014-15,San Diego Mesa,sandiegomesa,estebanlieraslat0,Esteban Lieras
Mar 3,home,Imperial Valley,W,4-3,4,3,1,win,20150303_izuy,0,0,0,0,0.0,,,,0.0,,,2015,2014-15,San Diego Mesa,sandiegomesa,estebanlieraslat0,Esteban Lieras
Mar 7,home,Grossmont,L,6-5,6,5,1,win,20150307_iy38,0,0,0,0,0.0,,,,0.0,,,2015,2014-15,San Diego Mesa,sandiegomesa,estebanlieraslat0,Esteban Lieras
Mar 10,home,Southwestern,L,3-1,3,1,2,win,20150310_2ioc,0,0,0,0,0.0,,,,0.0,,,2015,2014-15,San Diego Mesa,sandiegomesa,estebanlieraslat0,Esteban Lieras
Mar 12,home,Southwestern,W,10-6,10,6,4,win,20150312_ycrl,0,0,0,0,0.0,,,,0.0,,,2015,2014-15,San Diego Mesa,sandiegomesa,estebanlieraslat0,Esteban Lieras
Mar 14,home,Southwestern,W,7-4,7,4,3,win,20150314_6ebt,0,0,0,0,0.0,,,,0.0,,,2015,2014-15,San Diego Mesa,sandiegomesa,estebanlieraslat0,Esteban Lieras
Mar 17,home,Mt. San Jacinto,W,5-4,5,4,1,win,20150317_3sft,0,0,0,0,0.0,,,,0.0,,,2015,2014-15,San Diego Mesa,sandiegomesa,estebanlieraslat0,Esteban Lieras
Mar 19,home,Mt. San Jacinto,W,7-5,7,5,2,win,20150319_0wbi,0,0,0,0,0.0,,,,0.0,,,2015,2014-15,San Diego Mesa,sandiegomesa,estebanlieraslat0,Esteban Lieras
Mar 21,home,Mt. San Jacinto,L,3-2,3,2,1,win,20150321_mbkz,0,0,0,0,0.0,,,,0.0,,,2015,2014-15,San Diego Mesa,sandiegomesa,estebanlieraslat0,Esteban Lieras
Mar 24,home,San Diego City,W,14-8,14,8,6,win,20150324_s8je,0,0,0,0,0.0,,,,0.0,,,2015,2014-15,San Diego Mesa,sandiegomesa,estebanlieraslat0,Esteban Lieras
Mar 26,home,San Diego City,W,11-0,11,0,11,win,20150326_vbgu,0,0,0,0,0.0,,,,0.0,,,2015,2014-15,San Diego Mesa,sandiegomesa,estebanlieraslat0,Esteban Lieras
Mar 27,home,San Diego City,W,4-2,4,2,2,win,20150327_2fv8,0,0,0,0,0.0,,,,0.0,,,2015,2014-15,San Diego Mesa,sandiegomesa,estebanlieraslat0,Esteban Lieras
Mar 31,home,Palomar,W,6-5,6,5,1,win,20150331_a11s,0,0,0,0,0.0,,,,0.0,,,2015,2014-15,San Diego Mesa,sandiegomesa,estebanlieraslat0,Esteban Lieras
Apr 2,home,Palomar,L,5-4,5,4,1,win,20150402_39ub,0,0,0,0,0.0,,,,0.0,,,2015,2014-15,San Diego Mesa,sandiegomesa,estebanlieraslat0,Esteban Lieras
Apr 3,home,Palomar,L,12-2,12,2,10,win,20150403_c7y2,0,0,0,0,0.0,,,,0.0,,,2015,2014-15,San Diego Mesa,sandiegomesa,estebanlieraslat0,Esteban Lieras
Apr 7,home,Imperial Valley,L,8-6,8,6,2,win,20150407_j4ha,0,0,0,0,0.0,,,,0.0,,,2015,2014-15,San Diego Mesa,sandiegomesa,estebanlieraslat0,Esteban Lieras
Apr 9,home,Imperial Valley,W,20-4,20,4,16,win,20150409_69u6,0,0,0,0,0.0,,,,0.0,,,2015,2014-15,San Diego Mesa,sandiegomesa,estebanlieraslat0,Esteban Lieras
Apr 10,home,Imperial Valley,W,8-4,8,4,4,win,20150410_wb4a,0,0,0,0,0.0,,,,0.0,,,2015,2014-15,San Diego Mesa,sandiegomesa,estebanlieraslat0,Esteban Lieras
Apr 21,home,Grossmont,L,5-4,5,4,1,win,20150421_ubnm,0,0,0,0,0.0,,,,0.0,,,2015,2014-15,San Diego Mesa,sandiegomesa,estebanlieraslat0,Esteban Lieras
Apr 23,home,Grossmont,L,10-3,10,3,7,win,20150423_afub,0,0,0,0,0.0,,,,0.0,,,2015,2014-15,San Diego Mesa,sandiegomesa,estebanlieraslat0,Esteban Lieras
Apr 24,home,Grossmont,L,5-1,5,1,4,win,20150424_p8x8,0,0,0,0,0.0,,,,0.0,,,2015,2014-15,San Diego Mesa,sandiegomesa,estebanlieraslat0,Esteban Lieras
Feb 12,home,Yuba,W,10-1,10,1,9,win,20150212_tioz,0,0,0,0,0.0,,,,0.0,,,2015,2014-15,Feather River,featherriver,aaronwinterv27j,Aaron Winter
Feb 13,home,West Valley,W,12-1,12,1,11,win,20150213_p1z8,0,0,0,0,0.0,,,,0.0,,,2015,2014-15,Feather River,featherriver,aaronwinterv27j,Aaron Winter
Feb 14,home,Cabrillo,L,7-6,7,6,1,win,20150214_55y7,0,0,0,0,0.0,,,,0.0,,,2015,2014-15,Feather River,featherriver,aaronwinterv27j,Aaron Winter
Feb 26,home,Siskiyous,W,23-3,23,3,20,win,20150226_jplh,0,0,0,0,0.0,,,,0.0,,,2015,2014-15,Feather River,featherriver,aaronwinterv27j,Aaron Winter
Mar 14,home,Lassen,W,15-3,15,3,12,win,20150314_isp8,0,0,0,0,0.0,,,,0.0,,,2015,2014-15,Feather River,featherriver,aaronwinterv27j,Aaron Winter
Mar 28,home,Shasta,W,7-2,7,2,5,win,20150328_th3d,0,0,0,0,0.0,,,,0.0,,,2015,2014-15,Feather River,featherriver,aaronwinterv27j,Aaron Winter
Mar 28,home,Shasta,W,11-5,11,5,6,win,20150328_m805,0,0,0,0,0.0,,,,0.0,,,2015,2014-15,Feather River,featherriver,aaronwinterv27j,Aaron Winter
Apr 3,home,Siskiyous,W,9-0,9,0,9,win,20150403_iwlx,0,0,0,0,0.0,,,,0.0,,,2015,2014-15,Feather River,featherriver,aaronwinterv27j,Aaron Winter
Jan 29,home,Glendale,W,9-2,9,2,7,win,20150129_5bve,0,0,0,0,0.0,,,,0.0,,,2015,2014-15,Mt. San Antonio,mtsanantonio,edgarcabralvhfg,Edgar Cabral
Jan 30,home,Mt. San Jacinto,W,6-4,6,4,2,win,20150130_3x10,0,0,0,0,0.0,,,,0.0,,,2015,2014-15,Mt. San Antonio,mtsanantonio,edgarcabralvhfg,Edgar Cabral
Jan 31,home,Canyons,W,6-5,6,5,1,win,20150131_sqg3,0,0,0,0,0.0,,,,0.0,,,2015,2014-15,Mt. San Antonio,mtsanantonio,edgarcabralvhfg,Edgar Cabral
Feb 5,home,LA Pierce,L,12-11,12,11,1,win,20150205_1j5k,0,0,0,0,0.0,,,,0.0,,,2015,2014-15,Mt. San Antonio,mtsanantonio,edgarcabralvhfg,Edgar Cabral
Feb 7,home,Fullerton,L,6-5,6,5,1,win,20150207_8559,0,0,0,0,0.0,,,,0.0,,,2015,2014-15,Mt. San Antonio,mtsanantonio,edgarcabralvhfg,Edgar Cabral
Feb 10,home,Mt. San Jacinto,W,10-2,10,2,8,win,20150210_1xal,0,0,0,0,0.0,,,,0.0,,,2015,2014-15,Mt. San Antonio,mtsanantonio,edgarcabralvhfg,Edgar Cabral
Feb 12,home,Ventura,W,7-4,7,4,3,win,20150212_vx18,0,0,0,0,0.0,,,,0.0,,,2015,2014-15,Mt. San Antonio,mtsanantonio,edgarcabralvhfg,Edgar Cabral
Feb 17,home,Riverside,W,13-4,13,4,9,win,20150217_pmed,0,0,0,0,0.0,,,,0.0,,,2015,2014-15,Mt. San Antonio,mtsanantonio,edgarcabralvhfg,Edgar Cabral
Feb 18,home,Rio Hondo,W,7-0,7,0,7,win,20150218_ywqz,0,0,0,0,0.0,,,,0.0,,,2015,2014-15,Mt. San Antonio,mtsanantonio,edgarcabralvhfg,Edgar Cabral
Feb 21,home,Santa Ana,L,5-4,5,4,1,win,20150221_yaeg,0,0,0,0,0.0,,,,0.0,,,2015,2014-15,Mt. San Antonio,mtsanantonio,edgarcabralvhfg,Edgar Cabral
Feb 23,home,Fullerton,L,5-1,5,1,4,win,20150223_imq0,0,0,0,0,0.0,,,,0.0,,,2015,2014-15,Mt. San Antonio,mtsanantonio,edgarcabralvhfg,Edgar Cabral
Feb 24,home,Riverside,L,11-4,11,4,7,win,20150224_rv5x,0,0,0,0,0.0,,,,0.0,,,2015,2014-15,Mt. San Antonio,mtsanantonio,edgarcabralvhfg,Edgar Cabral
Mar 4,home,LA Harbor,L,7-2,7,2,5,win,20150304_4a7r,0,0,0,0,0.0,,,,0.0,,,2015,2014-15,Mt. San Antonio,mtsanantonio,edgarcabralvhfg,Edgar Cabral
Mar 5,home,LA Harbor,W,9-5,9,5,4,win,20150305_u2v9,0,0,0,0,0.0,,,,0.0,,,2015,2014-15,Mt. San Antonio,mtsanantonio,edgarcabralvhfg,Edgar Cabral
Mar 7,home,LA Harbor,W,7-4,7,4,3,win,20150307_gzqp,0,0,0,0,0.0,,,,0.0,,,2015,2014-15,Mt. San Antonio,mtsanantonio,edgarcabralvhfg,Edgar Cabral
Mar 10,home,Cerritos,W,4-1,4,1,3,win,20150310_6krv,0,0,0,0,0.0,,,,0.0,,,2015,2014-15,Mt. San Antonio,mtsanantonio,edgarcabralvhfg,Edgar Cabral
Mar 12,home,Cerritos,L,1-0,1,0,1,win,20150312_f5ok,0,0,0,0,0.0,,,,0.0,,,2015,2014-15,Mt. San Antonio,mtsanantonio,edgarcabralvhfg,Edgar Cabral
Mar 14,home,Cerritos,L,4-1,4,1,3,win,20150314_e09f,0,0,0,0,0.0,,,,0.0,,,2015,2014-15,Mt. San Antonio,mtsanantonio,edgarcabralvhfg,Edgar Cabral
Mar 17,home,East Los Angeles,L,3-2,3,2,1,win,20150317_z9g7,0,0,0,0,0.0,,,,0.0,,,2015,2014-15,Mt. San Antonio,mtsanantonio,edgarcabralvhfg,Edgar Cabral
Mar 19,home,East Los Angeles,W,12-4,12,4,8,win,20150319_f06b,0,0,0,0,0.0,,,,0.0,,,2015,2014-15,Mt. San Antonio,mtsanantonio,edgarcabralvhfg,Edgar Cabral
Mar 21,home,East Los Angeles,L,1-0,1,0,1,win,20150321_g55p,0,0,0,0,0.0,,,,0.0,,,2015,2014-15,Mt. San Antonio,mtsanantonio,edgarcabralvhfg,Edgar Cabral
Mar 24,home,El Camino,L,6-5,6,5,1,win,20150324_8nom,0,0,0,0,0.0,,,,0.0,,,2015,2014-15,Mt. San Antonio,mtsanantonio,edgarcabralvhfg,Edgar Cabral
Mar 26,home,El Camino,W,4-3,4,3,1,win,20150326_qgjm,0,0,0,0,0.0,,,,0.0,,,2015,2014-15,Mt. San Antonio,mtsanantonio,edgarcabralvhfg,Edgar Cabral
Mar 28,home,El Camino,L,6-1,6,1,5,win,20150328_d9ru,0,0,0,0,0.0,,,,0.0,,,2015,2014-15,Mt. San Antonio,mtsanantonio,edgarcabralvhfg,Edgar Cabral
Mar 31,home,Citrus,L,4-2,4,2,2,win,20150331_z0sv,0,0,0,0,0.0,,,,0.0,,,2015,2014-15,Mt. San Antonio,mtsanantonio,edgarcabralvhfg,Edgar Cabral
Apr 2,home,Citrus,W,4-3,4,3,1,win,20150402_19cl,0,0,0,0,0.0,,,,0.0,,,2015,2014-15,Mt. San Antonio,mtsanantonio,edgarcabralvhfg,Edgar Cabral
Apr 4,home,Santa Ana,W,5-1,5,1,4,win,20150404_7l0l,0,0,0,0,0.0,,,,0.0,,,2015,2014-15,Mt. San Antonio,mtsanantonio,edgarcabralvhfg,Edgar Cabral
Apr 7,home,Long Beach,L,5-2,5,2,3,win,20150407_wo0f,0,0,0,0,0.0,,,,0.0,,,2015,2014-15,Mt. San Antonio,mtsanantonio,edgarcabralvhfg,Edgar Cabral
Apr 9,home,Long Beach,L,1-0,1,0,1,win,20150409_wdo5,0,0,0,0,0.0,,,,0.0,,,2015,2014-15,Mt. San Antonio,mtsanantonio,edgarcabralvhfg,Edgar Cabral
Apr 11,home,Long Beach,W,10-8,10,8,2,win,20150411_jyee,0,0,0,0,0.0,,,,0.0,,,2015,2014-15,Mt. San Antonio,mtsanantonio,edgarcabralvhfg,Edgar Cabral
Apr 14,home,El Camino-Compton Center,W,10-6,10,6,4,win,20150414_tecz,0,0,0,0,0.0,,,,0.0,,,2015,2014-15,Mt. San Antonio,mtsanantonio,edgarcabralvhfg,Edgar Cabral
Apr 16,home,El Camino-Compton Center,W,7-3,7,3,4,win,20150416_7bjj,0,0,0,0,0.0,,,,0.0,,,2015,2014-15,Mt. San Antonio,mtsanantonio,edgarcabralvhfg,Edgar Cabral
Apr 18,home,El Camino-Compton Center,L,8-7,8,7,1,win,20150418_ndf8,0,0,0,0,0.0,,,,0.0,,,2015,2014-15,Mt. San Antonio,mtsanantonio,edgarcabralvhfg,Edgar Cabral
Apr 21,home,Pasadena,L,2-0,2,0,2,win,20150421_6z6p,0,0,0,0,0.0,,,,0.0,,,2015,2014-15,Mt. San Antonio,mtsanantonio,edgarcabralvhfg,Edgar Cabral
Apr 23,home,Pasadena,L,11-4,11,4,7,win,20150423_x1jh,0,0,0,0,0.0,,,,0.0,,,2015,2014-15,Mt. San Antonio,mtsanantonio,edgarcabralvhfg,Edgar Cabral
Apr 24,home,Pasadena,W,5-4,5,4,1,win,20150424_0lry,0,0,0,0,0.0,,,,0.0,,,2015,2014-15,Mt. San Antonio,mtsanantonio,edgarcabralvhfg,Edgar Cabral
Jan 29,home,Cuesta,W,6-1,6,1,5,win,20150129_gc0p,0,0,0,0,0.0,,,,0.0,,,2015,2014-15,Riverside,riverside,anthonyayala8mro,Anthony Ayala
Jan 30,home,Cuesta,W,4-2,4,2,2,win,20150130_ll7m,0,0,0,0,0.0,,,,0.0,,,2015,2014-15,Riverside,riverside,anthonyayala8mro,Anthony Ayala
Jan 31,home,Cuesta,W,4-3,4,3,1,win,20150131_35pp,0,0,0,0,0.0,,,,0.0,,,2015,2014-15,Riverside,riverside,anthonyayala8mro,Anthony Ayala
Feb 3,home,Mt. San Jacinto,W,9-6,9,6,3,win,20150203_1dd1,0,0,0,0,0.0,,,,0.0,,,2015,2014-15,Riverside,riverside,anthonyayala8mro,Anthony Ayala
Feb 6,home,East Los Angeles,W,4-3,4,3,1,win,20150206_9rbe,0,0,0,0,0.0,,,,0.0,,,2015,2014-15,Riverside,riverside,anthonyayala8mro,Anthony Ayala
Feb 7,home,East Los Angeles,W,9-2,9,2,7,win,20150207_tegn,0,0,0,0,0.0,,,,0.0,,,2015,2014-15,Riverside,riverside,anthonyayala8mro,Anthony Ayala
Feb 10,home,Desert,W,12-5,12,5,7,win,20150210_zvrb,0,0,0,0,0.0,,,,0.0,,,2015,2014-15,Riverside,riverside,anthonyayala8mro,Anthony Ayala
Feb 13,home,Western Nevada,W,8-1,8,1,7,win,20150213_1tmm,0,0,0,0,0.0,,,,0.0,,,2015,2014-15,Riverside,riverside,anthonyayala8mro,Anthony Ayala
Feb 14,home,Western Nevada,W,7-1,7,1,6,win,20150214_g58a,0,0,0,0,0.0,,,,0.0,,,2015,2014-15,Riverside,riverside,anthonyayala8mro,Anthony Ayala
Feb 15,home,Western Nevada,W,8-5,8,5,3,win,20150215_71lo,0,0,0,0,0.0,,,,0.0,,,2015,2014-15,Riverside,riverside,anthonyayala8mro,Anthony Ayala
Feb 17,home,Mt. San Antonio,L,13-4,13,4,9,win,20150217_pmed,0,0,0,0,0.0,,,,0.0,,,2015,2014-15,Riverside,riverside,anthonyayala8mro,Anthony Ayala
Feb 19,home,Mt. San Jacinto,W,9-8,9,8,1,win,20150219_z49w,0,0,0,0,0.0,,,,0.0,,,2015,2014-15,Riverside,riverside,anthonyayala8mro,Anthony Ayala
Feb 24,home,Mt. San Antonio,W,11-4,11,4,7,win,20150224_rv5x,0,0,0,0,0.0,,,,0.0,,,2015,2014-15,Riverside,riverside,anthonyayala8mro,Anthony Ayala
Feb 26,home,Orange Coast,L,4-3,4,3,1,win,20150226_tvw9,0,0,0,0,0.0,,,,0.0,,,2015,2014-15,Riverside,riverside,anthonyayala8mro,Anthony Ayala
Feb 28,home,Irvine Valley,L,4-1,4,1,3,win,20150228_i4t0,0,0,0,0,0.0,,,,0.0,,,2015,2014-15,Riverside,riverside,anthonyayala8mro,Anthony Ayala
Mar 3,home,Santa Ana,W,6-3,6,3,3,win,20150303_rhpf,0,0,0,0,0.0,,,,0.0,,,2015,2014-15,Riverside,riverside,anthonyayala8mro,Anthony Ayala
Mar 5,home,Saddleback,W,4-1,4,1,3,win,20150305_bpwy,0,0,0,0,0.0,,,,0.0,,,2015,2014-15,Riverside,riverside,anthonyayala8mro,Anthony Ayala
Mar 7,home,Cypress,L,8-3,8,3,5,win,20150307_nyul,0,0,0,0,0.0,,,,0.0,,,2015,2014-15,Riverside,riverside,anthonyayala8mro,Anthony Ayala
Mar 10,home,Fullerton,L,3-2,3,2,1,win,20150310_d493,0,0,0,0,0.0,,,,0.0,,,2015,2014-15,Riverside,riverside,anthonyayala8mro,Anthony Ayala
Mar 12,home,Golden West,W,13-0,13,0,13,win,20150312_ugk6,0,0,0,0,0.0,,,,0.0,,,2015,2014-15,Riverside,riverside,anthonyayala8mro,Anthony Ayala
Mar 17,home,Orange Coast,L,9-5,9,5,4,win,20150317_f5ng,0,0,0,0,0.0,,,,0.0,,,2015,2014-15,Riverside,riverside,anthonyayala8mro,Anthony Ayala
Mar 19,home,Orange Coast,L,5-0,5,0,5,win,20150319_etae,0,0,0,0,0.0,,,,0.0,,,2015,2014-15,Riverside,riverside,anthonyayala8mro,Anthony Ayala
Mar 21,home,Irvine Valley,W,5-0,5,0,5,win,20150321_3ztt,0,0,0,0,0.0,,,,0.0,,,2015,2014-15,Riverside,riverside,anthonyayala8mro,Anthony Ayala
Mar 24,home,Irvine Valley,L,9-4,9,4,5,win,20150324_gbrm,0,0,0,0,0.0,,,,0.0,,,2015,2014-15,Riverside,riverside,anthonyayala8mro,Anthony Ayala
Mar 26,home,Santa Ana,W,7-0,7,0,7,win,20150326_49o7,0,0,0,0,0.0,,,,0.0,,,2015,2014-15,Riverside,riverside,anthonyayala8mro,Anthony Ayala
Mar 27,home,Santa Ana,W,3-2,3,2,1,win,20150327_qblk,0,0,0,0,0.0,,,,0.0,,,2015,2014-15,Riverside,riverside,anthonyayala8mro,Anthony Ayala
Apr 1,home,Santa Barbara,L,5-2,5,2,3,win,20150401_ba1w,0,0,0,0,0.0,,,,0.0,,,2015,2014-15,Riverside,riverside,anthonyayala8mro,Anthony Ayala
Apr 2,home,Taft,L,4-3,4,3,1,win,20150402_gveg,0,0,0,0,0.0,,,,0.0,,,2015,2014-15,Riverside,riverside,anthonyayala8mro,Anthony Ayala
Apr 7,home,Saddleback,L,8-5,8,5,3,win,20150407_tn3k,0,0,0,0,0.0,,,,0.0,,,2015,2014-15,Riverside,riverside,anthonyayala8mro,Anthony Ayala
Apr 9,home,Saddleback,L,9-4,9,4,5,win,20150409_0f7n,0,0,0,0,0.0,,,,0.0,,,2015,2014-15,Riverside,riverside,anthonyayala8mro,Anthony Ayala
Apr 11,home,Cypress,W,9-2,9,2,7,win,20150411_36ur,0,0,0,0,0.0,,,,0.0,,,2015,2014-15,Riverside,riverside,anthonyayala8mro,Anthony Ayala
Apr 14,home,Cypress,L,8-7,8,7,1,win,20150414_x9aj,0,0,0,0,0.0,,,,0.0,,,2015,2014-15,Riverside,riverside,anthonyayala8mro,Anthony Ayala
Apr 16,home,Fullerton,W,9-3,9,3,6,win,20150416_238x,0,0,0,0,0.0,,,,0.0,,,2015,2014-15,Riverside,riverside,anthonyayala8mro,Anthony Ayala
Apr 17,home,Fullerton,W,5-2,5,2,3,win,20150417_8nxm,0,0,0,0,0.0,,,,0.0,,,2015,2014-15,Riverside,riverside,anthonyayala8mro,Anthony Ayala
Apr 21,home,Golden West,L,4-2,4,2,2,win,20150421_e3mk,0,0,0,0,0.0,,,,0.0,,,2015,2014-15,Riverside,riverside,anthonyayala8mro,Anthony Ayala
Apr 23,home,Golden West,L,5-1,5,1,4,win,20150423_giyt,0,0,0,0,0.0,,,,0.0,,,2015,2014-15,Riverside,riverside,anthonyayala8mro,Anthony Ayala
Apr 28,home,Cerritos,W,6-2,6,2,4,win,20150428_bbuq,0,0,0,0,0.0,,,,0.0,,,2015,2014-15,Riverside,riverside,anthonyayala8mro,Anthony Ayala
May 1,home,Palomar,L,7-3,7,3,4,win,20150501_6ln4,0,0,0,0,0.0,,,,0.0,,,2015,2014-15,Riverside,riverside,anthonyayala8mro,Anthony Ayala
May 2,home,Palomar,L,4-2,4,2,2,win,20150502_871a,0,0,0,0,0.0,,,,0.0,,,2015,2014-15,Riverside,riverside,anthonyayala8mro,Anthony Ayala
Jan 27,home,El Camino-Compton Center,W,8-1,8,1,7,win,20150127_p33k,0,0,0,0,0.0,,,,0.0,,,2015,2014-15,Santa Ana,santaana,tannernegretteig7g,Tanner Negrette
Jan 29,home,LA Valley,T,4-4,4,4,0,tie,20150129_eylj,0,0,0,0,0.0,,,,0.0,,,2015,2014-15,Santa Ana,santaana,tannernegretteig7g,Tanner Negrette
Jan 30,home,Desert,W,6-0,6,0,6,win,20150130_etxa,0,0,0,0,0.0,,,,0.0,,,2015,2014-15,Santa Ana,santaana,tannernegretteig7g,Tanner Negrette
Feb 3,home,LA Mission,W,9-1,9,1,8,win,20150203_7oz0,0,0,0,0,0.0,,,,0.0,,,2015,2014-15,Santa Ana,santaana,tannernegretteig7g,Tanner Negrette
Feb 5,home,Imperial Valley,W,18-7,18,7,11,win,20150205_gn8z,0,0,0,0,0.0,,,,0.0,,,2015,2014-15,Santa Ana,santaana,tannernegretteig7g,Tanner Negrette
Feb 7,home,Cerritos,L,2-0,2,0,2,win,20150207_ic3l,0,0,0,0,0.0,,,,0.0,,,2015,2014-15,Santa Ana,santaana,tannernegretteig7g,Tanner Negrette
Feb 10,home,Grossmont,W,11-10,11,10,1,win,20150210_llg1,0,0,0,0,0.0,,,,0.0,,,2015,2014-15,Santa Ana,santaana,tannernegretteig7g,Tanner Negrette
Feb 12,home,San Diego Mesa,L,8-4,8,4,4,win,20150212_mfog,0,0,0,0,0.0,,,,0.0,,,2015,2014-15,Santa Ana,santaana,tannernegretteig7g,Tanner Negrette
Feb 13,home,LA Mission,W,9-4,9,4,5,win,20150213_959c,0,0,0,0,0.0,,,,0.0,,,2015,2014-15,Santa Ana,santaana,tannernegretteig7g,Tanner Negrette
Feb 17,home,Cerritos,W,7-2,7,2,5,win,20150217_r7yr,0,0,0,0,0.0,,,,0.0,,,2015,2014-15,Santa Ana,santaana,tannernegretteig7g,Tanner Negrette
Feb 19,home,Glendale,L,9-8,9,8,1,win,20150219_feqd,0,0,0,0,0.0,,,,0.0,,,2015,2014-15,Santa Ana,santaana,tannernegretteig7g,Tanner Negrette
Feb 21,home,Mt. San Antonio,W,5-4,5,4,1,win,20150221_yaeg,0,0,0,0,0.0,,,,0.0,,,2015,2014-15,Santa Ana,santaana,tannernegretteig7g,Tanner Negrette
Feb 24,home,El Camino,W,10-7,10,7,3,win,20150224_qfov,0,0,0,0,0.0,,,,0.0,,,2015,2014-15,Santa Ana,santaana,tannernegretteig7g,Tanner Negrette
Feb 26,home,Saddleback,W,13-7,13,7,6,win,20150226_mrsl,0,0,0,0,0.0,,,,0.0,,,2015,2014-15,Santa Ana,santaana,tannernegretteig7g,Tanner Negrette
Feb 28,home,Orange Coast,W,9-7,9,7,2,win,20150228_1u8e,0,0,0,0,0.0,,,,0.0,,,2015,2014-15,Santa Ana,santaana,tannernegretteig7g,Tanner Negrette
Mar 3,home,Riverside,L,6-3,6,3,3,win,20150303_rhpf,0,0,0,0,0.0,,,,0.0,,,2015,2014-15,Santa Ana,santaana,tannernegretteig7g,Tanner Negrette
Mar 5,home,Fullerton,L,9-1,9,1,8,win,20150305_1g9i,0,0,0,0,0.0,,,,0.0,,,2015,2014-15,Santa Ana,santaana,tannernegretteig7g,Tanner Negrette
Mar 7,home,Golden West,L,9-3,9,3,6,win,20150307_4ikn,0,0,0,0,0.0,,,,0.0,,,2015,2014-15,Santa Ana,santaana,tannernegretteig7g,Tanner Negrette
Mar 10,home,Cypress,L,5-2,5,2,3,win,20150310_fxsq,0,0,0,0,0.0,,,,0.0,,,2015,2014-15,Santa Ana,santaana,tannernegretteig7g,Tanner Negrette
Mar 12,home,Irvine Valley,L,2-1,2,1,1,win,20150312_p1nw,0,0,0,0,0.0,,,,0.0,,,2015,2014-15,Santa Ana,santaana,tannernegretteig7g,Tanner Negrette
Mar 17,home,Saddleback,L,9-3,9,3,6,win,20150317_bdqc,0,0,0,0,0.0,,,,0.0,,,2015,2014-15,Santa Ana,santaana,tannernegretteig7g,Tanner Negrette
Mar 19,home,Saddleback,L,9-0,9,0,9,win,20150319_e1zw,0,0,0,0,0.0,,,,0.0,,,2015,2014-15,Santa Ana,santaana,tannernegretteig7g,Tanner Negrette
Mar 21,home,Orange Coast,L,9-3,9,3,6,win,20150321_wukx,0,0,0,0,0.0,,,,0.0,,,2015,2014-15,Santa Ana,santaana,tannernegretteig7g,Tanner Negrette
Mar 24,home,Orange Coast,L,6-1,6,1,5,win,20150324_4ykw,0,0,0,0,0.0,,,,0.0,,,2015,2014-15,Santa Ana,santaana,tannernegretteig7g,Tanner Negrette
Mar 26,home,Riverside,L,7-0,7,0,7,win,20150326_49o7,0,0,0,0,0.0,,,,0.0,,,2015,2014-15,Santa Ana,santaana,tannernegretteig7g,Tanner Negrette
Mar 27,home,Riverside,L,3-2,3,2,1,win,20150327_qblk,0,0,0,0,0.0,,,,0.0,,,2015,2014-15,Santa Ana,santaana,tannernegretteig7g,Tanner Negrette
Apr 2,home,LA Pierce,W,18-3,18,3,15,win,20150402_erm0,0,0,0,0,0.0,,,,0.0,,,2015,2014-15,Santa Ana,santaana,tannernegretteig7g,Tanner Negrette
Apr 7,home,Fullerton,L,4-1,4,1,3,win,20150407_pywy,0,0,0,0,0.0,,,,0.0,,,2015,2014-15,Santa Ana,santaana,tannernegretteig7g,Tanner Negrette
Apr 9,home,Fullerton,W,7-6,7,6,1,win,20150409_6irx,0,0,0,0,0.0,,,,0.0,,,2015,2014-15,Santa Ana,santaana,tannernegretteig7g,Tanner Negrette
Apr 14,home,Golden West,L,12-6,12,6,6,win,20150414_tvw9,0,0,0,0,0.0,,,,0.0,,,2015,2014-15,Santa Ana,santaana,tannernegretteig7g,Tanner Negrette
Apr 16,home,Cypress,L,12-1,12,1,11,win,20150416_j99p,0,0,0,0,0.0,,,,0.0,,,2015,2014-15,Santa Ana,santaana,tannernegretteig7g,Tanner Negrette
Apr 17,home,Cypress,W,18-5,18,5,13,win,20150417_rv4i,0,0,0,0,0.0,,,,0.0,,,2015,2014-15,Santa Ana,santaana,tannernegretteig7g,Tanner Negrette
Apr 21,home,Irvine Valley,L,4-2,4,2,2,win,20150421_69ap,0,0,0,0,0.0,,,,0.0,,,2015,2014-15,Santa Ana,santaana,tannernegretteig7g,Tanner Negrette
Apr 23,home,Irvine Valley,L,7-6,7,6,1,win,20150423_qkq2,0,0,0,0,0.0,,,,0.0,,,2015,2014-15,Santa Ana,santaana,tannernegretteig7g,Tanner Negrette
Feb 3,home,Moorpark,L,12-10,12,10,2,win,20150203_sppj,0,0,0,0,0.0,,,,0.0,,,2015,2014-15,East Los Angeles,eastlosangeles,jarrettsotolongorkub,Jarrett Sotolongo
Feb 7,home,Riverside,L,9-2,9,2,7,win,20150207_tegn,0,0,0,0,0.0,,,,0.0,,,2015,2014-15,East Los Angeles,eastlosangeles,jarrettsotolongorkub,Jarrett Sotolongo
Feb 10,home,Santa Barbara,L,4-1,4,1,3,win,20150210_hwnm,0,0,0,0,0.0,,,,0.0,,,2015,2014-15,East Los Angeles,eastlosangeles,jarrettsotolongorkub,Jarrett Sotolongo
Jan 27,home,Moorpark,L,3-0,3,0,3,win,20150127_0zl7,0,0,0,0,0.0,,,,0.0,,,2015,2014-15,Antelope Valley,antelopevalley,joshvane5vw,Josh Van
Jan 31,home,Pasadena,L,4-3,4,3,1,win,20150131_s3lk,0,0,0,0,0.0,,,,0.0,,,2015,2014-15,Antelope Valley,antelopevalley,joshvane5vw,Josh Van
Jan 31,home,Pasadena,L,5-0,5,0,5,win,20150131_54rn,0,0,0,0,0.0,,,,0.0,,,2015,2014-15,Antelope Valley,antelopevalley,joshvane5vw,Josh Van
Feb 3,home,Victor Valley,L,6-1,6,1,5,win,20150203_9cm9,0,0,0,0,0.0,,,,0.0,,,2015,2014-15,Antelope Valley,antelopevalley,joshvane5vw,Josh Van
Feb 7,home,Victor Valley,L,15-3,15,3,12,win,20150207_mtxs,0,0,0,0,0.0,,,,0.0,,,2015,2014-15,Antelope Valley,antelopevalley,joshvane5vw,Josh Van
Feb 12,home,Porterville,L,8-0,8,0,8,win,20150212_jm6v,0,0,0,0,0.0,,,,0.0,,,2015,2014-15,Antelope Valley,antelopevalley,joshvane5vw,Josh Van
Feb 14,home,Porterville,W,6-4,6,4,2,win,20150214_b26n,0,0,0,0,0.0,,,,0.0,,,2015,2014-15,Antelope Valley,antelopevalley,joshvane5vw,Josh Van
Mar 5,home,Glendale,L,7-3,7,3,4,win,20150305_asgg,0,0,0,0,0.0,,,,0.0,,,2015,2014-15,Antelope Valley,antelopevalley,joshvane5vw,Josh Van
Mar 7,home,Citrus,L,4-1,4,1,3,win,20150307_35c8,0,0,0,0,0.0,,,,0.0,,,2015,2014-15,Antelope Valley,antelopevalley,joshvane5vw,Josh Van
Mar 21,home,Canyons,W,10-9,10,9,1,win,20150321_ovnp,0,0,0,0,0.0,,,,0.0,,,2015,2014-15,Antelope Valley,antelopevalley,joshvane5vw,Josh Van
Mar 26,home,Glendale,L,14-2,14,2,12,win,20150326_7na7,0,0,0,0,0.0,,,,0.0,,,2015,2014-15,Antelope Valley,antelopevalley,joshvane5vw,Josh Van
Mar 27,home,Citrus,L,17-4,17,4,13,win,20150327_xncz,0,0,0,0,0.0,,,,0.0,,,2015,2014-15,Antelope Valley,antelopevalley,joshvane5vw,Josh Van
Apr 7,home,Citrus,L,5-4,5,4,1,win,20150407_qosg,0,0,0,0,0.0,,,,0.0,,,2015,2014-15,Antelope Valley,antelopevalley,joshvane5vw,Josh Van
Apr 11,home,Bakersfield,L,8-3,8,3,5,win,20150411_g455,0,0,0,0,0.0,,,,0.0,,,2015,2014-15,Antelope Valley,antelopevalley,joshvane5vw,Josh Van
Apr 21,home,West LA,W,9-4,9,4,5,win,20150421_u1a6,0,0,0,0,0.0,,,,0.0,,,2015,2014-15,Antelope Valley,antelopevalley,joshvane5vw,Josh Van
Jan 31,home,Laney,L,11-0,11,0,11,win,20150131_lmz0,0,0,0,0,0.0,,,,0.0,,,2015,2014-15,San Francisco,sanfrancisco,mikenazarxa1v,Mike Nazar
Feb 5,home,Contra Costa,W,2-1,2,1,1,win,20150205_mfsy,0,0,0,0,0.0,,,,0.0,,,2015,2014-15,San Francisco,sanfrancisco,mikenazarxa1v,Mike Nazar
Feb 12,home,Napa,L,4-3,4,3,1,win,20150212_6oi9,0,0,0,0,0.0,,,,0.0,,,2015,2014-15,San Francisco,sanfrancisco,mikenazarxa1v,Mike Nazar
Feb 13,home,Napa,L,10-4,10,4,6,win,20150213_xbtf,0,0,0,0,0.0,,,,0.0,,,2015,2014-15,San Francisco,sanfrancisco,mikenazarxa1v,Mike Nazar
Feb 13,home,Napa,L,2-0,2,0,2,win,20150213_lj6t,0,0,0,0,0.0,,,,0.0,,,2015,2014-15,San Francisco,sanfrancisco,mikenazarxa1v,Mike Nazar
Feb 19,home,Marin,T,2-2,2,2,0,tie,20150219_mg9d,0,0,0,0,0.0,,,,0.0,,,2015,2014-15,San Francisco,sanfrancisco,mikenazarxa1v,Mike Nazar
Feb 21,home,Gavilan,L,9-1,9,1,8,win,20150221_4r3t,0,0,0,0,0.0,,,,0.0,,,2015,2014-15,San Francisco,sanfrancisco,mikenazarxa1v,Mike Nazar
Feb 24,home,Mission,L,5-3,5,3,2,win,20150224_hnf2,0,0,0,0,0.0,,,,0.0,,,2015,2014-15,San Francisco,sanfrancisco,mikenazarxa1v,Mike Nazar
Feb 27,home,Skyline,L,2-1,2,1,1,win,20150227_n3oj,0,0,0,0,0.0,,,,0.0,,,2015,2014-15,San Francisco,sanfrancisco,mikenazarxa1v,Mike Nazar
Mar 10,home,Ohlone,L,7-1,7,1,6,win,20150310_d7yo,0,0,0,0,0.0,,,,0.0,,,2015,2014-15,San Francisco,sanfrancisco,mikenazarxa1v,Mike Nazar
Mar 13,home,San Mateo,L,9-0,9,0,9,win,20150313_iati,0,0,0,0,0.0,,,,0.0,,,2015,2014-15,San Francisco,sanfrancisco,mikenazarxa1v,Mike Nazar
Mar 24,home,Monterey,L,13-3,13,3,10,win,20150324_56qn,0,0,0,0,0.0,,,,0.0,,,2015,2014-15,San Francisco,sanfrancisco,mikenazarxa1v,Mike Nazar
Apr 2,home,San Mateo,L,8-0,8,0,8,win,20150402_f3zr,0,0,0,0,0.0,,,,0.0,,,2015,2014-15,San Francisco,sanfrancisco,mikenazarxa1v,Mike Nazar
Apr 7,home,Skyline,L,11-4,11,4,7,win,20150407_e81i,0,0,0,0,0.0,,,,0.0,,,2015,2014-15,San Francisco,sanfrancisco,mikenazarxa1v,Mike Nazar
Apr 9,home,Hartnell,W,5-2,5,2,3,win,20150409_ybhz,0,0,0,0,0.0,,,,0.0,,,2015,2014-15,San Francisco,sanfrancisco,mikenazarxa1v,Mike Nazar
Apr 16,home,West Valley,L,8-1,8,1,7,win,20150416_bcwi,0,0,0,0,0.0,,,,0.0,,,2015,2014-15,San Francisco,sanfrancisco,mikenazarxa1v,Mike Nazar
Apr 18,home,De Anza,L,7-0,7,0,7,win,20150418_k8kg,0,0,0,0,0.0,,,,0.0,,,2015,2014-15,San Francisco,sanfrancisco,mikenazarxa1v,Mike Nazar
Apr 23,home,Mission,L,3-2,3,2,1,win,20150423_uhyi,0,0,0,0,0.0,,,,0.0,,,2015,2014-15,San Francisco,sanfrancisco,mikenazarxa1v,Mike Nazar
Jan 27,home,Canada,L,4-2,4,2,2,win,20150127_fr1v,0,0,0,0,0.0,,,,0.0,,,2015,2014-15,Merced,merced,curtiskelloggbgkk,Curtis Kellogg
Jan 29,home,Mission,W,8-7,8,7,1,win,20150129_24r3,0,0,0,0,0.0,,,,0.0,,,2015,2014-15,Merced,merced,curtiskelloggbgkk,Curtis Kellogg
Jan 31,home,Diablo Valley,L,7-6,7,6,1,win,20150131_j4h5,0,0,0,0,0.0,,,,0.0,,,2015,2014-15,Merced,merced,curtiskelloggbgkk,Curtis Kellogg
Feb 3,home,Mission,W,15-11,15,11,4,win,20150203_0glv,0,0,0,0,0.0,,,,0.0,,,2015,2014-15,Merced,merced,curtiskelloggbgkk,Curtis Kellogg
Feb 5,home,Cosumnes River,W,8-5,8,5,3,win,20150205_flcy,0,0,0,0,0.0,,,,0.0,,,2015,2014-15,Merced,merced,curtiskelloggbgkk,Curtis Kellogg
Feb 6,home,Cosumnes River,W,2-0,2,0,2,win,20150206_tccg,0,0,0,0,0.0,,,,0.0,,,2015,2014-15,Merced,merced,curtiskelloggbgkk,Curtis Kellogg
Feb 12,home,Rio Hondo,L,7-5,7,5,2,win,20150212_yekh,0,0,0,0,0.0,,,,0.0,,,2015,2014-15,Merced,merced,curtiskelloggbgkk,Curtis Kellogg
Feb 13,home,Cypress,L,21-1,21,1,20,win,20150213_41z9,0,0,0,0,0.0,,,,0.0,,,2015,2014-15,Merced,merced,curtiskelloggbgkk,Curtis Kellogg
Feb 14,home,Cypress,W,13-12,13,12,1,win,20150214_7zuj,0,0,0,0,0.0,,,,0.0,,,2015,2014-15,Merced,merced,curtiskelloggbgkk,Curtis Kellogg
Feb 17,home,Porterville,W,15-3,15,3,12,win,20150217_6nve,0,0,0,0,0.0,,,,0.0,,,2015,2014-15,Merced,merced,curtiskelloggbgkk,Curtis Kellogg
Feb 19,home,Porterville,W,9-0,9,0,9,win,20150219_r028,0,0,0,0,0.0,,,,0.0,,,2015,2014-15,Merced,merced,curtiskelloggbgkk,Curtis Kellogg
Feb 21,home,Porterville,W,6-1,6,1,5,win,20150221_tmn5,0,0,0,0,0.0,,,,0.0,,,2015,2014-15,Merced,merced,curtiskelloggbgkk,Curtis Kellogg
Feb 24,home,Sequoias,L,5-1,5,1,4,win,20150224_k05o,0,0,0,0,0.0,,,,0.0,,,2015,2014-15,Merced,merced,curtiskelloggbgkk,Curtis Kellogg
Feb 26,home,Sequoias,W,10-2,10,2,8,win,20150226_62m4,0,0,0,0,0.0,,,,0.0,,,2015,2014-15,Merced,merced,curtiskelloggbgkk,Curtis Kellogg
Feb 28,home,Sequoias,W,6-3,6,3,3,win,20150228_zq86,0,0,0,0,0.0,,,,0.0,,,2015,2014-15,Merced,merced,curtiskelloggbgkk,Curtis Kellogg
Mar 3,home,Reedley,L,5-4,5,4,1,win,20150303_m2nz,0,0,0,0,0.0,,,,0.0,,,2015,2014-15,Merced,merced,curtiskelloggbgkk,Curtis Kellogg
Mar 5,home,Reedley,W,4-3,4,3,1,win,20150305_ucfq,0,0,0,0,0.0,,,,0.0,,,2015,2014-15,Merced,merced,curtiskelloggbgkk,Curtis Kellogg
Mar 7,home,Reedley,W,8-7,8,7,1,win,20150307_sx3l,0,0,0,0,0.0,,,,0.0,,,2015,2014-15,Merced,merced,curtiskelloggbgkk,Curtis Kellogg
Mar 10,home,West Hills Coalinga,W,6-1,6,1,5,win,20150310_qdc1,0,0,0,0,0.0,,,,0.0,,,2015,2014-15,Merced,merced,curtiskelloggbgkk,Curtis Kellogg
Mar 12,home,West Hills Coalinga,L,4-2,4,2,2,win,20150312_86nt,0,0,0,0,0.0,,,,0.0,,,2015,2014-15,Merced,merced,curtiskelloggbgkk,Curtis Kellogg
Mar 14,home,West Hills Coalinga,W,10-5,10,5,5,win,20150314_qspz,0,0,0,0,0.0,,,,0.0,,,2015,2014-15,Merced,merced,curtiskelloggbgkk,Curtis Kellogg
May 1,home,San Mateo,L,12-3,12,3,9,win,20150501_htjj,0,0,0,0,0.0,,,,0.0,,,2015,2014-15,Merced,merced,curtiskelloggbgkk,Curtis Kellogg
May 2,home,San Mateo,L,6-1,6,1,5,win,20150502_kdgf,0,0,0,0,0.0,,,,0.0,,,2015,2014-15,Merced,merced,curtiskelloggbgkk,Curtis Kellogg
Jan 30,home,Fresno City,W,3-1,3,1,2,win,20150130_adfq,0,0,0,0,0.0,,,,0.0,,,2015,2014-15,Sacramento City,sacramentocity,austinspainhourrdm1,Austin Spainhour
Jan 31,home,Fresno City,L,10-7,10,7,3,win,20150131_229k,0,0,0,0,0.0,,,,0.0,,,2015,2014-15,Sacramento City,sacramentocity,austinspainhourrdm1,Austin Spainhour
Feb 3,home,Chabot,L,10-2,10,2,8,win,20150203_pcua,0,0,0,0,0.0,,,,0.0,,,2015,2014-15,Sacramento City,sacramentocity,austinspainhourrdm1,Austin Spainhour
Feb 9,home,Chabot,L,7-6,7,6,1,win,20150209_0nm1,0,0,0,0,0.0,,,,0.0,,,2015,2014-15,Sacramento City,sacramentocity,austinspainhourrdm1,Austin Spainhour
Feb 13,home,Canada,W,3-2,3,2,1,win,20150213_wcqi,0,0,0,0,0.0,,,,0.0,,,2015,2014-15,Sacramento City,sacramentocity,austinspainhourrdm1,Austin Spainhour
Feb 20,home,Butte,W,4-2,4,2,2,win,20150220_a6gb,0,0,0,0,0.0,,,,0.0,,,2015,2014-15,Sacramento City,sacramentocity,austinspainhourrdm1,Austin Spainhour
Feb 26,home,Santa Rosa,W,1-0,1,0,1,win,20150226_vn36,0,0,0,0,0.0,,,,0.0,,,2015,2014-15,Sacramento City,sacramentocity,austinspainhourrdm1,Austin Spainhour
Mar 3,home,Diablo Valley,W,14-4,14,4,10,win,20150303_f5ch,0,0,0,0,0.0,,,,0.0,,,2015,2014-15,Sacramento City,sacramentocity,austinspainhourrdm1,Austin Spainhour
Mar 7,home,Modesto,L,6-5,6,5,1,win,20150307_fuom,0,0,0,0,0.0,,,,0.0,,,2015,2014-15,Sacramento City,sacramentocity,austinspainhourrdm1,Austin Spainhour
Mar 10,home,American River,L,2-1,2,1,1,win,20150310_dmfn,0,0,0,0,0.0,,,,0.0,,,2015,2014-15,Sacramento City,sacramentocity,austinspainhourrdm1,Austin Spainhour
Mar 12,home,American River,L,12-1,12,1,11,win,20150312_u2ru,0,0,0,0,0.0,,,,0.0,,,2015,2014-15,Sacramento City,sacramentocity,austinspainhourrdm1,Austin Spainhour
Mar 14,home,American River,W,13-5,13,5,8,win,20150314_ts1b,0,0,0,0,0.0,,,,0.0,,,2015,2014-15,Sacramento City,sacramentocity,austinspainhourrdm1,Austin Spainhour
Mar 17,home,Santa Rosa,L,6-3,6,3,3,win,20150317_5syx,0,0,0,0,0.0,,,,0.0,,,2015,2014-15,Sacramento City,sacramentocity,austinspainhourrdm1,Austin Spainhour
Mar 19,home,Santa Rosa,L,9-6,9,6,3,win,20150319_05qc,0,0,0,0,0.0,,,,0.0,,,2015,2014-15,Sacramento City,sacramentocity,austinspainhourrdm1,Austin Spainhour
Mar 24,home,Sierra,W,6-5,6,5,1,win,20150324_xeyz,0,0,0,0,0.0,,,,0.0,,,2015,2014-15,Sacramento City,sacramentocity,austinspainhourrdm1,Austin Spainhour
Mar 26,home,Sierra,L,2-1,2,1,1,win,20150326_ivv6,0,0,0,0,0.0,,,,0.0,,,2015,2014-15,Sacramento City,sacramentocity,austinspainhourrdm1,Austin Spainhour
Mar 28,home,Sierra,L,5-4,5,4,1,win,20150328_wk3h,0,0,0,0,0.0,,,,0.0,,,2015,2014-15,Sacramento City,sacramentocity,austinspainhourrdm1,Austin Spainhour
Mar 31,home,Diablo Valley,W,4-1,4,1,3,win,20150331_971e,0,0,0,0,0.0,,,,0.0,,,2015,2014-15,Sacramento City,sacramentocity,austinspainhourrdm1,Austin Spainhour
Apr 2,home,Diablo Valley,W,6-4,6,4,2,win,20150402_0uvv,0,0,0,0,0.0,,,,0.0,,,2015,2014-15,Sacramento City,sacramentocity,austinspainhourrdm1,Austin Spainhour
Apr 4,home,Diablo Valley,W,10-6,10,6,4,win,20150404_9hqa,0,0,0,0,0.0,,,,0.0,,,2015,2014-15,Sacramento City,sacramentocity,austinspainhourrdm1,Austin Spainhour
Apr 8,home,San Joaquin  Delta,L,2-1,2,1,1,win,20150408_vtcy,0,0,0,0,0.0,,,,0.0,,,2015,2014-15,Sacramento City,sacramentocity,austinspainhourrdm1,Austin Spainhour
Apr 9,home,San Joaquin  Delta,L,7-1,7,1,6,win,20150409_0xv5,0,0,0,0,0.0,,,,0.0,,,2015,2014-15,Sacramento City,sacramentocity,austinspainhourrdm1,Austin Spainhour
Apr 11,home,San Joaquin  Delta,W,7-5,7,5,2,win,20150411_s9wt,0,0,0,0,0.0,,,,0.0,,,2015,2014-15,Sacramento City,sacramentocity,austinspainhourrdm1,Austin Spainhour
Apr 14,home,Cosumnes River,L,12-8,12,8,4,win,20150414_w65g,0,0,0,0,0.0,,,,0.0,,,2015,2014-15,Sacramento City,sacramentocity,austinspainhourrdm1,Austin Spainhour
Apr 16,home,Cosumnes River,L,9-4,9,4,5,win,20150416_cs65,0,0,0,0,0.0,,,,0.0,,,2015,2014-15,Sacramento City,sacramentocity,austinspainhourrdm1,Austin Spainhour
Apr 17,home,Cosumnes River,L,8-7,8,7,1,win,20150417_r2jt,0,0,0,0,0.0,,,,0.0,,,2015,2014-15,Sacramento City,sacramentocity,austinspainhourrdm1,Austin Spainhour
Apr 21,home,Modesto,W,6-0,6,0,6,win,20150421_t32i,0,0,0,0,0.0,,,,0.0,,,2015,2014-15,Sacramento City,sacramentocity,austinspainhourrdm1,Austin Spainhour
Apr 24,home,Modesto,W,7-4,7,4,3,win,20150424_cyky,0,0,0,0,0.0,,,,0.0,,,2015,2014-15,Sacramento City,sacramentocity,austinspainhourrdm1,Austin Spainhour
Jan 31,home,Antelope Valley,W,5-0,5,0,5,win,20150131_54rn,0,1,0,0,1.2,,,,0.0,3.0,,2015,2014-15,Pasadena,pasadena,anthonymizrahid1zk,Anthony Mizrahi
Feb 7,home,West LA,W,5-3,5,3,2,win,20150207_0ald,0,0,0,0,0.0,,,,0.0,,,2015,2014-15,Pasadena,pasadena,anthonymizrahid1zk,Anthony Mizrahi
Feb 13,home,LA Valley,L,11-2,11,2,9,win,20150213_qzk7,0,0,0,0,1.0,0.0,0.0,0.0,0.0,0.0,1.0,2015,2014-15,Pasadena,pasadena,anthonymizrahid1zk,Anthony Mizrahi
Feb 14,home,Rio Hondo,L,9-4,9,4,5,win,20150214_hg0z,0,0,0,0,0.0,,,,0.0,,,2015,2014-15,Pasadena,pasadena,anthonymizrahid1zk,Anthony Mizrahi
Feb 20,home,Ventura,L,2-1,2,1,1,win,20150220_x4sf,0,0,0,0,1.0,,,,0.0,,1.0,2015,2014-15,Pasadena,pasadena,anthonymizrahid1zk,Anthony Mizrahi
Feb 28,home,West LA,L,8-3,8,3,5,win,20150228_pw47,0,0,1,0,0.0,0.0,5.0,3.0,inf,4.0,0.0,2015,2014-15,Pasadena,pasadena,anthonymizrahid1zk,Anthony Mizrahi
Mar 7,home,Cerritos,L,5-0,5,0,5,win,20150307_w3ax,0,0,0,0,1.0,2.0,1.0,0.0,0.0,0.0,3.0,2015,2014-15,Pasadena,pasadena,anthonymizrahid1zk,Anthony Mizrahi
Mar 10,home,East Los Angeles,W,8-7,8,7,1,win,20150310_18as,0,0,0,0,2.0,1.0,0.0,0.0,0.0,1.0,2.0,2015,2014-15,Pasadena,pasadena,anthonymizrahid1zk,Anthony Mizrahi
Mar 12,home,East Los Angeles,W,5-4,5,4,1,win,20150312_trzc,0,1,0,0,3.0,0.0,0.0,0.0,0.0,0.0,2.0,2015,2014-15,Pasadena,pasadena,anthonymizrahid1zk,Anthony Mizrahi
Mar 14,home,East Los Angeles,L,14-0,14,0,14,win,20150314_ei8a,0,0,0,0,0.0,,,,0.0,,,2015,2014-15,Pasadena,pasadena,anthonymizrahid1zk,Anthony Mizrahi
Mar 19,home,El Camino,L,10-2,10,2,8,win,20150319_p5xk,0,0,0,0,1.1,8.0,7.0,7.0,47.25,,,2015,2014-15,Pasadena,pasadena,anthonymizrahid1zk,Anthony Mizrahi
Mar 24,home,LA Harbor,W,11-3,11,3,8,win,20150324_umtk,0,0,0,0,2.0,1.0,,,0.0,2.0,4.0,2015,2014-15,Pasadena,pasadena,anthonymizrahid1zk,Anthony Mizrahi
Mar 26,home,LA Harbor,W,11-6,11,6,5,win,20150326_gxt4,0,0,0,0,1.0,,,,0.0,2.0,1.0,2015,2014-15,Pasadena,pasadena,anthonymizrahid1zk,Anthony Mizrahi
Apr 2,home,Ventura,L,8-5,8,5,3,win,20150402_2idy,0,0,0,0,1.2,1.0,,,0.0,1.0,1.0,2015,2014-15,Pasadena,pasadena,anthonymizrahid1zk,Anthony Mizrahi
Apr 7,home,El Camino-Compton Center,W,4-3,4,3,1,win,20150407_bw1b,0,0,0,1,2.0,1.0,,,0.0,1.0,2.0,2015,2014-15,Pasadena,pasadena,anthonymizrahid1zk,Anthony Mizrahi
Apr 9,home,El Camino-Compton Center,L,6-5,6,5,1,win,20150409_e6x4,0,0,0,0,2.1,3.0,1.0,1.0,3.86,2.0,,2015,2014-15,Pasadena,pasadena,anthonymizrahid1zk,Anthony Mizrahi
Apr 16,home,Long Beach,L,2-0,2,0,2,win,20150416_6ept,0,0,0,0,1.0,1.0,1.0,1.0,9.0,,1.0,2015,2014-15,Pasadena,pasadena,anthonymizrahid1zk,Anthony Mizrahi
Apr 23,home,Mt. San Antonio,W,11-4,11,4,7,win,20150423_x1jh,0,0,0,1,3.0,2.0,,,0.0,,2.0,2015,2014-15,Pasadena,pasadena,anthonymizrahid1zk,Anthony Mizrahi
Jan 31,home,West Valley,L,19-11,19,11,8,win,20150131_b3g7,0,0,0,0,0.0,,,,0.0,,,2015,2014-15,American River,americanriver,jamesboitanog752,James Boitano
Feb 4,home,Shasta,W,9-1,9,1,8,win,20150204_f3vd,0,0,0,0,0.0,,,,0.0,,,2015,2014-15,American River,americanriver,jamesboitanog752,James Boitano
Feb 5,home,Feather River,L,9-3,9,3,6,win,20150205_psel,0,0,0,0,0.0,,,,0.0,,,2015,2014-15,American River,americanriver,jamesboitanog752,James Boitano
Feb 10,home,Solano,W,7-4,7,4,3,win,20150210_9wuy,0,0,0,0,0.0,,,,0.0,,,2015,2014-15,American River,americanriver,jamesboitanog752,James Boitano
Feb 13,home,Hartnell,L,10-6,10,6,4,win,20150213_1e5c,0,0,0,0,0.0,,,,0.0,,,2015,2014-15,American River,americanriver,jamesboitanog752,James Boitano
Feb 17,home,Mission,W,10-0,10,0,10,win,20150217_ngr8,0,0,0,0,0.0,,,,0.0,,,2015,2014-15,American River,americanriver,jamesboitanog752,James Boitano
Feb 18,home,Shasta,W,17-6,17,6,11,win,20150218_ppf0,0,0,0,0,0.0,,,,0.0,,,2015,2014-15,American River,americanriver,jamesboitanog752,James Boitano
Feb 21,home,Laney,W,10-4,10,4,6,win,20150221_z3ln,0,0,0,0,0.0,,,,0.0,,,2015,2014-15,American River,americanriver,jamesboitanog752,James Boitano
Feb 24,home,Solano,W,9-7,9,7,2,win,20150224_736l,0,0,0,0,0.0,,,,0.0,,,2015,2014-15,American River,americanriver,jamesboitanog752,James Boitano
Mar 5,home,Cosumnes River,L,8-2,8,2,6,win,20150305_ud0a,0,0,0,0,0.0,,,,0.0,,,2015,2014-15,American River,americanriver,jamesboitanog752,James Boitano
Mar 12,home,Sacramento City,W,12-1,12,1,11,win,20150312_u2ru,0,0,0,0,0.0,,,,0.0,,,2015,2014-15,American River,americanriver,jamesboitanog752,James Boitano
Mar 14,home,Sacramento City,L,13-5,13,5,8,win,20150314_ts1b,0,0,0,0,0.0,,,,0.0,,,2015,2014-15,American River,americanriver,jamesboitanog752,James Boitano
Mar 17,home,San Joaquin  Delta,L,8-5,8,5,3,win,20150317_rkw8,0,0,0,0,0.0,,,,0.0,,,2015,2014-15,American River,americanriver,jamesboitanog752,James Boitano
Mar 19,home,San Joaquin  Delta,L,10-1,10,1,9,win,20150319_c7n5,0,0,0,0,0.0,,,,0.0,,,2015,2014-15,American River,americanriver,jamesboitanog752,James Boitano
Mar 21,home,San Joaquin  Delta,L,5-4,5,4,1,win,20150321_vecm,0,0,0,0,0.0,,,,0.0,,,2015,2014-15,American River,americanriver,jamesboitanog752,James Boitano
Mar 24,home,Cosumnes River,L,10-4,10,4,6,win,20150324_eunl,0,0,0,0,0.0,,,,0.0,,,2015,2014-15,American River,americanriver,jamesboitanog752,James Boitano
Mar 26,home,Cosumnes River,L,10-3,10,3,7,win,20150326_faul,0,0,0,0,0.0,,,,0.0,,,2015,2014-15,American River,americanriver,jamesboitanog752,James Boitano
Mar 28,home,Cosumnes River,L,3-2,3,2,1,win,20150328_zf98,0,0,0,0,0.0,,,,0.0,,,2015,2014-15,American River,americanriver,jamesboitanog752,James Boitano
Apr 8,home,Santa Rosa,L,8-2,8,2,6,win,20150408_ufu5,0,0,0,0,0.0,,,,0.0,,,2015,2014-15,American River,americanriver,jamesboitanog752,James Boitano
Apr 9,home,Santa Rosa,L,10-3,10,3,7,win,20150409_4tkk,0,0,0,0,0.0,,,,0.0,,,2015,2014-15,American River,americanriver,jamesboitanog752,James Boitano
Apr 11,home,Santa Rosa,W,3-1,3,1,2,win,20150411_krin,0,0,0,0,0.0,,,,0.0,,,2015,2014-15,American River,americanriver,jamesboitanog752,James Boitano
Apr 14,home,Sierra,W,4-2,4,2,2,win,20150414_3erk,0,0,0,0,0.0,,,,0.0,,,2015,2014-15,American River,americanriver,jamesboitanog752,James Boitano
Apr 21,home,Diablo Valley,W,4-1,4,1,3,win,20150421_s4y3,0,0,0,0,0.0,,,,0.0,,,2015,2014-15,American River,americanriver,jamesboitanog752,James Boitano
Apr 24,home,Diablo Valley,W,9-8,9,8,1,win,20150424_ww5s,0,0,0,0,0.0,,,,0.0,,,2015,2014-15,American River,americanriver,jamesboitanog752,James Boitano
Jan 31,home,Diablo Valley,L,7-6,7,6,1,win,20150131_j4h5,0,0,0,0,0.0,,,,0.0,,,2015,2014-15,Merced,merced,brandoncuriel5soy,Brandon Curiel
Feb 5,home,Cosumnes River,W,8-5,8,5,3,win,20150205_flcy,0,0,0,0,0.0,,,,0.0,,,2015,2014-15,Merced,merced,brandoncuriel5soy,Brandon Curiel
Feb 13,home,Cypress,L,21-1,21,1,20,win,20150213_41z9,0,0,0,0,0.0,,,,0.0,,,2015,2014-15,Merced,merced,brandoncuriel5soy,Brandon Curiel
Feb 14,home,Cypress,W,13-12,13,12,1,win,20150214_7zuj,0,0,0,0,0.0,,,,0.0,,,2015,2014-15,Merced,merced,brandoncuriel5soy,Brandon Curiel
Feb 17,home,Porterville,W,15-3,15,3,12,win,20150217_6nve,0,0,0,0,0.0,,,,0.0,,,2015,2014-15,Merced,merced,brandoncuriel5soy,Brandon Curiel
Feb 19,home,Porterville,W,9-0,9,0,9,win,20150219_r028,0,0,0,0,0.0,,,,0.0,,,2015,2014-15,Merced,merced,brandoncuriel5soy,Brandon Curiel
Mar 14,home,West Hills Coalinga,W,10-5,10,5,5,win,20150314_qspz,0,0,0,0,0.0,,,,0.0,,,2015,2014-15,Merced,merced,brandoncuriel5soy,Brandon Curiel
Mar 17,home,Fresno City,L,9-0,9,0,9,win,20150317_zalv,0,0,0,0,0.0,,,,0.0,,,2015,2014-15,Merced,merced,brandoncuriel5soy,Brandon Curiel
Mar 21,home,Fresno City,L,13-4,13,4,9,win,20150321_qd6h,0,0,0,0,0.0,,,,0.0,,,2015,2014-15,Merced,merced,brandoncuriel5soy,Brandon Curiel
Mar 31,home,Canyons,W,17-5,17,5,12,win,20150331_2fb9,0,0,0,0,0.0,,,,0.0,,,2015,2014-15,Merced,merced,brandoncuriel5soy,Brandon Curiel
Apr 1,home,Cerritos,L,10-1,10,1,9,win,20150401_hd07,0,0,0,0,0.0,,,,0.0,,,2015,2014-15,Merced,merced,brandoncuriel5soy,Brandon Curiel
Apr 16,home,Taft,W,13-3,13,3,10,win,20150416_jt8o,0,0,0,0,0.0,,,,0.0,,,2015,2014-15,Merced,merced,brandoncuriel5soy,Brandon Curiel
Apr 21,home,West Hills Coalinga,W,19-4,19,4,15,win,20150421_jeli,0,0,0,0,0.0,,,,0.0,,,2015,2014-15,Merced,merced,brandoncuriel5soy,Brandon Curiel
Apr 23,home,Sequoias,W,5-4,5,4,1,win,20150423_n60a,0,0,0,0,0.0,,,,0.0,,,2015,2014-15,Merced,merced,brandoncuriel5soy,Brandon Curiel
Apr 24,home,Fresno City,L,14-4,14,4,10,win,20150424_3jm4,0,0,0,0,0.0,,,,0.0,,,2015,2014-15,Merced,merced,brandoncuriel5soy,Brandon Curiel
Jan 29,home,West Hills Coalinga,L,11-10,11,10,1,win,20150129_xu1d,0,0,0,0,0.0,,,,0.0,,,2015,2014-15,Siskiyous,siskiyous,salvadoralvarado2tn3,Salvador Alvarado
Jan 30,home,West Hills Coalinga,W,15-7,15,7,8,win,20150130_9r5h,0,0,0,0,0.0,,,,0.0,,,2015,2014-15,Siskiyous,siskiyous,salvadoralvarado2tn3,Salvador Alvarado
Feb 6,home,Folsom Lake,L,9-6,9,6,3,win,20150206_d87l,0,0,0,0,0.0,,,,0.0,,,2015,2014-15,Siskiyous,siskiyous,salvadoralvarado2tn3,Salvador Alvarado
Feb 14,home,Ohlone,L,3-1,3,1,2,win,20150214_fzu3,0,0,0,0,0.0,,,,0.0,,,2015,2014-15,Siskiyous,siskiyous,salvadoralvarado2tn3,Salvador Alvarado
Feb 19,home,Mendocino,L,5-4,5,4,1,win,20150219_9awr,0,0,0,0,0.0,,,,0.0,,,2015,2014-15,Siskiyous,siskiyous,salvadoralvarado2tn3,Salvador Alvarado
Feb 20,home,Mendocino,W,8-4,8,4,4,win,20150220_k8wj,0,0,0,0,0.0,,,,0.0,,,2015,2014-15,Siskiyous,siskiyous,salvadoralvarado2tn3,Salvador Alvarado
Feb 26,home,Feather River,L,23-3,23,3,20,win,20150226_jplh,0,0,0,0,0.0,,,,0.0,,,2015,2014-15,Siskiyous,siskiyous,salvadoralvarado2tn3,Salvador Alvarado
Mar 7,home,Shasta,W,5-4,5,4,1,win,20150307_0ebw,0,0,0,0,0.0,,,,0.0,,,2015,2014-15,Siskiyous,siskiyous,salvadoralvarado2tn3,Salvador Alvarado
Mar 13,home,Redwoods,W,3-0,3,0,3,win,20150313_2qyk,0,0,0,0,0.0,,,,0.0,,,2015,2014-15,Siskiyous,siskiyous,salvadoralvarado2tn3,Salvador Alvarado
Mar 21,home,Lassen,L,15-6,15,6,9,win,20150321_fg3m,0,0,0,0,0.0,,,,0.0,,,2015,2014-15,Siskiyous,siskiyous,salvadoralvarado2tn3,Salvador Alvarado
Mar 26,home,Butte,L,21-8,21,8,13,win,20150326_7s2i,0,0,0,0,0.0,,,,0.0,,,2015,2014-15,Siskiyous,siskiyous,salvadoralvarado2tn3,Salvador Alvarado
Mar 28,home,Butte,L,10-1,10,1,9,win,20150328_43uk,0,0,0,0,0.0,,,,0.0,,,2015,2014-15,Siskiyous,siskiyous,salvadoralvarado2tn3,Salvador Alvarado
Mar 28,home,Butte,L,11-1,11,1,10,win,20150328_8w6x,0,0,0,0,0.0,,,,0.0,,,2015,2014-15,Siskiyous,siskiyous,salvadoralvarado2tn3,Salvador Alvarado
Apr 9,home,Shasta,W,8-3,8,3,5,win,20150409_91jp,0,0,0,0,0.0,,,,0.0,,,2015,2014-15,Siskiyous,siskiyous,salvadoralvarado2tn3,Salvador Alvarado
Apr 18,home,Lassen,W,5-3,5,3,2,win,20150418_4k3u,0,0,0,0,0.0,,,,0.0,,,2015,2014-15,Siskiyous,siskiyous,salvadoralvarado2tn3,Salvador Alvarado
Jan 31,home,Grossmont,L,7-0,7,0,7,win,20150131_dmk2,1,0,0,0,8.0,2.0,0.0,0.0,0.0,0.0,3.0,2015,2014-15,Long Beach,longbeach,juliangriegoswm4,Julian Griego
Feb 5,home,West LA,L,4-2,4,2,2,win,20150205_ezgq,0,0,0,0,0.0,,,,0.0,,,2015,2014-15,Long Beach,longbeach,juliangriegoswm4,Julian Griego
Feb 10,home,Orange Coast,L,6-5,6,5,1,win,20150210_55d0,1,0,1,0,6.1,12.0,5.0,5.0,7.11,0.0,4.0,2015,2014-15,Long Beach,longbeach,juliangriegoswm4,Julian Griego
Feb 17,home,Victor Valley,W,6-3,6,3,3,win,20150217_tuvt,1,1,0,0,7.0,4.0,1.0,0.0,0.0,0.0,8.0,2015,2014-15,Long Beach,longbeach,juliangriegoswm4,Julian Griego
Feb 19,home,Barstow,L,10-7,10,7,3,win,20150219_9bzk,0,0,0,0,0.0,,,,0.0,,,2015,2014-15,Long Beach,longbeach,juliangriegoswm4,Julian Griego
Feb 21,home,Irvine Valley,L,2-1,2,1,1,win,20150221_ye6u,0,0,0,0,0.0,,,,0.0,,,2015,2014-15,Long Beach,longbeach,juliangriegoswm4,Julian Griego
Feb 24,home,Irvine Valley,W,3-2,3,2,1,win,20150224_t13g,1,1,0,0,9.0,10.0,2.0,2.0,2.0,1.0,2.0,2015,2014-15,Long Beach,longbeach,juliangriegoswm4,Julian Griego
Feb 26,home,West LA,W,6-4,6,4,2,win,20150226_ppx2,0,0,0,0,0.0,,,,0.0,,,2015,2014-15,Long Beach,longbeach,juliangriegoswm4,Julian Griego
Mar 3,home,El Camino,W,5-4,5,4,1,win,20150303_f75j,1,1,0,0,9.0,10.0,4.0,2.0,2.0,1.0,6.0,2015,2014-15,Long Beach,longbeach,juliangriegoswm4,Julian Griego
Mar 10,home,LA Harbor,W,5-4,5,4,1,win,20150310_7g9g,1,1,0,0,9.0,7.0,4.0,3.0,3.0,4.0,1.0,2015,2014-15,Long Beach,longbeach,juliangriegoswm4,Julian Griego
Mar 17,home,Cerritos,W,3-0,3,0,3,win,20150317_311n,1,1,0,0,9.0,5.0,0.0,0.0,0.0,1.0,7.0,2015,2014-15,Long Beach,longbeach,juliangriegoswm4,Julian Griego
Mar 24,home,East Los Angeles,W,4-3,4,3,1,win,20150324_ktl9,0,0,0,0,0.0,,,,0.0,,,2015,2014-15,Long Beach,longbeach,juliangriegoswm4,Julian Griego
Mar 26,home,East Los Angeles,L,4-0,4,0,4,win,20150326_dsnu,1,0,1,0,5.0,7.0,3.0,2.0,3.6,1.0,5.0,2015,2014-15,Long Beach,longbeach,juliangriegoswm4,Julian Griego
Mar 30,home,Oxnard,L,2-1,2,1,1,win,20150330_tokz,0,0,0,0,0.0,,,,0.0,,,2015,2014-15,Long Beach,longbeach,juliangriegoswm4,Julian Griego
Apr 7,home,Mt. San Antonio,W,5-2,5,2,3,win,20150407_wo0f,1,1,0,0,9.0,8.0,2.0,2.0,2.0,0.0,7.0,2015,2014-15,Long Beach,longbeach,juliangriegoswm4,Julian Griego
Apr 18,home,Pasadena,W,7-0,7,0,7,win,20150418_qr2u,1,1,0,0,9.0,5.0,0.0,0.0,0.0,0.0,4.0,2015,2014-15,Long Beach,longbeach,juliangriegoswm4,Julian Griego
Apr 24,home,El Camino-Compton Center,W,8-6,8,6,2,win,20150424_8uo9,1,1,0,0,7.0,11.0,6.0,3.0,3.86,0.0,4.0,2015,2014-15,Long Beach,longbeach,juliangriegoswm4,Julian Griego
May 2,home,Orange Coast,L,3-2,3,2,1,win,20150502_7qmy,1,0,1,0,8.0,8.0,3.0,3.0,3.38,0.0,1.0,2015,2014-15,Long Beach,longbeach,juliangriegoswm4,Julian Griego
Jan 29,home,San Diego Mesa,L,8-1,8,1,7,win,20150129_2v4m,0,0,0,0,0.0,,,,0.0,,,2015,2014-15,Ventura,ventura,dylancolman0m22,Dylan Colman
Jan 30,home,Cypress,L,4-3,4,3,1,win,20150130_gopd,0,0,0,0,0.0,,,,0.0,,,2015,2014-15,Ventura,ventura,dylancolman0m22,Dylan Colman
Jan 31,home,Cypress,L,11-4,11,4,7,win,20150131_q00k,0,0,0,0,0.0,,,,0.0,,,2015,2014-15,Ventura,ventura,dylancolman0m22,Dylan Colman
Feb 5,home,Cerritos,L,6-4,6,4,2,win,20150205_gcsf,0,0,0,0,0.0,,,,0.0,,,2015,2014-15,Ventura,ventura,dylancolman0m22,Dylan Colman
Feb 6,home,West Hills Coalinga,W,4-0,4,0,4,win,20150206_npae,0,0,0,0,0.0,,,,0.0,,,2015,2014-15,Ventura,ventura,dylancolman0m22,Dylan Colman
Feb 10,home,Citrus,L,4-2,4,2,2,win,20150210_nn81,0,0,0,0,0.0,,,,0.0,,,2015,2014-15,Ventura,ventura,dylancolman0m22,Dylan Colman
Feb 12,home,Mt. San Antonio,L,7-4,7,4,3,win,20150212_vx18,0,0,0,0,0.0,,,,0.0,,,2015,2014-15,Ventura,ventura,dylancolman0m22,Dylan Colman
Feb 14,home,Allan Hancock,L,5-1,5,1,4,win,20150214_2rav,0,0,0,0,0.0,,,,0.0,,,2015,2014-15,Ventura,ventura,dylancolman0m22,Dylan Colman
Feb 17,home,Allan Hancock,L,4-0,4,0,4,win,20150217_tdsh,0,0,0,0,0.0,,,,0.0,,,2015,2014-15,Ventura,ventura,dylancolman0m22,Dylan Colman
Feb 20,home,Pasadena,W,2-1,2,1,1,win,20150220_x4sf,0,0,0,0,0.0,,,,0.0,,,2015,2014-15,Ventura,ventura,dylancolman0m22,Dylan Colman
Feb 21,home,Citrus,W,6-2,6,2,4,win,20150221_89xb,0,0,0,0,0.0,,,,0.0,,,2015,2014-15,Ventura,ventura,dylancolman0m22,Dylan Colman
Feb 24,home,Moorpark,L,5-0,5,0,5,win,20150224_bz0q,0,0,0,0,0.0,,,,0.0,,,2015,2014-15,Ventura,ventura,dylancolman0m22,Dylan Colman
Feb 26,home,Moorpark,W,14-9,14,9,5,win,20150226_7i69,0,0,0,0,0.0,,,,0.0,,,2015,2014-15,Ventura,ventura,dylancolman0m22,Dylan Colman
Feb 28,home,LA Pierce,L,6-2,6,2,4,win,20150228_82z4,0,0,0,0,0.0,,,,0.0,,,2015,2014-15,Ventura,ventura,dylancolman0m22,Dylan Colman
Mar 3,home,LA Pierce,L,3-2,3,2,1,win,20150303_3vcl,0,0,0,0,0.0,,,,0.0,,,2015,2014-15,Ventura,ventura,dylancolman0m22,Dylan Colman
Mar 5,home,Cuesta,L,3-0,3,0,3,win,20150305_mm1e,0,0,0,0,0.0,,,,0.0,,,2015,2014-15,Ventura,ventura,dylancolman0m22,Dylan Colman
Mar 7,home,Cuesta,L,5-4,5,4,1,win,20150307_ov37,0,0,0,0,0.0,,,,0.0,,,2015,2014-15,Ventura,ventura,dylancolman0m22,Dylan Colman
Mar 10,home,Santa Barbara,W,3-0,3,0,3,win,20150310_ikbu,0,0,0,0,0.0,,,,0.0,,,2015,2014-15,Ventura,ventura,dylancolman0m22,Dylan Colman
Mar 12,home,Santa Barbara,L,12-1,12,1,11,win,20150312_p7ux,0,0,0,0,0.0,,,,0.0,,,2015,2014-15,Ventura,ventura,dylancolman0m22,Dylan Colman
Mar 14,home,Oxnard,L,9-4,9,4,5,win,20150314_gi3u,0,0,0,0,0.0,,,,0.0,,,2015,2014-15,Ventura,ventura,dylancolman0m22,Dylan Colman
Mar 17,home,Oxnard,L,7-3,7,3,4,win,20150317_9ss6,0,0,0,0,0.0,,,,0.0,,,2015,2014-15,Ventura,ventura,dylancolman0m22,Dylan Colman
Mar 19,home,Allan Hancock,L,8-7,8,7,1,win,20150319_5zt4,0,0,0,0,0.0,,,,0.0,,,2015,2014-15,Ventura,ventura,dylancolman0m22,Dylan Colman
Mar 21,home,Allan Hancock,L,2-1,2,1,1,win,20150321_1h58,0,0,0,0,0.0,,,,0.0,,,2015,2014-15,Ventura,ventura,dylancolman0m22,Dylan Colman
Mar 27,home,Moorpark,W,3-2,3,2,1,win,20150327_ot2a,0,0,0,0,0.0,,,,0.0,,,2015,2014-15,Ventura,ventura,dylancolman0m22,Dylan Colman
Mar 31,home,West Hills Coalinga,W,6-5,6,5,1,win,20150331_w2ic,0,0,0,0,0.0,,,,0.0,,,2015,2014-15,Ventura,ventura,dylancolman0m22,Dylan Colman
Apr 2,home,Pasadena,W,8-5,8,5,3,win,20150402_2idy,0,0,0,0,0.0,,,,0.0,,,2015,2014-15,Ventura,ventura,dylancolman0m22,Dylan Colman
Apr 4,home,El Camino-Compton Center,L,9-4,9,4,5,win,20150404_7uzh,0,0,0,0,0.0,,,,0.0,,,2015,2014-15,Ventura,ventura,dylancolman0m22,Dylan Colman
Apr 9,home,LA Pierce,L,8-1,8,1,7,win,20150409_3wm1,0,0,0,0,0.0,,,,0.0,,,2015,2014-15,Ventura,ventura,dylancolman0m22,Dylan Colman
Apr 10,home,Moorpark,W,10-5,10,5,5,win,20150410_a88y,0,0,0,0,0.0,,,,0.0,,,2015,2014-15,Ventura,ventura,dylancolman0m22,Dylan Colman
Apr 11,home,LA Pierce,L,9-8,9,8,1,win,20150411_28v7,0,0,0,0,0.0,,,,0.0,,,2015,2014-15,Ventura,ventura,dylancolman0m22,Dylan Colman
Apr 14,home,Cuesta,L,5-1,5,1,4,win,20150414_b5s3,0,0,0,0,0.0,,,,0.0,,,2015,2014-15,Ventura,ventura,dylancolman0m22,Dylan Colman
Apr 16,home,Cuesta,L,5-4,5,4,1,win,20150416_1yll,0,0,0,0,0.0,,,,0.0,,,2015,2014-15,Ventura,ventura,dylancolman0m22,Dylan Colman
Apr 18,home,Santa Barbara,L,6-5,6,5,1,win,20150418_iioj,0,0,0,0,0.0,,,,0.0,,,2015,2014-15,Ventura,ventura,dylancolman0m22,Dylan Colman
Apr 21,home,Santa Barbara,L,5-4,5,4,1,win,20150421_uwfd,0,0,0,0,0.0,,,,0.0,,,2015,2014-15,Ventura,ventura,dylancolman0m22,Dylan Colman
Apr 23,home,Oxnard,L,8-2,8,2,6,win,20150423_wvo8,0,0,0,0,0.0,,,,0.0,,,2015,2014-15,Ventura,ventura,dylancolman0m22,Dylan Colman
Apr 24,home,Oxnard,L,12-7,12,7,5,win,20150424_b3lg,0,0,0,0,0.0,,,,0.0,,,2015,2014-15,Ventura,ventura,dylancolman0m22,Dylan Colman
Jan 27,home,Pasadena,W,7-0,7,0,7,win,20150127_6e3x,0,0,0,0,0.0,,,,0.0,,,2015,2014-15,Oxnard,oxnard,jarrettmaastfmk,Jarrett Maas
Jan 29,home,Citrus,W,4-3,4,3,1,win,20150129_2rwa,0,0,0,0,0.0,,,,0.0,,,2015,2014-15,Oxnard,oxnard,jarrettmaastfmk,Jarrett Maas
Jan 31,home,LA Mission,L,8-4,8,4,4,win,20150131_fzci,0,0,0,0,0.0,,,,0.0,,,2015,2014-15,Oxnard,oxnard,jarrettmaastfmk,Jarrett Maas
Feb 3,home,Pasadena,W,4-3,4,3,1,win,20150203_40wi,0,0,0,0,0.0,,,,0.0,,,2015,2014-15,Oxnard,oxnard,jarrettmaastfmk,Jarrett Maas
Feb 5,home,LA Mission,W,4-1,4,1,3,win,20150205_e07d,0,0,0,0,0.0,,,,0.0,,,2015,2014-15,Oxnard,oxnard,jarrettmaastfmk,Jarrett Maas
Feb 10,home,Glendale,W,5-0,5,0,5,win,20150210_isdb,0,0,0,0,0.0,,,,0.0,,,2015,2014-15,Oxnard,oxnard,jarrettmaastfmk,Jarrett Maas
Feb 12,home,Citrus,T,5-5,5,5,0,tie,20150212_kzcb,0,0,0,0,0.0,,,,0.0,,,2015,2014-15,Oxnard,oxnard,jarrettmaastfmk,Jarrett Maas
Feb 14,home,LA Pierce,W,11-7,11,7,4,win,20150214_aa1b,0,0,0,0,0.0,,,,0.0,,,2015,2014-15,Oxnard,oxnard,jarrettmaastfmk,Jarrett Maas
Feb 17,home,LA Pierce,W,6-4,6,4,2,win,20150217_6bqb,0,0,0,0,0.0,,,,0.0,,,2015,2014-15,Oxnard,oxnard,jarrettmaastfmk,Jarrett Maas
Feb 19,home,Santa Barbara,L,4-3,4,3,1,win,20150219_9mu2,0,0,0,0,0.0,,,,0.0,,,2015,2014-15,Oxnard,oxnard,jarrettmaastfmk,Jarrett Maas
Feb 21,home,Santa Barbara,W,6-2,6,2,4,win,20150221_e8yk,0,0,0,0,0.0,,,,0.0,,,2015,2014-15,Oxnard,oxnard,jarrettmaastfmk,Jarrett Maas
Feb 28,home,Allan Hancock,W,7-0,7,0,7,win,20150228_7k0r,0,0,0,0,0.0,,,,0.0,,,2015,2014-15,Oxnard,oxnard,jarrettmaastfmk,Jarrett Maas
Mar 3,home,Allan Hancock,W,4-3,4,3,1,win,20150303_ucpp,0,0,0,0,0.0,,,,0.0,,,2015,2014-15,Oxnard,oxnard,jarrettmaastfmk,Jarrett Maas
Mar 5,home,Moorpark,L,4-3,4,3,1,win,20150305_p8ar,0,0,0,0,0.0,,,,0.0,,,2015,2014-15,Oxnard,oxnard,jarrettmaastfmk,Jarrett Maas
Mar 7,home,Moorpark,W,1-0,1,0,1,win,20150307_hdxx,0,0,0,0,0.0,,,,0.0,,,2015,2014-15,Oxnard,oxnard,jarrettmaastfmk,Jarrett Maas
Mar 10,home,Cuesta,W,2-1,2,1,1,win,20150310_tqv2,0,0,0,0,0.0,,,,0.0,,,2015,2014-15,Oxnard,oxnard,jarrettmaastfmk,Jarrett Maas
Mar 12,home,Cuesta,L,4-0,4,0,4,win,20150312_0jpv,0,0,0,0,0.0,,,,0.0,,,2015,2014-15,Oxnard,oxnard,jarrettmaastfmk,Jarrett Maas
Mar 14,home,Ventura,W,9-4,9,4,5,win,20150314_gi3u,0,0,0,0,0.0,,,,0.0,,,2015,2014-15,Oxnard,oxnard,jarrettmaastfmk,Jarrett Maas
Mar 17,home,Ventura,W,7-3,7,3,4,win,20150317_9ss6,0,0,0,0,0.0,,,,0.0,,,2015,2014-15,Oxnard,oxnard,jarrettmaastfmk,Jarrett Maas
Mar 19,home,LA Pierce,W,3-2,3,2,1,win,20150319_ftf7,0,0,0,0,0.0,,,,0.0,,,2015,2014-15,Oxnard,oxnard,jarrettmaastfmk,Jarrett Maas
Mar 21,home,LA Pierce,W,5-3,5,3,2,win,20150321_t1rz,0,0,0,0,0.0,,,,0.0,,,2015,2014-15,Oxnard,oxnard,jarrettmaastfmk,Jarrett Maas
Mar 24,home,Santa Barbara,L,13-0,13,0,13,win,20150324_c3m1,0,0,0,0,0.0,,,,0.0,,,2015,2014-15,Oxnard,oxnard,jarrettmaastfmk,Jarrett Maas
Mar 26,home,Santa Barbara,W,4-2,4,2,2,win,20150326_lr7d,0,0,0,0,0.0,,,,0.0,,,2015,2014-15,Oxnard,oxnard,jarrettmaastfmk,Jarrett Maas
Mar 30,home,Long Beach,W,2-1,2,1,1,win,20150330_tokz,0,0,0,0,0.0,,,,0.0,,,2015,2014-15,Oxnard,oxnard,jarrettmaastfmk,Jarrett Maas
Mar 30,home,Long Beach,W,9-8,9,8,1,win,20150330_9mrp,0,0,0,0,0.0,,,,0.0,,,2015,2014-15,Oxnard,oxnard,jarrettmaastfmk,Jarrett Maas
Mar 31,home,LA Valley,W,7-3,7,3,4,win,20150331_8qhs,0,0,0,0,0.0,,,,0.0,,,2015,2014-15,Oxnard,oxnard,jarrettmaastfmk,Jarrett Maas
Apr 1,home,LA Valley,W,7-2,7,2,5,win,20150401_naho,0,0,0,0,0.0,,,,0.0,,,2015,2014-15,Oxnard,oxnard,jarrettmaastfmk,Jarrett Maas
Apr 8,home,Fresno City,L,4-3,4,3,1,win,20150408_adup,0,0,0,0,0.0,,,,0.0,,,2015,2014-15,Oxnard,oxnard,jarrettmaastfmk,Jarrett Maas
Apr 9,home,Allan Hancock,W,7-5,7,5,2,win,20150409_z6jy,0,0,0,0,0.0,,,,0.0,,,2015,2014-15,Oxnard,oxnard,jarrettmaastfmk,Jarrett Maas
Apr 11,home,Allan Hancock,L,4-3,4,3,1,win,20150411_8dke,0,0,0,0,0.0,,,,0.0,,,2015,2014-15,Oxnard,oxnard,jarrettmaastfmk,Jarrett Maas
Apr 14,home,Moorpark,L,4-3,4,3,1,win,20150414_rt6f,0,0,0,0,0.0,,,,0.0,,,2015,2014-15,Oxnard,oxnard,jarrettmaastfmk,Jarrett Maas
Apr 16,home,Moorpark,W,11-9,11,9,2,win,20150416_0phf,0,0,0,0,0.0,,,,0.0,,,2015,2014-15,Oxnard,oxnard,jarrettmaastfmk,Jarrett Maas
Apr 18,home,Cuesta,W,5-4,5,4,1,win,20150418_x1ay,0,0,0,0,0.0,,,,0.0,,,2015,2014-15,Oxnard,oxnard,jarrettmaastfmk,Jarrett Maas
Apr 21,home,Cuesta,L,4-2,4,2,2,win,20150421_agpz,0,0,0,0,0.0,,,,0.0,,,2015,2014-15,Oxnard,oxnard,jarrettmaastfmk,Jarrett Maas
Apr 23,home,Ventura,W,8-2,8,2,6,win,20150423_wvo8,0,0,0,0,0.0,,,,0.0,,,2015,2014-15,Oxnard,oxnard,jarrettmaastfmk,Jarrett Maas
Apr 24,home,Ventura,W,12-7,12,7,5,win,20150424_b3lg,0,0,0,0,0.0,,,,0.0,,,2015,2014-15,Oxnard,oxnard,jarrettmaastfmk,Jarrett Maas
May 1,home,Irvine Valley,L,8-0,8,0,8,win,20150501_m3i7,0,0,0,0,0.0,,,,0.0,,,2015,2014-15,Oxnard,oxnard,jarrettmaastfmk,Jarrett Maas
May 2,home,Irvine Valley,L,1-0,1,0,1,win,20150502_htrw,0,0,0,0,0.0,,,,0.0,,,2015,2014-15,Oxnard,oxnard,jarrettmaastfmk,Jarrett Maas
Jan 30,home,San Joaquin  Delta,L,13-1,13,1,12,win,20150130_t8xt,0,0,0,0,0.0,,,,0.0,,,2015,2014-15,Monterey,monterey,keltontorrescqr4,Kelton Torres
Jan 31,home,Mission,L,13-1,13,1,12,win,20150131_fbwi,0,0,0,0,0.0,,,,0.0,,,2015,2014-15,Monterey,monterey,keltontorrescqr4,Kelton Torres
Feb 17,home,De Anza,W,5-4,5,4,1,win,20150217_076v,0,0,0,0,0.0,,,,0.0,,,2015,2014-15,Monterey,monterey,keltontorrescqr4,Kelton Torres
Feb 20,home,Folsom Lake,W,9-3,9,3,6,win,20150220_74t6,0,0,0,0,0.0,,,,0.0,,,2015,2014-15,Monterey,monterey,keltontorrescqr4,Kelton Torres
Feb 21,home,Folsom Lake,L,2-0,2,0,2,win,20150221_emko,0,0,0,0,0.0,,,,0.0,,,2015,2014-15,Monterey,monterey,keltontorrescqr4,Kelton Torres
Feb 26,home,Gavilan,L,2-0,2,0,2,win,20150226_lxo2,0,0,0,0,0.0,,,,0.0,,,2015,2014-15,Monterey,monterey,keltontorrescqr4,Kelton Torres
Mar 3,home,Skyline,L,2-1,2,1,1,win,20150303_brup,0,0,0,0,0.0,,,,0.0,,,2015,2014-15,Monterey,monterey,keltontorrescqr4,Kelton Torres
Mar 5,home,Canada,L,7-1,7,1,6,win,20150305_vcue,0,0,0,0,0.0,,,,0.0,,,2015,2014-15,Monterey,monterey,keltontorrescqr4,Kelton Torres
Mar 7,home,Cabrillo,W,2-1,2,1,1,win,20150307_utfl,0,0,0,0,0.0,,,,0.0,,,2015,2014-15,Monterey,monterey,keltontorrescqr4,Kelton Torres
Mar 10,home,Mission,W,13-12,13,12,1,win,20150310_1mh3,0,0,0,0,0.0,,,,0.0,,,2015,2014-15,Monterey,monterey,keltontorrescqr4,Kelton Torres
Mar 12,home,De Anza,L,5-4,5,4,1,win,20150312_olrt,0,0,0,0,0.0,,,,0.0,,,2015,2014-15,Monterey,monterey,keltontorrescqr4,Kelton Torres
Mar 14,home,Ohlone,L,6-4,6,4,2,win,20150314_xlmc,0,0,0,0,0.0,,,,0.0,,,2015,2014-15,Monterey,monterey,keltontorrescqr4,Kelton Torres
Mar 19,home,Cabrillo,W,4-2,4,2,2,win,20150319_tv22,0,0,0,0,0.0,,,,0.0,,,2015,2014-15,Monterey,monterey,keltontorrescqr4,Kelton Torres
Mar 21,home,Ohlone,L,5-3,5,3,2,win,20150321_ugax,0,0,0,0,0.0,,,,0.0,,,2015,2014-15,Monterey,monterey,keltontorrescqr4,Kelton Torres
Mar 24,home,San Francisco,W,13-3,13,3,10,win,20150324_56qn,0,0,0,0,0.0,,,,0.0,,,2015,2014-15,Monterey,monterey,keltontorrescqr4,Kelton Torres
Mar 26,home,Skyline,L,4-3,4,3,1,win,20150326_buvo,0,0,0,0,0.0,,,,0.0,,,2015,2014-15,Monterey,monterey,keltontorrescqr4,Kelton Torres
Mar 31,home,West Valley,W,2-1,2,1,1,win,20150331_xx5c,0,0,0,0,0.0,,,,0.0,,,2015,2014-15,Monterey,monterey,keltontorrescqr4,Kelton Torres
Apr 2,home,Hartnell,L,6-4,6,4,2,win,20150402_bloy,0,0,0,0,0.0,,,,0.0,,,2015,2014-15,Monterey,monterey,keltontorrescqr4,Kelton Torres
Apr 4,home,Canada,W,8-4,8,4,4,win,20150404_edkv,0,0,0,0,0.0,,,,0.0,,,2015,2014-15,Monterey,monterey,keltontorrescqr4,Kelton Torres
Apr 14,home,Chabot,W,8-4,8,4,4,win,20150414_r7ws,0,0,0,0,0.0,,,,0.0,,,2015,2014-15,Monterey,monterey,keltontorrescqr4,Kelton Torres
Apr 16,home,Ohlone,W,3-1,3,1,2,win,20150416_aqli,0,0,0,0,0.0,,,,0.0,,,2015,2014-15,Monterey,monterey,keltontorrescqr4,Kelton Torres
Apr 18,home,Hartnell,L,12-5,12,5,7,win,20150418_dl5k,0,0,0,0,0.0,,,,0.0,,,2015,2014-15,Monterey,monterey,keltontorrescqr4,Kelton Torres
Apr 21,home,Canada,W,5-2,5,2,3,win,20150421_a2v7,0,0,0,0,0.0,,,,0.0,,,2015,2014-15,Monterey,monterey,keltontorrescqr4,Kelton Torres
Jan 29,home,Mendocino,L,5-4,5,4,1,win,20150129_99bb,0,0,0,0,0.0,,,,0.0,,,2015,2014-15,Redwoods,redwoods,maxbettsy1nu,Max Betts
Jan 31,home,Mendocino,L,4-3,4,3,1,win,20150131_m1ou,0,0,0,0,0.0,,,,0.0,,,2015,2014-15,Redwoods,redwoods,maxbettsy1nu,Max Betts
Jan 31,home,Mendocino,W,13-1,13,1,12,win,20150131_hfeo,0,0,0,0,0.0,,,,0.0,,,2015,2014-15,Redwoods,redwoods,maxbettsy1nu,Max Betts
Feb 13,home,Modesto,W,16-3,16,3,13,win,20150213_ze0p,0,0,0,0,0.0,,,,0.0,,,2015,2014-15,Redwoods,redwoods,maxbettsy1nu,Max Betts
Feb 14,home,Laney,L,10-3,10,3,7,win,20150214_u959,0,0,0,0,0.0,,,,0.0,,,2015,2014-15,Redwoods,redwoods,maxbettsy1nu,Max Betts
Feb 15,home,Contra Costa,W,6-1,6,1,5,win,20150215_iarc,0,0,0,0,0.0,,,,0.0,,,2015,2014-15,Redwoods,redwoods,maxbettsy1nu,Max Betts
Feb 15,home,Skyline,L,7-6,7,6,1,win,20150215_3mbp,0,0,0,0,0.0,,,,0.0,,,2015,2014-15,Redwoods,redwoods,maxbettsy1nu,Max Betts
Feb 19,home,Yuba,L,5-2,5,2,3,win,20150219_yj0c,0,0,0,0,0.0,,,,0.0,,,2015,2014-15,Redwoods,redwoods,maxbettsy1nu,Max Betts
Feb 20,home,Yuba,L,10-2,10,2,8,win,20150220_k6c5,0,0,0,0,0.0,,,,0.0,,,2015,2014-15,Redwoods,redwoods,maxbettsy1nu,Max Betts
Feb 20,home,Yuba,L,6-2,6,2,4,win,20150220_w0qb,0,0,0,0,0.0,,,,0.0,,,2015,2014-15,Redwoods,redwoods,maxbettsy1nu,Max Betts
Feb 27,home,Butte,L,11-3,11,3,8,win,20150227_nf32,0,0,0,0,0.0,,,,0.0,,,2015,2014-15,Redwoods,redwoods,maxbettsy1nu,Max Betts
Feb 28,home,Butte,L,10-0,10,0,10,win,20150228_rskn,0,0,0,0,0.0,,,,0.0,,,2015,2014-15,Redwoods,redwoods,maxbettsy1nu,Max Betts
Feb 28,home,Butte,L,15-10,15,10,5,win,20150228_5nxe,0,0,0,0,0.0,,,,0.0,,,2015,2014-15,Redwoods,redwoods,maxbettsy1nu,Max Betts
Mar 6,home,Feather River,L,7-0,7,0,7,win,20150306_qmnt,0,0,0,0,0.0,,,,0.0,,,2015,2014-15,Redwoods,redwoods,maxbettsy1nu,Max Betts
Mar 6,home,Feather River,L,20-1,20,1,19,win,20150306_fa6w,0,0,0,0,0.0,,,,0.0,,,2015,2014-15,Redwoods,redwoods,maxbettsy1nu,Max Betts
Mar 7,home,Feather River,L,12-8,12,8,4,win,20150307_9d9n,0,0,0,0,0.0,,,,0.0,,,2015,2014-15,Redwoods,redwoods,maxbettsy1nu,Max Betts
Mar 13,home,Siskiyous,L,3-0,3,0,3,win,20150313_2qyk,0,0,0,0,0.0,,,,0.0,,,2015,2014-15,Redwoods,redwoods,maxbettsy1nu,Max Betts
Mar 13,home,Siskiyous,L,7-6,7,6,1,win,20150313_rpb6,0,0,0,0,0.0,,,,0.0,,,2015,2014-15,Redwoods,redwoods,maxbettsy1nu,Max Betts
Mar 14,home,Siskiyous,L,6-5,6,5,1,win,20150314_6qwe,0,0,0,0,0.0,,,,0.0,,,2015,2014-15,Redwoods,redwoods,maxbettsy1nu,Max Betts
Mar 20,home,Shasta,L,8-0,8,0,8,win,20150320_7eu9,0,0,0,0,0.0,,,,0.0,,,2015,2014-15,Redwoods,redwoods,maxbettsy1nu,Max Betts
Mar 20,home,Shasta,L,5-1,5,1,4,win,20150320_zxrh,0,0,0,0,0.0,,,,0.0,,,2015,2014-15,Redwoods,redwoods,maxbettsy1nu,Max Betts
Mar 27,home,Lassen,L,21-8,21,8,13,win,20150327_toe5,0,0,0,0,0.0,,,,0.0,,,2015,2014-15,Redwoods,redwoods,maxbettsy1nu,Max Betts
Mar 28,home,Lassen,W,8-7,8,7,1,win,20150328_g7pz,0,0,0,0,0.0,,,,0.0,,,2015,2014-15,Redwoods,redwoods,maxbettsy1nu,Max Betts
Mar 28,home,Lassen,L,11-3,11,3,8,win,20150328_8wod,0,0,0,0,0.0,,,,0.0,,,2015,2014-15,Redwoods,redwoods,maxbettsy1nu,Max Betts
Apr 3,home,Butte,W,6-5,6,5,1,win,20150403_a023,0,0,0,0,0.0,,,,0.0,,,2015,2014-15,Redwoods,redwoods,maxbettsy1nu,Max Betts
Apr 23,home,Lassen,L,6-5,6,5,1,win,20150423_1cj0,0,0,0,0,0.0,,,,0.0,,,2015,2014-15,Redwoods,redwoods,maxbettsy1nu,Max Betts
Apr 23,home,Lassen,L,9-4,9,4,5,win,20150423_tv2m,0,0,0,0,0.0,,,,0.0,,,2015,2014-15,Redwoods,redwoods,maxbettsy1nu,Max Betts
Feb 5,home,LA Pierce,L,12-11,12,11,1,win,20150205_1j5k,0,0,0,0,0.0,,,,0.0,,,2015,2014-15,Mt. San Antonio,mtsanantonio,rubenornelasl10q,Ruben Ornelas
Feb 10,home,Mt. San Jacinto,W,10-2,10,2,8,win,20150210_1xal,0,0,0,0,0.0,,,,0.0,,,2015,2014-15,Mt. San Antonio,mtsanantonio,rubenornelasl10q,Ruben Ornelas
Feb 24,home,Riverside,L,11-4,11,4,7,win,20150224_rv5x,0,0,0,0,0.0,,,,0.0,,,2015,2014-15,Mt. San Antonio,mtsanantonio,rubenornelasl10q,Ruben Ornelas
Mar 5,home,LA Harbor,W,9-5,9,5,4,win,20150305_u2v9,0,0,0,0,0.0,,,,0.0,,,2015,2014-15,Mt. San Antonio,mtsanantonio,rubenornelasl10q,Ruben Ornelas
Mar 7,home,LA Harbor,W,7-4,7,4,3,win,20150307_gzqp,0,0,0,0,0.0,,,,0.0,,,2015,2014-15,Mt. San Antonio,mtsanantonio,rubenornelasl10q,Ruben Ornelas
Mar 10,home,Cerritos,W,4-1,4,1,3,win,20150310_6krv,0,0,0,0,0.0,,,,0.0,,,2015,2014-15,Mt. San Antonio,mtsanantonio,rubenornelasl10q,Ruben Ornelas
Mar 12,home,Cerritos,L,1-0,1,0,1,win,20150312_f5ok,0,0,0,0,0.0,,,,0.0,,,2015,2014-15,Mt. San Antonio,mtsanantonio,rubenornelasl10q,Ruben Ornelas
Mar 14,home,Cerritos,L,4-1,4,1,3,win,20150314_e09f,0,0,0,0,0.0,,,,0.0,,,2015,2014-15,Mt. San Antonio,mtsanantonio,rubenornelasl10q,Ruben Ornelas
Mar 17,home,East Los Angeles,L,3-2,3,2,1,win,20150317_z9g7,0,0,0,0,0.0,,,,0.0,,,2015,2014-15,Mt. San Antonio,mtsanantonio,rubenornelasl10q,Ruben Ornelas
Mar 19,home,East Los Angeles,W,12-4,12,4,8,win,20150319_f06b,0,0,0,0,0.0,,,,0.0,,,2015,2014-15,Mt. San Antonio,mtsanantonio,rubenornelasl10q,Ruben Ornelas
Mar 21,home,East Los Angeles,L,1-0,1,0,1,win,20150321_g55p,0,0,0,0,0.0,,,,0.0,,,2015,2014-15,Mt. San Antonio,mtsanantonio,rubenornelasl10q,Ruben Ornelas
Mar 24,home,El Camino,L,6-5,6,5,1,win,20150324_8nom,0,0,0,0,0.0,,,,0.0,,,2015,2014-15,Mt. San Antonio,mtsanantonio,rubenornelasl10q,Ruben Ornelas
Mar 26,home,El Camino,W,4-3,4,3,1,win,20150326_qgjm,0,0,0,0,0.0,,,,0.0,,,2015,2014-15,Mt. San Antonio,mtsanantonio,rubenornelasl10q,Ruben Ornelas
Mar 28,home,El Camino,L,6-1,6,1,5,win,20150328_d9ru,0,0,0,0,0.0,,,,0.0,,,2015,2014-15,Mt. San Antonio,mtsanantonio,rubenornelasl10q,Ruben Ornelas
Mar 31,home,Citrus,L,4-2,4,2,2,win,20150331_z0sv,0,0,0,0,0.0,,,,0.0,,,2015,2014-15,Mt. San Antonio,mtsanantonio,rubenornelasl10q,Ruben Ornelas
Apr 2,home,Citrus,W,4-3,4,3,1,win,20150402_19cl,0,0,0,0,0.0,,,,0.0,,,2015,2014-15,Mt. San Antonio,mtsanantonio,rubenornelasl10q,Ruben Ornelas
Apr 4,home,Santa Ana,W,5-1,5,1,4,win,20150404_7l0l,0,0,0,0,0.0,,,,0.0,,,2015,2014-15,Mt. San Antonio,mtsanantonio,rubenornelasl10q,Ruben Ornelas
Apr 9,home,Long Beach,L,1-0,1,0,1,win,20150409_wdo5,0,0,0,0,0.0,,,,0.0,,,2015,2014-15,Mt. San Antonio,mtsanantonio,rubenornelasl10q,Ruben Ornelas
Apr 16,home,El Camino-Compton Center,W,7-3,7,3,4,win,20150416_7bjj,0,0,0,0,0.0,,,,0.0,,,2015,2014-15,Mt. San Antonio,mtsanantonio,rubenornelasl10q,Ruben Ornelas
Apr 18,home,El Camino-Compton Center,L,8-7,8,7,1,win,20150418_ndf8,0,0,0,0,0.0,,,,0.0,,,2015,2014-15,Mt. San Antonio,mtsanantonio,rubenornelasl10q,Ruben Ornelas
Jan 30,home,Orange Coast,W,9-3,9,3,6,win,20150130_6o3o,0,0,0,0,0.0,,,,0.0,,,2015,2014-15,Southwestern,southwestern,sammyperezdmxz,Sammy Perez
Jan 31,home,Victor Valley,W,8-1,8,1,7,win,20150131_0wkx,0,0,0,0,0.0,,,,0.0,,,2015,2014-15,Southwestern,southwestern,sammyperezdmxz,Sammy Perez
Feb 5,home,El Camino,W,5-2,5,2,3,win,20150205_5r9o,0,0,0,0,0.0,,,,0.0,,,2015,2014-15,Southwestern,southwestern,sammyperezdmxz,Sammy Perez
Feb 6,home,Chaffey,W,4-0,4,0,4,win,20150206_9bb5,0,0,0,0,0.0,,,,0.0,,,2015,2014-15,Southwestern,southwestern,sammyperezdmxz,Sammy Perez
Feb 13,home,Victor Valley,W,8-3,8,3,5,win,20150213_ar1x,0,0,0,0,0.0,,,,0.0,,,2015,2014-15,Southwestern,southwestern,sammyperezdmxz,Sammy Perez
Feb 19,home,East Los Angeles,L,6-1,6,1,5,win,20150219_n49o,0,0,0,0,0.0,,,,0.0,,,2015,2014-15,Southwestern,southwestern,sammyperezdmxz,Sammy Perez
Feb 21,home,San Diego Mesa,W,7-2,7,2,5,win,20150221_z8al,0,0,0,0,0.0,,,,0.0,,,2015,2014-15,Southwestern,southwestern,sammyperezdmxz,Sammy Perez
Feb 24,home,San Diego City,L,6-0,6,0,6,win,20150224_nils,0,0,0,0,0.0,,,,0.0,,,2015,2014-15,Southwestern,southwestern,sammyperezdmxz,Sammy Perez
Feb 28,home,Imperial Valley,L,5-4,5,4,1,win,20150228_tzh6,0,0,0,0,0.0,,,,0.0,,,2015,2014-15,Southwestern,southwestern,sammyperezdmxz,Sammy Perez
Mar 5,home,Mt. San Jacinto,W,10-1,10,1,9,win,20150305_xkak,0,0,0,0,0.0,,,,0.0,,,2015,2014-15,Southwestern,southwestern,sammyperezdmxz,Sammy Perez
Mar 12,home,San Diego Mesa,L,10-6,10,6,4,win,20150312_ycrl,0,0,0,0,0.0,,,,0.0,,,2015,2014-15,Southwestern,southwestern,sammyperezdmxz,Sammy Perez
Mar 14,home,San Diego Mesa,L,7-4,7,4,3,win,20150314_6ebt,0,0,0,0,0.0,,,,0.0,,,2015,2014-15,Southwestern,southwestern,sammyperezdmxz,Sammy Perez
Mar 19,home,San Diego City,W,7-3,7,3,4,win,20150319_lrjy,0,0,0,0,0.0,,,,0.0,,,2015,2014-15,Southwestern,southwestern,sammyperezdmxz,Sammy Perez
Mar 24,home,Grossmont,W,5-2,5,2,3,win,20150324_suh6,0,0,0,0,0.0,,,,0.0,,,2015,2014-15,Southwestern,southwestern,sammyperezdmxz,Sammy Perez
Mar 28,home,Grossmont,W,10-4,10,4,6,win,20150328_8kz7,0,0,0,0,0.0,,,,0.0,,,2015,2014-15,Southwestern,southwestern,sammyperezdmxz,Sammy Perez
Mar 31,home,Imperial Valley,W,11-0,11,0,11,win,20150331_6xy3,0,0,0,0,0.0,,,,0.0,,,2015,2014-15,Southwestern,southwestern,sammyperezdmxz,Sammy Perez
Apr 2,home,Imperial Valley,W,3-1,3,1,2,win,20150402_y38j,0,0,0,0,0.0,,,,0.0,,,2015,2014-15,Southwestern,southwestern,sammyperezdmxz,Sammy Perez
Apr 3,home,Imperial Valley,W,14-2,14,2,12,win,20150403_x0od,0,0,0,0,0.0,,,,0.0,,,2015,2014-15,Southwestern,southwestern,sammyperezdmxz,Sammy Perez
Apr 8,home,Cerro Coso,W,13-1,13,1,12,win,20150408_ioj2,0,0,0,0,0.0,,,,0.0,,,2015,2014-15,Southwestern,southwestern,sammyperezdmxz,Sammy Perez
Apr 9,home,Cerro Coso,W,10-1,10,1,9,win,20150409_cpvd,0,0,0,0,0.0,,,,0.0,,,2015,2014-15,Southwestern,southwestern,sammyperezdmxz,Sammy Perez
Apr 16,home,Mt. San Jacinto,W,14-8,14,8,6,win,20150416_c5v4,0,0,0,0,0.0,,,,0.0,,,2015,2014-15,Southwestern,southwestern,sammyperezdmxz,Sammy Perez
Apr 18,home,Mt. San Jacinto,W,11-6,11,6,5,win,20150418_1gar,0,0,0,0,0.0,,,,0.0,,,2015,2014-15,Southwestern,southwestern,sammyperezdmxz,Sammy Perez
Apr 21,home,Palomar,L,7-0,7,0,7,win,20150421_ubaq,0,0,0,0,0.0,,,,0.0,,,2015,2014-15,Southwestern,southwestern,sammyperezdmxz,Sammy Perez
Apr 23,home,Palomar,L,7-4,7,4,3,win,20150423_lpem,0,0,0,0,0.0,,,,0.0,,,2015,2014-15,Southwestern,southwestern,sammyperezdmxz,Sammy Perez
Apr 25,home,Palomar,W,8-3,8,3,5,win,20150425_uofn,0,0,0,0,0.0,,,,0.0,,,2015,2014-15,Southwestern,southwestern,sammyperezdmxz,Sammy Perez
May 2,home,Glendale,W,6-3,6,3,3,win,20150502_3lm5,0,0,0,0,0.0,,,,0.0,,,2015,2014-15,Southwestern,southwestern,sammyperezdmxz,Sammy Perez
Jan 27,home,Reedley,L,4-1,4,1,3,win,20150127_9f2m,0,0,0,0,0.0,,,,0.0,,,2015,2014-15,Monterey,monterey,corbinmeikledtbv,Corbin Meikle
Jan 30,home,San Joaquin  Delta,L,13-1,13,1,12,win,20150130_t8xt,0,0,0,0,0.0,,,,0.0,,,2015,2014-15,Monterey,monterey,corbinmeikledtbv,Corbin Meikle
Jan 31,home,Mission,L,13-1,13,1,12,win,20150131_fbwi,0,0,0,0,0.0,,,,0.0,,,2015,2014-15,Monterey,monterey,corbinmeikledtbv,Corbin Meikle
Feb 3,home,Modesto,W,10-8,10,8,2,win,20150203_m45h,0,0,0,0,0.0,,,,0.0,,,2015,2014-15,Monterey,monterey,corbinmeikledtbv,Corbin Meikle
Feb 5,home,Modesto,L,1-0,1,0,1,win,20150205_85pr,0,0,0,0,0.0,,,,0.0,,,2015,2014-15,Monterey,monterey,corbinmeikledtbv,Corbin Meikle
Feb 7,home,Laney,L,1-0,1,0,1,win,20150207_c1wn,0,0,0,0,0.0,,,,0.0,,,2015,2014-15,Monterey,monterey,corbinmeikledtbv,Corbin Meikle
Feb 12,home,Cerro Coso,W,1-0,1,0,1,win,20150212_wjuv,0,0,0,0,0.0,,,,0.0,,,2015,2014-15,Monterey,monterey,corbinmeikledtbv,Corbin Meikle
Feb 20,home,Folsom Lake,W,9-3,9,3,6,win,20150220_74t6,0,0,0,0,0.0,,,,0.0,,,2015,2014-15,Monterey,monterey,corbinmeikledtbv,Corbin Meikle
Feb 21,home,Folsom Lake,L,2-0,2,0,2,win,20150221_emko,0,0,0,0,0.0,,,,0.0,,,2015,2014-15,Monterey,monterey,corbinmeikledtbv,Corbin Meikle
Mar 3,home,Skyline,L,2-1,2,1,1,win,20150303_brup,0,0,0,0,0.0,,,,0.0,,,2015,2014-15,Monterey,monterey,corbinmeikledtbv,Corbin Meikle
Mar 5,home,Canada,L,7-1,7,1,6,win,20150305_vcue,0,0,0,0,0.0,,,,0.0,,,2015,2014-15,Monterey,monterey,corbinmeikledtbv,Corbin Meikle
Mar 7,home,Cabrillo,W,2-1,2,1,1,win,20150307_utfl,0,0,0,0,0.0,,,,0.0,,,2015,2014-15,Monterey,monterey,corbinmeikledtbv,Corbin Meikle
Mar 10,home,Mission,W,13-12,13,12,1,win,20150310_1mh3,0,0,0,0,0.0,,,,0.0,,,2015,2014-15,Monterey,monterey,corbinmeikledtbv,Corbin Meikle
Mar 12,home,De Anza,L,5-4,5,4,1,win,20150312_olrt,0,0,0,0,0.0,,,,0.0,,,2015,2014-15,Monterey,monterey,corbinmeikledtbv,Corbin Meikle
Mar 14,home,Ohlone,L,6-4,6,4,2,win,20150314_xlmc,0,0,0,0,0.0,,,,0.0,,,2015,2014-15,Monterey,monterey,corbinmeikledtbv,Corbin Meikle
Mar 21,home,Ohlone,L,5-3,5,3,2,win,20150321_ugax,0,0,0,0,0.0,,,,0.0,,,2015,2014-15,Monterey,monterey,corbinmeikledtbv,Corbin Meikle
Mar 24,home,San Francisco,W,13-3,13,3,10,win,20150324_56qn,0,0,0,0,0.0,,,,0.0,,,2015,2014-15,Monterey,monterey,corbinmeikledtbv,Corbin Meikle
Mar 31,home,West Valley,W,2-1,2,1,1,win,20150331_xx5c,0,0,0,0,0.0,,,,0.0,,,2015,2014-15,Monterey,monterey,corbinmeikledtbv,Corbin Meikle
Apr 4,home,Canada,W,8-4,8,4,4,win,20150404_edkv,0,0,0,0,0.0,,,,0.0,,,2015,2014-15,Monterey,monterey,corbinmeikledtbv,Corbin Meikle
Apr 9,home,Cabrillo,L,9-0,9,0,9,win,20150409_cxtz,0,0,0,0,0.0,,,,0.0,,,2015,2014-15,Monterey,monterey,corbinmeikledtbv,Corbin Meikle
Apr 14,home,Chabot,W,8-4,8,4,4,win,20150414_r7ws,0,0,0,0,0.0,,,,0.0,,,2015,2014-15,Monterey,monterey,corbinmeikledtbv,Corbin Meikle
Apr 16,home,Ohlone,W,3-1,3,1,2,win,20150416_aqli,0,0,0,0,0.0,,,,0.0,,,2015,2014-15,Monterey,monterey,corbinmeikledtbv,Corbin Meikle
Apr 18,home,Hartnell,L,12-5,12,5,7,win,20150418_dl5k,0,0,0,0,0.0,,,,0.0,,,2015,2014-15,Monterey,monterey,corbinmeikledtbv,Corbin Meikle
Apr 21,home,Canada,W,5-2,5,2,3,win,20150421_a2v7,0,0,0,0,0.0,,,,0.0,,,2015,2014-15,Monterey,monterey,corbinmeikledtbv,Corbin Meikle
Apr 23,home,Skyline,L,6-2,6,2,4,win,20150423_2nek,0,0,0,0,0.0,,,,0.0,,,2015,2014-15,Monterey,monterey,corbinmeikledtbv,Corbin Meikle
Jan 30,home,LA Pierce,L,9-6,9,6,3,win,20150130_junl,0,0,0,0,0.0,,,,0.0,,,2015,2014-15,East Los Angeles,eastlosangeles,brandonjaureguisg0k,Brandon Jauregui
Feb 3,home,Moorpark,L,12-10,12,10,2,win,20150203_sppj,0,0,0,0,0.0,,,,0.0,,,2015,2014-15,East Los Angeles,eastlosangeles,brandonjaureguisg0k,Brandon Jauregui
Feb 6,home,Riverside,L,4-3,4,3,1,win,20150206_9rbe,0,0,0,0,0.0,,,,0.0,,,2015,2014-15,East Los Angeles,eastlosangeles,brandonjaureguisg0k,Brandon Jauregui
Feb 7,home,Riverside,L,9-2,9,2,7,win,20150207_tegn,0,0,0,0,0.0,,,,0.0,,,2015,2014-15,East Los Angeles,eastlosangeles,brandonjaureguisg0k,Brandon Jauregui
Mar 12,home,Pasadena,L,5-4,5,4,1,win,20150312_trzc,0,0,0,0,0.0,,,,0.0,,,2015,2014-15,East Los Angeles,eastlosangeles,brandonjaureguisg0k,Brandon Jauregui
Mar 17,home,Mt. San Antonio,W,3-2,3,2,1,win,20150317_z9g7,0,0,0,0,0.0,,,,0.0,,,2015,2014-15,East Los Angeles,eastlosangeles,brandonjaureguisg0k,Brandon Jauregui
Mar 19,home,Mt. San Antonio,L,12-4,12,4,8,win,20150319_f06b,0,0,0,0,0.0,,,,0.0,,,2015,2014-15,East Los Angeles,eastlosangeles,brandonjaureguisg0k,Brandon Jauregui
Mar 21,home,Mt. San Antonio,W,1-0,1,0,1,win,20150321_g55p,0,0,0,0,0.0,,,,0.0,,,2015,2014-15,East Los Angeles,eastlosangeles,brandonjaureguisg0k,Brandon Jauregui
Mar 24,home,Long Beach,L,4-3,4,3,1,win,20150324_ktl9,0,0,0,0,0.0,,,,0.0,,,2015,2014-15,East Los Angeles,eastlosangeles,brandonjaureguisg0k,Brandon Jauregui
Mar 26,home,Long Beach,W,4-0,4,0,4,win,20150326_dsnu,0,0,0,0,0.0,,,,0.0,,,2015,2014-15,East Los Angeles,eastlosangeles,brandonjaureguisg0k,Brandon Jauregui
Mar 28,home,Long Beach,L,4-3,4,3,1,win,20150328_qbzu,0,0,0,0,0.0,,,,0.0,,,2015,2014-15,East Los Angeles,eastlosangeles,brandonjaureguisg0k,Brandon Jauregui
Mar 31,home,Allan Hancock,L,12-10,12,10,2,win,20150331_49gs,0,0,0,0,0.0,,,,0.0,,,2015,2014-15,East Los Angeles,eastlosangeles,brandonjaureguisg0k,Brandon Jauregui
Apr 1,home,Canyons,L,6-5,6,5,1,win,20150401_uk08,0,0,0,0,0.0,,,,0.0,,,2015,2014-15,East Los Angeles,eastlosangeles,brandonjaureguisg0k,Brandon Jauregui
Apr 2,home,Merced,L,7-1,7,1,6,win,20150402_62q7,0,0,0,0,0.0,,,,0.0,,,2015,2014-15,East Los Angeles,eastlosangeles,brandonjaureguisg0k,Brandon Jauregui
Jan 31,home,Grossmont,L,7-0,7,0,7,win,20150131_dmk2,0,0,0,0,0.0,,,,0.0,,,2015,2014-15,Long Beach,longbeach,nickguerrai9e1,Nick Guerra
Feb 3,home,Grossmont,L,6-3,6,3,3,win,20150203_plrl,0,0,0,0,0.0,,,,0.0,,,2015,2014-15,Long Beach,longbeach,nickguerrai9e1,Nick Guerra
Feb 5,home,West LA,L,4-2,4,2,2,win,20150205_ezgq,0,0,0,0,0.0,,,,0.0,,,2015,2014-15,Long Beach,longbeach,nickguerrai9e1,Nick Guerra
Feb 10,home,Orange Coast,L,6-5,6,5,1,win,20150210_55d0,0,0,0,0,0.0,,,,0.0,,,2015,2014-15,Long Beach,longbeach,nickguerrai9e1,Nick Guerra
Feb 12,home,Orange Coast,W,6-2,6,2,4,win,20150212_wnl8,0,0,0,0,0.0,,,,0.0,,,2015,2014-15,Long Beach,longbeach,nickguerrai9e1,Nick Guerra
Feb 14,home,Orange Coast,L,8-1,8,1,7,win,20150214_r7lv,0,0,0,0,0.0,,,,0.0,,,2015,2014-15,Long Beach,longbeach,nickguerrai9e1,Nick Guerra
Feb 17,home,Victor Valley,W,6-3,6,3,3,win,20150217_tuvt,0,0,0,0,0.0,,,,0.0,,,2015,2014-15,Long Beach,longbeach,nickguerrai9e1,Nick Guerra
Feb 24,home,Irvine Valley,W,3-2,3,2,1,win,20150224_t13g,0,0,0,0,0.0,,,,0.0,,,2015,2014-15,Long Beach,longbeach,nickguerrai9e1,Nick Guerra
Feb 26,home,West LA,W,6-4,6,4,2,win,20150226_ppx2,0,0,0,0,0.0,,,,0.0,,,2015,2014-15,Long Beach,longbeach,nickguerrai9e1,Nick Guerra
Mar 3,home,El Camino,W,5-4,5,4,1,win,20150303_f75j,0,0,0,0,0.0,,,,0.0,,,2015,2014-15,Long Beach,longbeach,nickguerrai9e1,Nick Guerra
Mar 5,home,El Camino,W,8-6,8,6,2,win,20150305_yiwz,0,0,0,0,0.0,,,,0.0,,,2015,2014-15,Long Beach,longbeach,nickguerrai9e1,Nick Guerra
Mar 7,home,El Camino,W,7-2,7,2,5,win,20150307_wttl,0,0,0,0,0.0,,,,0.0,,,2015,2014-15,Long Beach,longbeach,nickguerrai9e1,Nick Guerra
Mar 10,home,LA Harbor,W,5-4,5,4,1,win,20150310_7g9g,0,0,0,0,0.0,,,,0.0,,,2015,2014-15,Long Beach,longbeach,nickguerrai9e1,Nick Guerra
Mar 12,home,LA Harbor,W,3-2,3,2,1,win,20150312_1xxj,0,0,0,0,0.0,,,,0.0,,,2015,2014-15,Long Beach,longbeach,nickguerrai9e1,Nick Guerra
Mar 24,home,East Los Angeles,W,4-3,4,3,1,win,20150324_ktl9,0,0,0,0,0.0,,,,0.0,,,2015,2014-15,Long Beach,longbeach,nickguerrai9e1,Nick Guerra
Mar 26,home,East Los Angeles,L,4-0,4,0,4,win,20150326_dsnu,0,0,0,0,0.0,,,,0.0,,,2015,2014-15,Long Beach,longbeach,nickguerrai9e1,Nick Guerra
Mar 28,home,East Los Angeles,W,4-3,4,3,1,win,20150328_qbzu,0,0,0,0,0.0,,,,0.0,,,2015,2014-15,Long Beach,longbeach,nickguerrai9e1,Nick Guerra
Mar 30,home,Oxnard,L,2-1,2,1,1,win,20150330_tokz,0,0,0,0,0.0,,,,0.0,,,2015,2014-15,Long Beach,longbeach,nickguerrai9e1,Nick Guerra
Mar 30,home,Oxnard,L,9-8,9,8,1,win,20150330_9mrp,0,0,0,0,0.0,,,,0.0,,,2015,2014-15,Long Beach,longbeach,nickguerrai9e1,Nick Guerra
Apr 7,home,Mt. San Antonio,W,5-2,5,2,3,win,20150407_wo0f,0,0,0,0,0.0,,,,0.0,,,2015,2014-15,Long Beach,longbeach,nickguerrai9e1,Nick Guerra
Apr 11,home,Mt. San Antonio,L,10-8,10,8,2,win,20150411_jyee,0,0,0,0,0.0,,,,0.0,,,2015,2014-15,Long Beach,longbeach,nickguerrai9e1,Nick Guerra
Apr 18,home,Pasadena,W,7-0,7,0,7,win,20150418_qr2u,0,0,0,0,0.0,,,,0.0,,,2015,2014-15,Long Beach,longbeach,nickguerrai9e1,Nick Guerra
Jan 27,home,San Bernardino,W,10-7,10,7,3,win,20150127_wati,0,0,0,0,0.0,,,,0.0,,,2015,2014-15,LA Mission,lamission,marenorankiny68g,Mareno Rankin
Jan 31,home,Oxnard,W,8-4,8,4,4,win,20150131_fzci,0,0,0,0,0.0,,,,0.0,,,2015,2014-15,LA Mission,lamission,marenorankiny68g,Mareno Rankin
Feb 3,home,Santa Ana,L,9-1,9,1,8,win,20150203_7oz0,0,0,0,0,0.0,,,,0.0,,,2015,2014-15,LA Mission,lamission,marenorankiny68g,Mareno Rankin
Feb 5,home,Oxnard,L,4-1,4,1,3,win,20150205_e07d,0,0,0,0,0.0,,,,0.0,,,2015,2014-15,LA Mission,lamission,marenorankiny68g,Mareno Rankin
Feb 7,home,El Camino,L,3-1,3,1,2,win,20150207_au16,0,0,0,0,0.0,,,,0.0,,,2015,2014-15,LA Mission,lamission,marenorankiny68g,Mareno Rankin
Feb 13,home,Santa Ana,L,9-4,9,4,5,win,20150213_959c,0,0,0,0,0.0,,,,0.0,,,2015,2014-15,LA Mission,lamission,marenorankiny68g,Mareno Rankin
Feb 19,home,Fullerton,W,3-1,3,1,2,win,20150219_4vsm,0,0,0,0,0.0,,,,0.0,,,2015,2014-15,LA Mission,lamission,marenorankiny68g,Mareno Rankin
Feb 21,home,Fullerton,L,10-4,10,4,6,win,20150221_iy3r,0,0,0,0,0.0,,,,0.0,,,2015,2014-15,LA Mission,lamission,marenorankiny68g,Mareno Rankin
Feb 25,home,Pasadena,W,7-0,7,0,7,win,20150225_z2gz,0,0,0,0,0.0,,,,0.0,,,2015,2014-15,LA Mission,lamission,marenorankiny68g,Mareno Rankin
Feb 26,home,El Camino,L,4-1,4,1,3,win,20150226_txa7,0,0,0,0,0.0,,,,0.0,,,2015,2014-15,LA Mission,lamission,marenorankiny68g,Mareno Rankin
Mar 3,home,LA Valley,L,6-5,6,5,1,win,20150303_qc4i,0,0,0,0,0.0,,,,0.0,,,2015,2014-15,LA Mission,lamission,marenorankiny68g,Mareno Rankin
Mar 5,home,Bakersfield,W,6-2,6,2,4,win,20150305_bt7e,0,0,0,0,0.0,,,,0.0,,,2015,2014-15,LA Mission,lamission,marenorankiny68g,Mareno Rankin
Mar 7,home,West LA,W,9-3,9,3,6,win,20150307_u5d9,0,0,0,0,0.0,,,,0.0,,,2015,2014-15,LA Mission,lamission,marenorankiny68g,Mareno Rankin
Mar 10,home,Glendale,L,7-4,7,4,3,win,20150310_4h22,0,0,0,0,0.0,,,,0.0,,,2015,2014-15,LA Mission,lamission,marenorankiny68g,Mareno Rankin
Mar 12,home,Canyons,L,3-2,3,2,1,win,20150312_8drc,0,0,0,0,0.0,,,,0.0,,,2015,2014-15,LA Mission,lamission,marenorankiny68g,Mareno Rankin
Mar 21,home,LA Valley,L,11-4,11,4,7,win,20150321_883o,0,0,0,0,0.0,,,,0.0,,,2015,2014-15,LA Mission,lamission,marenorankiny68g,Mareno Rankin
Mar 24,home,Bakersfield,L,17-8,17,8,9,win,20150324_y48k,0,0,0,0,0.0,,,,0.0,,,2015,2014-15,LA Mission,lamission,marenorankiny68g,Mareno Rankin
Mar 27,home,West LA,W,9-1,9,1,8,win,20150327_ksuc,0,0,0,0,0.0,,,,0.0,,,2015,2014-15,LA Mission,lamission,marenorankiny68g,Mareno Rankin
Mar 31,home,LA Pierce,L,12-4,12,4,8,win,20150331_3big,0,0,0,0,0.0,,,,0.0,,,2015,2014-15,LA Mission,lamission,marenorankiny68g,Mareno Rankin
Apr 1,home,LA Harbor,W,7-4,7,4,3,win,20150401_3n4f,0,0,0,0,0.0,,,,0.0,,,2015,2014-15,LA Mission,lamission,marenorankiny68g,Mareno Rankin
Apr 7,home,West LA,W,8-5,8,5,3,win,20150407_yxmn,0,0,0,0,0.0,,,,0.0,,,2015,2014-15,LA Mission,lamission,marenorankiny68g,Mareno Rankin
Apr 9,home,Glendale,W,6-0,6,0,6,win,20150409_tutd,0,0,0,0,0.0,,,,0.0,,,2015,2014-15,LA Mission,lamission,marenorankiny68g,Mareno Rankin
Apr 11,home,Glendale,W,21-7,21,7,14,win,20150411_w9gu,0,0,0,0,0.0,,,,0.0,,,2015,2014-15,LA Mission,lamission,marenorankiny68g,Mareno Rankin
Apr 14,home,Canyons,W,9-7,9,7,2,win,20150414_q2ld,0,0,0,0,0.0,,,,0.0,,,2015,2014-15,LA Mission,lamission,marenorankiny68g,Mareno Rankin
Apr 16,home,Canyons,W,3-0,3,0,3,win,20150416_70b9,0,0,0,0,0.0,,,,0.0,,,2015,2014-15,LA Mission,lamission,marenorankiny68g,Mareno Rankin
Apr 18,home,Citrus,L,10-9,10,9,1,win,20150418_51yc,0,0,0,0,0.0,,,,0.0,,,2015,2014-15,LA Mission,lamission,marenorankiny68g,Mareno Rankin
Apr 21,home,Citrus,W,4-3,4,3,1,win,20150421_fedi,0,0,0,0,0.0,,,,0.0,,,2015,2014-15,LA Mission,lamission,marenorankiny68g,Mareno Rankin
Apr 23,home,Antelope Valley,W,12-8,12,8,4,win,20150423_4zx7,0,0,0,0,0.0,,,,0.0,,,2015,2014-15,LA Mission,lamission,marenorankiny68g,Mareno Rankin
Apr 24,home,Antelope Valley,W,3-2,3,2,1,win,20150424_iswo,0,0,0,0,0.0,,,,0.0,,,2015,2014-15,LA Mission,lamission,marenorankiny68g,Mareno Rankin
Apr 28,home,Irvine Valley,L,16-6,16,6,10,win,20150428_qtpd,0,0,0,0,0.0,,,,0.0,,,2015,2014-15,LA Mission,lamission,marenorankiny68g,Mareno Rankin
Jan 27,home,Irvine Valley,L,12-0,12,0,12,win,20150127_jb0o,0,0,0,0,0.0,,,,0.0,,,2015,2014-15,Imperial Valley,imperialvalley,alexanderarreola4t85,Alexander Arreola
Jan 29,home,LA Harbor,L,8-2,8,2,6,win,20150129_qcjf,0,0,0,0,0.0,,,,0.0,,,2015,2014-15,Imperial Valley,imperialvalley,alexanderarreola4t85,Alexander Arreola
Jan 29,home,LA Harbor,L,9-3,9,3,6,win,20150129_l6a5,0,0,0,0,0.0,,,,0.0,,,2015,2014-15,Imperial Valley,imperialvalley,alexanderarreola4t85,Alexander Arreola
Feb 5,home,Santa Ana,L,18-7,18,7,11,win,20150205_gn8z,0,0,0,0,0.0,,,,0.0,,,2015,2014-15,Imperial Valley,imperialvalley,alexanderarreola4t85,Alexander Arreola
Feb 7,home,Cerro Coso,L,15-9,15,9,6,win,20150207_a6bk,0,0,0,0,0.0,,,,0.0,,,2015,2014-15,Imperial Valley,imperialvalley,alexanderarreola4t85,Alexander Arreola
Feb 12,home,Barstow,L,2-0,2,0,2,win,20150212_q87k,0,0,0,0,0.0,,,,0.0,,,2015,2014-15,Imperial Valley,imperialvalley,alexanderarreola4t85,Alexander Arreola
Feb 18,home,El Camino-Compton Center,L,6-3,6,3,3,win,20150218_pskx,0,0,0,0,0.0,,,,0.0,,,2015,2014-15,Imperial Valley,imperialvalley,alexanderarreola4t85,Alexander Arreola
Feb 19,home,El Camino,L,5-3,5,3,2,win,20150219_500q,0,0,0,0,0.0,,,,0.0,,,2015,2014-15,Imperial Valley,imperialvalley,alexanderarreola4t85,Alexander Arreola
Feb 21,home,Mt. San Jacinto,L,8-5,8,5,3,win,20150221_if58,0,0,0,0,0.0,,,,0.0,,,2015,2014-15,Imperial Valley,imperialvalley,alexanderarreola4t85,Alexander Arreola
Feb 24,home,Grossmont,L,8-4,8,4,4,win,20150224_8vh8,0,0,0,0,0.0,,,,0.0,,,2015,2014-15,Imperial Valley,imperialvalley,alexanderarreola4t85,Alexander Arreola
Mar 5,home,San Diego City,W,5-3,5,3,2,win,20150305_jl50,0,0,0,0,0.0,,,,0.0,,,2015,2014-15,Imperial Valley,imperialvalley,alexanderarreola4t85,Alexander Arreola
Mar 10,home,Mt. San Jacinto,L,13-4,13,4,9,win,20150310_grq5,0,0,0,0,0.0,,,,0.0,,,2015,2014-15,Imperial Valley,imperialvalley,alexanderarreola4t85,Alexander Arreola
Mar 12,home,Mt. San Jacinto,L,11-0,11,0,11,win,20150312_69cg,0,0,0,0,0.0,,,,0.0,,,2015,2014-15,Imperial Valley,imperialvalley,alexanderarreola4t85,Alexander Arreola
Mar 20,home,Grossmont,L,7-4,7,4,3,win,20150320_n7us,0,0,0,0,0.0,,,,0.0,,,2015,2014-15,Imperial Valley,imperialvalley,alexanderarreola4t85,Alexander Arreola
Mar 24,home,Palomar,L,7-1,7,1,6,win,20150324_kvgr,0,0,0,0,0.0,,,,0.0,,,2015,2014-15,Imperial Valley,imperialvalley,alexanderarreola4t85,Alexander Arreola
Mar 26,home,Palomar,L,15-3,15,3,12,win,20150326_nq6i,0,0,0,0,0.0,,,,0.0,,,2015,2014-15,Imperial Valley,imperialvalley,alexanderarreola4t85,Alexander Arreola
Mar 27,home,Palomar,L,2-0,2,0,2,win,20150327_fida,0,0,0,0,0.0,,,,0.0,,,2015,2014-15,Imperial Valley,imperialvalley,alexanderarreola4t85,Alexander Arreola
Apr 3,home,Southwestern,L,14-2,14,2,12,win,20150403_x0od,0,0,0,0,0.0,,,,0.0,,,2015,2014-15,Imperial Valley,imperialvalley,alexanderarreola4t85,Alexander Arreola
Apr 9,home,San Diego Mesa,L,20-4,20,4,16,win,20150409_69u6,0,0,0,0,1.0,2.0,1.0,1.0,9.0,,,2015,2014-15,Imperial Valley,imperialvalley,alexanderarreola4t85,Alexander Arreola
Apr 10,home,San Diego Mesa,L,8-4,8,4,4,win,20150410_wb4a,0,0,0,0,0.0,,,,0.0,,,2015,2014-15,Imperial Valley,imperialvalley,alexanderarreola4t85,Alexander Arreola
Apr 14,home,San Diego City,L,12-7,12,7,5,win,20150414_s13b,0,0,0,0,0.0,,,,0.0,,,2015,2014-15,Imperial Valley,imperialvalley,alexanderarreola4t85,Alexander Arreola
Apr 17,home,San Diego City,L,7-0,7,0,7,win,20150417_7oj3,0,0,0,0,0.0,,,,0.0,,,2015,2014-15,Imperial Valley,imperialvalley,alexanderarreola4t85,Alexander Arreola
Jan 30,home,Palomar,L,3-2,3,2,1,win,20150130_r1ej,0,0,0,0,0.0,,,,0.0,,,2015,2014-15,Golden West,goldenwest,russellterryjy0b,Russell Terry
Jan 31,home,Palomar,W,11-6,11,6,5,win,20150131_fvls,0,0,0,0,0.0,,,,0.0,,,2015,2014-15,Golden West,goldenwest,russellterryjy0b,Russell Terry
Feb 5,home,Sequoias,W,7-3,7,3,4,win,20150205_a6uq,0,0,0,0,0.0,,,,0.0,,,2015,2014-15,Golden West,goldenwest,russellterryjy0b,Russell Terry
Feb 6,home,Reedley,W,7-2,7,2,5,win,20150206_o7yk,0,0,0,0,0.0,,,,0.0,,,2015,2014-15,Golden West,goldenwest,russellterryjy0b,Russell Terry
Feb 7,home,Hartnell,W,3-1,3,1,2,win,20150207_f1r5,0,0,0,0,0.0,,,,0.0,,,2015,2014-15,Golden West,goldenwest,russellterryjy0b,Russell Terry
Feb 10,home,Cerritos,W,4-2,4,2,2,win,20150210_l5yf,0,0,0,0,0.0,,,,0.0,,,2015,2014-15,Golden West,goldenwest,russellterryjy0b,Russell Terry
Feb 12,home,LA Harbor,L,6-2,6,2,4,win,20150212_ib9j,0,0,0,0,0.0,,,,0.0,,,2015,2014-15,Golden West,goldenwest,russellterryjy0b,Russell Terry
Feb 13,home,LA Harbor,W,8-2,8,2,6,win,20150213_f8nf,0,0,0,0,0.0,,,,0.0,,,2015,2014-15,Golden West,goldenwest,russellterryjy0b,Russell Terry
Feb 17,home,LA Harbor,L,6-1,6,1,5,win,20150217_iytz,0,0,0,0,0.0,,,,0.0,,,2015,2014-15,Golden West,goldenwest,russellterryjy0b,Russell Terry
Feb 20,home,Bakersfield,W,8-5,8,5,3,win,20150220_t7eh,0,0,0,0,0.0,,,,0.0,,,2015,2014-15,Golden West,goldenwest,russellterryjy0b,Russell Terry
Feb 21,home,Bakersfield,L,7-6,7,6,1,win,20150221_zvsx,0,0,0,0,0.0,,,,0.0,,,2015,2014-15,Golden West,goldenwest,russellterryjy0b,Russell Terry
Feb 24,home,Cerritos,L,3-2,3,2,1,win,20150224_iydm,0,0,0,0,0.0,,,,0.0,,,2015,2014-15,Golden West,goldenwest,russellterryjy0b,Russell Terry
Mar 12,home,Riverside,L,13-0,13,0,13,win,20150312_ugk6,0,0,0,0,0.0,,,,0.0,,,2015,2014-15,Golden West,goldenwest,russellterryjy0b,Russell Terry
Mar 24,home,Fullerton,L,12-6,12,6,6,win,20150324_4n5o,0,0,0,0,0.0,,,,0.0,,,2015,2014-15,Golden West,goldenwest,russellterryjy0b,Russell Terry
Mar 31,home,Chaffey,L,6-2,6,2,4,win,20150331_tymd,0,0,0,0,0.0,,,,0.0,,,2015,2014-15,Golden West,goldenwest,russellterryjy0b,Russell Terry
Apr 7,home,Irvine Valley,W,15-0,15,0,15,win,20150407_bwyx,0,0,0,0,0.0,,,,0.0,,,2015,2014-15,Golden West,goldenwest,russellterryjy0b,Russell Terry
Apr 17,home,Orange Coast,W,14-10,14,10,4,win,20150417_ygao,0,0,0,0,0.0,,,,0.0,,,2015,2014-15,Golden West,goldenwest,russellterryjy0b,Russell Terry
Jan 30,home,Cerro Coso,L,3-1,3,1,2,win,20150130_1sov,0,0,0,0,0.0,,,,0.0,,,2015,2014-15,West LA,westla,garydixonkzfw,Gary Dixon
Jan 31,home,Cerro Coso,W,6-2,6,2,4,win,20150131_f8yh,0,0,0,0,0.0,,,,0.0,,,2015,2014-15,West LA,westla,garydixonkzfw,Gary Dixon
Feb 3,home,San Diego City,L,4-3,4,3,1,win,20150203_c3ar,0,0,0,0,0.0,,,,0.0,,,2015,2014-15,West LA,westla,garydixonkzfw,Gary Dixon
Feb 5,home,Long Beach,W,4-2,4,2,2,win,20150205_ezgq,0,0,0,0,0.0,,,,0.0,,,2015,2014-15,West LA,westla,garydixonkzfw,Gary Dixon
Feb 7,home,Pasadena,L,5-3,5,3,2,win,20150207_0ald,0,0,0,0,0.0,,,,0.0,,,2015,2014-15,West LA,westla,garydixonkzfw,Gary Dixon
Feb 10,home,El Camino-Compton Center,L,7-3,7,3,4,win,20150210_rcnd,0,0,0,0,0.0,,,,0.0,,,2015,2014-15,West LA,westla,garydixonkzfw,Gary Dixon
Feb 13,home,Irvine Valley,L,8-5,8,5,3,win,20150213_k0df,0,0,0,0,0.0,,,,0.0,,,2015,2014-15,West LA,westla,garydixonkzfw,Gary Dixon
Feb 14,home,Irvine Valley,L,4-3,4,3,1,win,20150214_1hwp,0,0,0,0,0.0,,,,0.0,,,2015,2014-15,West LA,westla,garydixonkzfw,Gary Dixon
Feb 17,home,Grossmont,L,5-0,5,0,5,win,20150217_ooup,0,0,0,0,0.0,,,,0.0,,,2015,2014-15,West LA,westla,garydixonkzfw,Gary Dixon
Feb 19,home,San Diego City,L,2-1,2,1,1,win,20150219_r9hh,0,0,0,0,0.0,,,,0.0,,,2015,2014-15,West LA,westla,garydixonkzfw,Gary Dixon
Feb 26,home,Long Beach,L,6-4,6,4,2,win,20150226_ppx2,0,0,0,0,0.0,,,,0.0,,,2015,2014-15,West LA,westla,garydixonkzfw,Gary Dixon
Feb 28,home,Pasadena,W,8-3,8,3,5,win,20150228_pw47,0,0,0,0,0.0,,,,0.0,,,2015,2014-15,West LA,westla,garydixonkzfw,Gary Dixon
Mar 3,home,Glendale,L,9-2,9,2,7,win,20150303_xgj9,0,0,0,0,0.0,,,,0.0,,,2015,2014-15,West LA,westla,garydixonkzfw,Gary Dixon
Mar 5,home,LA Valley,L,8-2,8,2,6,win,20150305_om4n,0,0,0,0,0.0,,,,0.0,,,2015,2014-15,West LA,westla,garydixonkzfw,Gary Dixon
Mar 7,home,LA Mission,L,9-3,9,3,6,win,20150307_u5d9,0,0,0,0,0.0,,,,0.0,,,2015,2014-15,West LA,westla,garydixonkzfw,Gary Dixon
Mar 10,home,Canyons,L,8-0,8,0,8,win,20150310_1jzj,0,0,0,0,0.0,,,,0.0,,,2015,2014-15,West LA,westla,garydixonkzfw,Gary Dixon
Mar 12,home,Bakersfield,L,12-4,12,4,8,win,20150312_czlz,0,0,0,0,0.0,,,,0.0,,,2015,2014-15,West LA,westla,garydixonkzfw,Gary Dixon
Mar 14,home,Antelope Valley,L,11-4,11,4,7,win,20150314_7d44,0,0,0,0,0.0,,,,0.0,,,2015,2014-15,West LA,westla,garydixonkzfw,Gary Dixon
Mar 17,home,Citrus,L,8-2,8,2,6,win,20150317_1s9o,0,0,0,0,0.0,,,,0.0,,,2015,2014-15,West LA,westla,garydixonkzfw,Gary Dixon
Mar 19,home,Glendale,L,6-5,6,5,1,win,20150319_5joy,0,0,0,0,0.0,,,,0.0,,,2015,2014-15,West LA,westla,garydixonkzfw,Gary Dixon
Mar 21,home,Glendale,L,7-1,7,1,6,win,20150321_cjcg,0,0,0,0,0.0,,,,0.0,,,2015,2014-15,West LA,westla,garydixonkzfw,Gary Dixon
Mar 26,home,LA Valley,L,9-1,9,1,8,win,20150326_odtj,0,0,0,0,0.0,,,,0.0,,,2015,2014-15,West LA,westla,garydixonkzfw,Gary Dixon
Apr 7,home,LA Mission,L,8-5,8,5,3,win,20150407_yxmn,0,0,0,0,0.0,,,,0.0,,,2015,2014-15,West LA,westla,garydixonkzfw,Gary Dixon
Apr 9,home,Canyons,L,18-5,18,5,13,win,20150409_kn08,0,0,0,0,0.0,,,,0.0,,,2015,2014-15,West LA,westla,garydixonkzfw,Gary Dixon
Apr 16,home,Bakersfield,W,12-4,12,4,8,win,20150416_gjn0,0,0,0,0,0.0,,,,0.0,,,2015,2014-15,West LA,westla,garydixonkzfw,Gary Dixon
Apr 21,home,Antelope Valley,L,9-4,9,4,5,win,20150421_u1a6,0,0,0,0,0.0,,,,0.0,,,2015,2014-15,West LA,westla,garydixonkzfw,Gary Dixon
Apr 23,home,Citrus,L,4-3,4,3,1,win,20150423_at5h,0,0,0,0,0.0,,,,0.0,,,2015,2014-15,West LA,westla,garydixonkzfw,Gary Dixon
Apr 24,home,Citrus,L,11-3,11,3,8,win,20150424_nta1,0,0,0,0,0.0,,,,0.0,,,2015,2014-15,West LA,westla,garydixonkzfw,Gary Dixon
Jan 27,home,LA Pierce,W,8-3,8,3,5,win,20150127_ys4r,0,0,0,0,0.0,,,,0.0,,,2015,2014-15,Canyons,canyons,joseharosypos,Jose Haros
Jan 29,home,Cerritos,W,2-0,2,0,2,win,20150129_q9u1,0,0,0,1,1.0,1.0,0.0,0.0,0.0,1.0,1.0,2015,2014-15,Canyons,canyons,joseharosypos,Jose Haros
Jan 31,home,Mt. San Antonio,L,6-5,6,5,1,win,20150131_sqg3,0,0,1,0,0.1,3.0,2.0,1.0,27.0,0.0,0.0,2015,2014-15,Canyons,canyons,joseharosypos,Jose Haros
Feb 3,home,Rio Hondo,L,2-1,2,1,1,win,20150203_ey3n,0,0,0,0,0.0,,,,0.0,,,2015,2014-15,Canyons,canyons,joseharosypos,Jose Haros
Feb 5,home,Allan Hancock,W,13-2,13,2,11,win,20150205_4vnc,0,0,0,0,0.0,,,,0.0,,,2015,2014-15,Canyons,canyons,joseharosypos,Jose Haros
Feb 7,home,San Diego Mesa,W,8-2,8,2,6,win,20150207_3tw9,0,0,0,0,0.0,,,,0.0,,,2015,2014-15,Canyons,canyons,joseharosypos,Jose Haros
Feb 12,home,Allan Hancock,W,2-1,2,1,1,win,20150212_rchf,0,0,0,1,1.0,0.0,0.0,0.0,0.0,0.0,3.0,2015,2014-15,Canyons,canyons,joseharosypos,Jose Haros
Feb 17,home,Cerro Coso,W,19-2,19,2,17,win,20150217_8832,0,0,0,0,0.0,,,,0.0,,,2015,2014-15,Canyons,canyons,joseharosypos,Jose Haros
Feb 19,home,Orange Coast,L,4-3,4,3,1,win,20150219_yf0u,0,0,0,0,0.0,,,,0.0,,,2015,2014-15,Canyons,canyons,joseharosypos,Jose Haros
Feb 21,home,Orange Coast,W,5-4,5,4,1,win,20150221_rzec,0,0,0,1,0.2,2.0,1.0,1.0,13.5,,2.0,2015,2014-15,Canyons,canyons,joseharosypos,Jose Haros
Feb 26,home,Cosumnes River,L,5-3,5,3,2,win,20150226_3lka,0,0,0,0,0.0,,,,0.0,,,2015,2014-15,Canyons,canyons,joseharosypos,Jose Haros
Feb 27,home,Cosumnes River,L,9-6,9,6,3,win,20150227_qrhk,0,0,0,0,0.0,,,,0.0,,,2015,2014-15,Canyons,canyons,joseharosypos,Jose Haros
Mar 3,home,Antelope Valley,W,5-4,5,4,1,win,20150303_t1a0,0,1,0,0,1.0,,1.0,1.0,9.0,2.0,1.0,2015,2014-15,Canyons,canyons,joseharosypos,Jose Haros
Mar 5,home,Citrus,W,7-3,7,3,4,win,20150305_aord,0,0,0,0,0.0,,,,0.0,,,2015,2014-15,Canyons,canyons,joseharosypos,Jose Haros
Mar 7,home,LA Valley,W,4-0,4,0,4,win,20150307_8aw0,0,0,0,0,0.0,,,,0.0,,,2015,2014-15,Canyons,canyons,joseharosypos,Jose Haros
Mar 10,home,West LA,W,8-0,8,0,8,win,20150310_1jzj,0,0,0,0,0.0,,,,0.0,,,2015,2014-15,Canyons,canyons,joseharosypos,Jose Haros
Mar 12,home,LA Mission,W,3-2,3,2,1,win,20150312_8drc,0,0,0,0,0.0,,,,0.0,,,2015,2014-15,Canyons,canyons,joseharosypos,Jose Haros
Mar 14,home,Bakersfield,L,7-6,7,6,1,win,20150314_caf2,0,0,0,0,2.0,2.0,1.0,0.0,0.0,0.0,3.0,2015,2014-15,Canyons,canyons,joseharosypos,Jose Haros
Mar 17,home,Glendale,L,10-3,10,3,7,win,20150317_jszu,0,0,0,0,0.0,,,,0.0,,,2015,2014-15,Canyons,canyons,joseharosypos,Jose Haros
Mar 19,home,Antelope Valley,L,3-0,3,0,3,win,20150319_b4ts,0,0,0,0,0.0,,,,0.0,,,2015,2014-15,Canyons,canyons,joseharosypos,Jose Haros
Mar 21,home,Antelope Valley,L,10-9,10,9,1,win,20150321_ovnp,0,0,0,0,0.0,,,,0.0,,,2015,2014-15,Canyons,canyons,joseharosypos,Jose Haros
Mar 24,home,Citrus,W,7-0,7,0,7,win,20150324_chf3,0,0,0,0,0.0,,,,0.0,,,2015,2014-15,Canyons,canyons,joseharosypos,Jose Haros
Mar 26,home,Citrus,L,3-2,3,2,1,win,20150326_vq57,0,0,0,0,0.0,,,,0.0,,,2015,2014-15,Canyons,canyons,joseharosypos,Jose Haros
Mar 27,home,LA Valley,W,6-5,6,5,1,win,20150327_39ze,0,0,0,1,1.0,2.0,1.0,1.0,9.0,,,2015,2014-15,Canyons,canyons,joseharosypos,Jose Haros
Mar 31,home,Merced,L,17-5,17,5,12,win,20150331_2fb9,0,0,0,0,0.0,,,,0.0,,,2015,2014-15,Canyons,canyons,joseharosypos,Jose Haros
Apr 1,home,East Los Angeles,W,6-5,6,5,1,win,20150401_uk08,0,0,0,0,0.0,,,,0.0,,,2015,2014-15,Canyons,canyons,joseharosypos,Jose Haros
Apr 2,home,Cerritos,L,6-5,6,5,1,win,20150402_e3pi,0,0,0,0,0.0,,,,0.0,,,2015,2014-15,Canyons,canyons,joseharosypos,Jose Haros
Apr 8,home,LA Valley,W,3-2,3,2,1,win,20150408_x3sz,0,0,0,0,0.0,,,,0.0,,,2015,2014-15,Canyons,canyons,joseharosypos,Jose Haros
Apr 9,home,West LA,W,18-5,18,5,13,win,20150409_kn08,0,0,0,0,0.0,,,,0.0,,,2015,2014-15,Canyons,canyons,joseharosypos,Jose Haros
Apr 11,home,West LA,L,7-3,7,3,4,win,20150411_xksz,0,0,0,0,0.0,,,,0.0,,,2015,2014-15,Canyons,canyons,joseharosypos,Jose Haros
Apr 14,home,LA Mission,L,9-7,9,7,2,win,20150414_q2ld,0,0,0,0,0.0,,,,0.0,,,2015,2014-15,Canyons,canyons,joseharosypos,Jose Haros
Apr 16,home,LA Mission,L,3-0,3,0,3,win,20150416_70b9,0,0,0,0,0.0,,,,0.0,,,2015,2014-15,Canyons,canyons,joseharosypos,Jose Haros
Apr 18,home,Bakersfield,L,8-4,8,4,4,win,20150418_i4pe,0,0,0,0,0.0,,,,0.0,,,2015,2014-15,Canyons,canyons,joseharosypos,Jose Haros
Apr 21,home,Bakersfield,W,7-5,7,5,2,win,20150421_rz4d,0,0,0,0,0.0,,,,0.0,,,2015,2014-15,Canyons,canyons,joseharosypos,Jose Haros
Apr 23,home,Glendale,W,7-3,7,3,4,win,20150423_749f,0,0,0,0,0.0,,,,0.0,,,2015,2014-15,Canyons,canyons,joseharosypos,Jose Haros
Apr 24,home,Glendale,L,8-6,8,6,2,win,20150424_ozvx,0,0,0,0,0.0,,,,0.0,,,2015,2014-15,Canyons,canyons,joseharosypos,Jose Haros
Jan 29,home,Solano,W,6-1,6,1,5,win,20150129_goi0,0,0,0,0,0.0,,,,0.0,,,2015,2014-15,Taft,taft,keithtatumqtoz,Keith Tatum
Jan 30,home,Feather River,W,3-2,3,2,1,win,20150130_q1vt,0,0,0,0,0.0,,,,0.0,,,2015,2014-15,Taft,taft,keithtatumqtoz,Keith Tatum
Jan 31,home,Barstow,L,7-3,7,3,4,win,20150131_l2tm,0,0,0,0,0.0,,,,0.0,,,2015,2014-15,Taft,taft,keithtatumqtoz,Keith Tatum
Feb 5,home,Siskiyous,W,3-2,3,2,1,win,20150205_6f4v,0,0,0,0,0.0,,,,0.0,,,2015,2014-15,Taft,taft,keithtatumqtoz,Keith Tatum
Feb 6,home,Siskiyous,L,6-3,6,3,3,win,20150206_ecuz,0,0,0,0,0.0,,,,0.0,,,2015,2014-15,Taft,taft,keithtatumqtoz,Keith Tatum
Feb 7,home,Folsom Lake,W,17-4,17,4,13,win,20150207_mju4,0,0,0,0,0.0,,,,0.0,,,2015,2014-15,Taft,taft,keithtatumqtoz,Keith Tatum
Feb 13,home,Monterey,W,10-3,10,3,7,win,20150213_hmzu,0,0,0,0,0.0,,,,0.0,,,2015,2014-15,Taft,taft,keithtatumqtoz,Keith Tatum
Feb 13,home,Monterey,W,8-7,8,7,1,win,20150213_r0g9,0,0,0,0,0.0,,,,0.0,,,2015,2014-15,Taft,taft,keithtatumqtoz,Keith Tatum
Feb 14,home,Cerro Coso,W,12-5,12,5,7,win,20150214_d85d,0,0,0,0,0.0,,,,0.0,,,2015,2014-15,Taft,taft,keithtatumqtoz,Keith Tatum
Feb 17,home,West Hills Coalinga,W,12-6,12,6,6,win,20150217_22zu,0,0,0,0,0.0,,,,0.0,,,2015,2014-15,Taft,taft,keithtatumqtoz,Keith Tatum
Feb 19,home,West Hills Coalinga,W,14-5,14,5,9,win,20150219_cbmt,0,0,0,0,0.0,,,,0.0,,,2015,2014-15,Taft,taft,keithtatumqtoz,Keith Tatum
Feb 21,home,West Hills Coalinga,W,4-3,4,3,1,win,20150221_o8g9,0,0,0,0,0.0,,,,0.0,,,2015,2014-15,Taft,taft,keithtatumqtoz,Keith Tatum
Feb 24,home,Reedley,L,8-2,8,2,6,win,20150224_ttow,0,0,0,0,0.0,,,,0.0,,,2015,2014-15,Taft,taft,keithtatumqtoz,Keith Tatum
Feb 26,home,Reedley,L,8-1,8,1,7,win,20150226_grht,0,0,0,0,0.0,,,,0.0,,,2015,2014-15,Taft,taft,keithtatumqtoz,Keith Tatum
Feb 28,home,Reedley,W,6-5,6,5,1,win,20150228_74p6,0,0,0,0,0.0,,,,0.0,,,2015,2014-15,Taft,taft,keithtatumqtoz,Keith Tatum
Mar 3,home,Porterville,W,8-7,8,7,1,win,20150303_y1uy,0,0,0,0,0.0,,,,0.0,,,2015,2014-15,Taft,taft,keithtatumqtoz,Keith Tatum
Mar 5,home,Porterville,W,6-2,6,2,4,win,20150305_6h0a,0,0,0,0,0.0,,,,0.0,,,2015,2014-15,Taft,taft,keithtatumqtoz,Keith Tatum
Mar 7,home,Porterville,W,8-2,8,2,6,win,20150307_3mzd,0,0,0,0,0.0,,,,0.0,,,2015,2014-15,Taft,taft,keithtatumqtoz,Keith Tatum
Mar 10,home,Sequoias,L,5-1,5,1,4,win,20150310_mv0m,0,0,0,0,0.0,,,,0.0,,,2015,2014-15,Taft,taft,keithtatumqtoz,Keith Tatum
Mar 12,home,Sequoias,L,4-3,4,3,1,win,20150312_mgo4,0,0,0,0,0.0,,,,0.0,,,2015,2014-15,Taft,taft,keithtatumqtoz,Keith Tatum
Mar 14,home,Sequoias,L,5-3,5,3,2,win,20150314_63po,0,0,0,0,0.0,,,,0.0,,,2015,2014-15,Taft,taft,keithtatumqtoz,Keith Tatum
Mar 24,home,Fresno City,L,18-2,18,2,16,win,20150324_sq5j,0,0,0,0,0.0,,,,0.0,,,2015,2014-15,Taft,taft,keithtatumqtoz,Keith Tatum
Mar 26,home,Fresno City,L,9-6,9,6,3,win,20150326_it3o,0,0,0,0,0.0,,,,0.0,,,2015,2014-15,Taft,taft,keithtatumqtoz,Keith Tatum
Mar 28,home,Fresno City,L,10-2,10,2,8,win,20150328_2md6,0,0,0,0,0.0,,,,0.0,,,2015,2014-15,Taft,taft,keithtatumqtoz,Keith Tatum
Apr 1,home,Fullerton,L,11-0,11,0,11,win,20150401_q0je,0,0,0,0,0.0,,,,0.0,,,2015,2014-15,Taft,taft,keithtatumqtoz,Keith Tatum
Apr 2,home,Riverside,W,4-3,4,3,1,win,20150402_gveg,0,0,0,0,0.0,,,,0.0,,,2015,2014-15,Taft,taft,keithtatumqtoz,Keith Tatum
Apr 3,home,Moorpark,L,12-4,12,4,8,win,20150403_ujjd,0,0,0,0,0.0,,,,0.0,,,2015,2014-15,Taft,taft,keithtatumqtoz,Keith Tatum
Apr 8,home,Merced,L,9-7,9,7,2,win,20150408_rzug,0,0,0,0,0.0,,,,0.0,,,2015,2014-15,Taft,taft,keithtatumqtoz,Keith Tatum
Apr 9,home,Merced,W,3-1,3,1,2,win,20150409_c190,0,0,0,0,0.0,,,,0.0,,,2015,2014-15,Taft,taft,keithtatumqtoz,Keith Tatum
Apr 11,home,Merced,L,6-4,6,4,2,win,20150411_q2wk,0,0,0,0,0.0,,,,0.0,,,2015,2014-15,Taft,taft,keithtatumqtoz,Keith Tatum
Apr 14,home,Porterville,W,9-4,9,4,5,win,20150414_v841,0,0,0,0,0.0,,,,0.0,,,2015,2014-15,Taft,taft,keithtatumqtoz,Keith Tatum
Apr 16,home,Merced,L,13-3,13,3,10,win,20150416_jt8o,0,0,0,0,0.0,,,,0.0,,,2015,2014-15,Taft,taft,keithtatumqtoz,Keith Tatum
Apr 18,home,West Hills Coalinga,W,6-2,6,2,4,win,20150418_w7nt,0,0,0,0,0.0,,,,0.0,,,2015,2014-15,Taft,taft,keithtatumqtoz,Keith Tatum
Apr 19,home,Fresno City,W,4-3,4,3,1,win,20150419_q06i,0,0,0,0,0.0,,,,0.0,,,2015,2014-15,Taft,taft,keithtatumqtoz,Keith Tatum
Apr 21,home,Sequoias,W,2-1,2,1,1,win,20150421_qc8k,0,0,0,0,0.0,,,,0.0,,,2015,2014-15,Taft,taft,keithtatumqtoz,Keith Tatum
Apr 23,home,Reedley,W,4-2,4,2,2,win,20150423_39h3,0,0,0,0,0.0,,,,0.0,,,2015,2014-15,Taft,taft,keithtatumqtoz,Keith Tatum
Jan 27,home,West Valley,W,4-1,4,1,3,win,20150127_i1hs,0,0,0,0,0.0,,,,0.0,,,2015,2014-15,Solano,solano,garlindwebster2bpy,Garlind Webster
Jan 29,home,Taft,L,6-1,6,1,5,win,20150129_goi0,0,0,0,0,0.0,,,,0.0,,,2015,2014-15,Solano,solano,garlindwebster2bpy,Garlind Webster
Jan 30,home,Feather River,W,8-2,8,2,6,win,20150130_pjry,0,0,0,0,0.0,,,,0.0,,,2015,2014-15,Solano,solano,garlindwebster2bpy,Garlind Webster
Feb 5,home,San Mateo,L,7-4,7,4,3,win,20150205_2qwz,0,0,0,0,0.0,,,,0.0,,,2015,2014-15,Solano,solano,garlindwebster2bpy,Garlind Webster
Feb 7,home,San Mateo,W,8-6,8,6,2,win,20150207_pmgd,0,0,0,0,0.0,,,,0.0,,,2015,2014-15,Solano,solano,garlindwebster2bpy,Garlind Webster
Feb 10,home,American River,L,7-4,7,4,3,win,20150210_9wuy,0,0,0,0,0.0,,,,0.0,,,2015,2014-15,Solano,solano,garlindwebster2bpy,Garlind Webster
Feb 12,home,San Joaquin  Delta,L,5-1,5,1,4,win,20150212_4hfu,0,0,0,0,0.0,,,,0.0,,,2015,2014-15,Solano,solano,garlindwebster2bpy,Garlind Webster
Feb 14,home,San Joaquin  Delta,L,3-2,3,2,1,win,20150214_s2d3,0,0,0,0,0.0,,,,0.0,,,2015,2014-15,Solano,solano,garlindwebster2bpy,Garlind Webster
Feb 17,home,Hartnell,W,12-9,12,9,3,win,20150217_p2g5,0,0,0,0,0.0,,,,0.0,,,2015,2014-15,Solano,solano,garlindwebster2bpy,Garlind Webster
Feb 19,home,Santa Rosa,L,7-2,7,2,5,win,20150219_wf6q,0,0,0,0,0.0,,,,0.0,,,2015,2014-15,Solano,solano,garlindwebster2bpy,Garlind Webster
Feb 21,home,Santa Rosa,W,2-1,2,1,1,win,20150221_ogp7,0,0,0,0,0.0,,,,0.0,,,2015,2014-15,Solano,solano,garlindwebster2bpy,Garlind Webster
Feb 24,home,American River,L,9-7,9,7,2,win,20150224_736l,0,0,0,0,0.0,,,,0.0,,,2015,2014-15,Solano,solano,garlindwebster2bpy,Garlind Webster
Feb 28,home,Yuba,W,5-4,5,4,1,win,20150228_2k5h,0,0,0,0,0.0,,,,0.0,,,2015,2014-15,Solano,solano,garlindwebster2bpy,Garlind Webster
Mar 3,home,Yuba,W,10-5,10,5,5,win,20150303_03ti,0,0,0,0,0.0,,,,0.0,,,2015,2014-15,Solano,solano,garlindwebster2bpy,Garlind Webster
Mar 5,home,Folsom Lake,W,8-3,8,3,5,win,20150305_95dr,0,0,0,0,0.0,,,,0.0,,,2015,2014-15,Solano,solano,garlindwebster2bpy,Garlind Webster
Mar 7,home,Folsom Lake,W,2-1,2,1,1,win,20150307_lffh,0,0,0,0,0.0,,,,0.0,,,2015,2014-15,Solano,solano,garlindwebster2bpy,Garlind Webster
Mar 10,home,Laney,W,10-3,10,3,7,win,20150310_pve7,0,0,0,0,0.0,,,,0.0,,,2015,2014-15,Solano,solano,garlindwebster2bpy,Garlind Webster
Mar 12,home,Laney,W,11-7,11,7,4,win,20150312_5897,0,0,0,0,0.0,,,,0.0,,,2015,2014-15,Solano,solano,garlindwebster2bpy,Garlind Webster
Mar 14,home,Marin,L,2-1,2,1,1,win,20150314_nubv,0,0,0,0,0.0,,,,0.0,,,2015,2014-15,Solano,solano,garlindwebster2bpy,Garlind Webster
Mar 17,home,Marin,W,5-3,5,3,2,win,20150317_yvk9,0,0,0,0,0.0,,,,0.0,,,2015,2014-15,Solano,solano,garlindwebster2bpy,Garlind Webster
Mar 19,home,Los Medanos,W,5-4,5,4,1,win,20150319_k6ho,0,0,0,0,0.0,,,,0.0,,,2015,2014-15,Solano,solano,garlindwebster2bpy,Garlind Webster
Mar 21,home,Los Medanos,L,2-1,2,1,1,win,20150321_k09l,0,0,0,0,0.0,,,,0.0,,,2015,2014-15,Solano,solano,garlindwebster2bpy,Garlind Webster
Mar 24,home,Napa,L,10-3,10,3,7,win,20150324_j4na,0,0,0,0,0.0,,,,0.0,,,2015,2014-15,Solano,solano,garlindwebster2bpy,Garlind Webster
Mar 26,home,Napa,W,5-3,5,3,2,win,20150326_fw3i,0,0,0,0,0.0,,,,0.0,,,2015,2014-15,Solano,solano,garlindwebster2bpy,Garlind Webster
Mar 28,home,Contra Costa,W,10-0,10,0,10,win,20150328_x4x7,0,0,0,0,0.0,,,,0.0,,,2015,2014-15,Solano,solano,garlindwebster2bpy,Garlind Webster
Mar 31,home,Contra Costa,W,21-4,21,4,17,win,20150331_tszu,0,0,0,0,0.0,,,,0.0,,,2015,2014-15,Solano,solano,garlindwebster2bpy,Garlind Webster
Apr 2,home,Mendocino,W,7-3,7,3,4,win,20150402_x3g7,0,0,0,0,0.0,,,,0.0,,,2015,2014-15,Solano,solano,garlindwebster2bpy,Garlind Webster
Apr 3,home,Mendocino,W,8-7,8,7,1,win,20150403_rnlo,0,0,0,0,0.0,,,,0.0,,,2015,2014-15,Solano,solano,garlindwebster2bpy,Garlind Webster
Apr 9,home,Yuba,W,11-5,11,5,6,win,20150409_g4a9,0,0,0,0,0.0,,,,0.0,,,2015,2014-15,Solano,solano,garlindwebster2bpy,Garlind Webster
Apr 10,home,Folsom Lake,W,11-3,11,3,8,win,20150410_d27z,0,0,0,0,0.0,,,,0.0,,,2015,2014-15,Solano,solano,garlindwebster2bpy,Garlind Webster
Apr 14,home,Laney,L,9-6,9,6,3,win,20150414_7jni,0,0,0,0,0.0,,,,0.0,,,2015,2014-15,Solano,solano,garlindwebster2bpy,Garlind Webster
Apr 16,home,Marin,L,16-8,16,8,8,win,20150416_md7r,0,0,0,0,0.0,,,,0.0,,,2015,2014-15,Solano,solano,garlindwebster2bpy,Garlind Webster
Apr 17,home,Los Medanos,W,6-4,6,4,2,win,20150417_fbkw,0,0,0,0,0.0,,,,0.0,,,2015,2014-15,Solano,solano,garlindwebster2bpy,Garlind Webster
Apr 21,home,Napa,W,15-12,15,12,3,win,20150421_rx5s,0,0,0,0,0.0,,,,0.0,,,2015,2014-15,Solano,solano,garlindwebster2bpy,Garlind Webster
Apr 23,home,Contra Costa,W,18-10,18,10,8,win,20150423_r28r,0,0,0,0,0.0,,,,0.0,,,2015,2014-15,Solano,solano,garlindwebster2bpy,Garlind Webster
Apr 24,home,Mendocino,W,7-5,7,5,2,win,20150424_u8k4,0,0,0,0,0.0,,,,0.0,,,2015,2014-15,Solano,solano,garlindwebster2bpy,Garlind Webster
May 1,home,Ohlone,L,5-3,5,3,2,win,20150501_q6iw,0,0,0,0,0.0,,,,0.0,,,2015,2014-15,Solano,solano,garlindwebster2bpy,Garlind Webster
May 2,home,Ohlone,L,3-2,3,2,1,win,20150502_9m0n,0,0,0,0,0.0,,,,0.0,,,2015,2014-15,Solano,solano,garlindwebster2bpy,Garlind Webster
Jan 30,home,West LA,W,3-1,3,1,2,win,20150130_1sov,0,1,0,0,5.0,5.0,1.0,1.0,1.8,2.0,6.0,2015,2014-15,Cerro Coso,cerrocoso,drewpeterson95di,Drew Peterson
Jan 31,home,West LA,L,6-2,6,2,4,win,20150131_f8yh,0,0,0,0,0.0,,,,0.0,,,2015,2014-15,Cerro Coso,cerrocoso,drewpeterson95di,Drew Peterson
Jan 31,home,West LA,W,9-7,9,7,2,win,20150131_v431,0,0,0,0,0.0,,,,0.0,,,2015,2014-15,Cerro Coso,cerrocoso,drewpeterson95di,Drew Peterson
Feb 6,home,San Diego City,L,6-1,6,1,5,win,20150206_cahu,0,0,0,0,0.0,,,,0.0,,,2015,2014-15,Cerro Coso,cerrocoso,drewpeterson95di,Drew Peterson
Feb 7,home,Imperial Valley,W,15-9,15,9,6,win,20150207_a6bk,0,0,0,0,0.0,,,,0.0,,,2015,2014-15,Cerro Coso,cerrocoso,drewpeterson95di,Drew Peterson
Feb 7,home,Imperial Valley,L,2-0,2,0,2,win,20150207_7yy8,0,0,0,0,0.0,,,,0.0,,,2015,2014-15,Cerro Coso,cerrocoso,drewpeterson95di,Drew Peterson
Feb 10,home,Imperial Valley,W,14-12,14,12,2,win,20150210_q3mw,0,0,0,0,0.0,,,,0.0,,,2015,2014-15,Cerro Coso,cerrocoso,drewpeterson95di,Drew Peterson
Feb 12,home,Monterey,L,1-0,1,0,1,win,20150212_wjuv,0,0,0,0,0.0,,,,0.0,,,2015,2014-15,Cerro Coso,cerrocoso,drewpeterson95di,Drew Peterson
Feb 14,home,Taft,L,12-5,12,5,7,win,20150214_d85d,0,0,0,0,0.0,,,,0.0,,,2015,2014-15,Cerro Coso,cerrocoso,drewpeterson95di,Drew Peterson
Feb 17,home,Canyons,L,19-2,19,2,17,win,20150217_8832,0,0,0,0,0.0,,,,0.0,,,2015,2014-15,Cerro Coso,cerrocoso,drewpeterson95di,Drew Peterson
Feb 21,home,Chaffey,L,10-3,10,3,7,win,20150221_6902,0,0,0,0,0.0,,,,0.0,,,2015,2014-15,Cerro Coso,cerrocoso,drewpeterson95di,Drew Peterson
Feb 24,home,San Bernardino,L,27-6,27,6,21,win,20150224_bprz,0,0,0,0,0.0,,,,0.0,,,2015,2014-15,Cerro Coso,cerrocoso,drewpeterson95di,Drew Peterson
Feb 26,home,Barstow,L,9-7,9,7,2,win,20150226_46k2,0,0,0,0,0.0,,,,0.0,,,2015,2014-15,Cerro Coso,cerrocoso,drewpeterson95di,Drew Peterson
Feb 28,home,Desert,L,15-8,15,8,7,win,20150228_q1ll,0,0,0,0,0.0,,,,0.0,,,2015,2014-15,Cerro Coso,cerrocoso,drewpeterson95di,Drew Peterson
Mar 5,home,Rio Hondo,L,14-3,14,3,11,win,20150305_n0it,0,0,0,0,0.0,,,,0.0,,,2015,2014-15,Cerro Coso,cerrocoso,drewpeterson95di,Drew Peterson
Mar 7,home,Victor Valley,L,20-0,20,0,20,win,20150307_q501,0,0,0,0,0.0,,,,0.0,,,2015,2014-15,Cerro Coso,cerrocoso,drewpeterson95di,Drew Peterson
Mar 10,home,Chaffey,L,13-3,13,3,10,win,20150310_f3me,0,0,0,0,0.0,,,,0.0,,,2015,2014-15,Cerro Coso,cerrocoso,drewpeterson95di,Drew Peterson
Mar 12,home,Chaffey,W,2-1,2,1,1,win,20150312_yz1y,0,0,0,0,0.0,,,,0.0,,,2015,2014-15,Cerro Coso,cerrocoso,drewpeterson95di,Drew Peterson
Mar 14,home,Chaffey,L,11-3,11,3,8,win,20150314_zz1b,0,0,0,0,0.0,,,,0.0,,,2015,2014-15,Cerro Coso,cerrocoso,drewpeterson95di,Drew Peterson
Mar 28,home,Barstow,L,17-2,17,2,15,win,20150328_n0z1,0,0,0,0,0.0,,,,0.0,,,2015,2014-15,Cerro Coso,cerrocoso,drewpeterson95di,Drew Peterson
Mar 31,home,Desert,L,12-10,12,10,2,win,20150331_5hgw,0,0,0,0,0.0,,,,0.0,,,2015,2014-15,Cerro Coso,cerrocoso,drewpeterson95di,Drew Peterson
Apr 2,home,Desert,L,7-6,7,6,1,win,20150402_o884,0,0,0,0,0.0,,,,0.0,,,2015,2014-15,Cerro Coso,cerrocoso,drewpeterson95di,Drew Peterson
Apr 4,home,Desert,L,8-6,8,6,2,win,20150404_uutp,0,0,0,0,0.0,,,,0.0,,,2015,2014-15,Cerro Coso,cerrocoso,drewpeterson95di,Drew Peterson
Apr 9,home,Southwestern,L,10-1,10,1,9,win,20150409_cpvd,0,0,0,0,0.0,,,,0.0,,,2015,2014-15,Cerro Coso,cerrocoso,drewpeterson95di,Drew Peterson
Apr 16,home,Rio Hondo,L,12-3,12,3,9,win,20150416_3nha,0,0,0,0,0.0,,,,0.0,,,2015,2014-15,Cerro Coso,cerrocoso,drewpeterson95di,Drew Peterson
Apr 18,home,Rio Hondo,L,7-2,7,2,5,win,20150418_041v,0,0,0,0,0.0,,,,0.0,,,2015,2014-15,Cerro Coso,cerrocoso,drewpeterson95di,Drew Peterson
Apr 21,home,Victor Valley,L,31-7,31,7,24,win,20150421_dyis,0,0,0,0,0.0,,,,0.0,,,2015,2014-15,Cerro Coso,cerrocoso,drewpeterson95di,Drew Peterson
Apr 23,home,Victor Valley,L,9-5,9,5,4,win,20150423_qjsm,0,0,0,0,0.0,,,,0.0,,,2015,2014-15,Cerro Coso,cerrocoso,drewpeterson95di,Drew Peterson
Jan 29,home,Santa Rosa,W,7-6,7,6,1,win,20150129_j5ks,0,0,0,0,0.0,,,,0.0,,,2015,2014-15,Chabot,chabot,blakeguardino4qo2,Blake Guardino
Jan 31,home,Santa Rosa,L,4-3,4,3,1,win,20150131_mzgs,0,0,0,0,0.0,,,,0.0,,,2015,2014-15,Chabot,chabot,blakeguardino4qo2,Blake Guardino
Feb 3,home,Sacramento City,W,10-2,10,2,8,win,20150203_pcua,0,0,0,0,0.0,,,,0.0,,,2015,2014-15,Chabot,chabot,blakeguardino4qo2,Blake Guardino
Feb 5,home,Sacramento City,L,13-7,13,7,6,win,20150205_2a1i,0,0,0,0,0.0,,,,0.0,,,2015,2014-15,Chabot,chabot,blakeguardino4qo2,Blake Guardino
Feb 11,home,Cosumnes River,L,8-4,8,4,4,win,20150211_vfb6,0,0,0,0,0.0,,,,0.0,,,2015,2014-15,Chabot,chabot,blakeguardino4qo2,Blake Guardino
Feb 13,home,Fresno City,L,5-1,5,1,4,win,20150213_2d9r,0,0,0,0,0.0,,,,0.0,,,2015,2014-15,Chabot,chabot,blakeguardino4qo2,Blake Guardino
Feb 14,home,Fresno City,L,4-3,4,3,1,win,20150214_5ax4,0,0,0,0,0.0,,,,0.0,,,2015,2014-15,Chabot,chabot,blakeguardino4qo2,Blake Guardino
Feb 17,home,Cosumnes River,L,8-5,8,5,3,win,20150217_loid,0,0,0,0,0.0,,,,0.0,,,2015,2014-15,Chabot,chabot,blakeguardino4qo2,Blake Guardino
Feb 19,home,Sierra,L,5-3,5,3,2,win,20150219_ywgg,0,0,0,0,0.0,,,,0.0,,,2015,2014-15,Chabot,chabot,blakeguardino4qo2,Blake Guardino
Feb 24,home,West Valley,W,12-11,12,11,1,win,20150224_cqtk,0,0,0,0,0.0,,,,0.0,,,2015,2014-15,Chabot,chabot,blakeguardino4qo2,Blake Guardino
Feb 26,home,Mission,L,3-1,3,1,2,win,20150226_6yk8,0,0,0,0,0.0,,,,0.0,,,2015,2014-15,Chabot,chabot,blakeguardino4qo2,Blake Guardino
Feb 27,home,San Joaquin  Delta,L,5-3,5,3,2,win,20150227_26ak,0,0,0,0,0.0,,,,0.0,,,2015,2014-15,Chabot,chabot,blakeguardino4qo2,Blake Guardino
Mar 3,home,San Mateo,L,7-0,7,0,7,win,20150303_hno2,0,0,0,0,0.0,,,,0.0,,,2015,2014-15,Chabot,chabot,blakeguardino4qo2,Blake Guardino
Mar 5,home,Cabrillo,L,3-0,3,0,3,win,20150305_j3bm,0,0,0,0,0.0,,,,0.0,,,2015,2014-15,Chabot,chabot,blakeguardino4qo2,Blake Guardino
Mar 6,home,Mission,W,12-6,12,6,6,win,20150306_t3wo,0,0,0,0,0.0,,,,0.0,,,2015,2014-15,Chabot,chabot,blakeguardino4qo2,Blake Guardino
Mar 10,home,Skyline,L,9-5,9,5,4,win,20150310_4zhc,0,0,0,0,0.0,,,,0.0,,,2015,2014-15,Chabot,chabot,blakeguardino4qo2,Blake Guardino
Mar 12,home,San Francisco,L,3-2,3,2,1,win,20150312_6817,0,0,0,0,0.0,,,,0.0,,,2015,2014-15,Chabot,chabot,blakeguardino4qo2,Blake Guardino
Mar 17,home,Ohlone,W,8-0,8,0,8,win,20150316_l393,0,0,0,0,0.0,,,,0.0,,,2015,2014-15,Chabot,chabot,blakeguardino4qo2,Blake Guardino
Mar 21,home,San Mateo,L,9-3,9,3,6,win,20150321_gcby,0,0,0,0,0.0,,,,0.0,,,2015,2014-15,Chabot,chabot,blakeguardino4qo2,Blake Guardino
Mar 24,home,Mission,L,6-4,6,4,2,win,20150324_lfj6,0,0,0,0,0.0,,,,0.0,,,2015,2014-15,Chabot,chabot,blakeguardino4qo2,Blake Guardino
Apr 21,home,San Francisco,W,9-3,9,3,6,win,20150421_5s6h,0,0,0,0,0.0,,,,0.0,,,2015,2014-15,Chabot,chabot,blakeguardino4qo2,Blake Guardino
Apr 22,home,San Mateo,W,15-13,15,13,2,win,20150422_8bl5,0,0,0,0,0.0,,,,0.0,,,2015,2014-15,Chabot,chabot,blakeguardino4qo2,Blake Guardino
Jan 30,home,Napa,W,16-3,16,3,13,win,20150130_xre5,0,0,0,0,0.0,,,,0.0,,,2015,2014-15,Santa Barbara,santabarbara,austinfietzeq2y5,Austin Fietze
Feb 21,home,Oxnard,L,6-2,6,2,4,win,20150221_e8yk,0,0,0,0,0.0,,,,0.0,,,2015,2014-15,Santa Barbara,santabarbara,austinfietzeq2y5,Austin Fietze
Mar 7,home,LA Pierce,W,13-2,13,2,11,win,20150307_14fo,0,0,0,0,0.0,,,,0.0,,,2015,2014-15,Santa Barbara,santabarbara,austinfietzeq2y5,Austin Fietze
Apr 14,home,LA Pierce,W,13-2,13,2,11,win,20150414_jyb2,0,0,0,0,0.0,,,,0.0,,,2015,2014-15,Santa Barbara,santabarbara,austinfietzeq2y5,Austin Fietze
Apr 23,home,Allan Hancock,W,14-0,14,0,14,win,20150423_eqgz,0,0,0,0,0.0,,,,0.0,,,2015,2014-15,Santa Barbara,santabarbara,austinfietzeq2y5,Austin Fietze
Feb 21,home,Santa Ana,L,5-4,5,4,1,win,20150221_yaeg,0,0,0,0,0.0,,,,0.0,,,2015,2014-15,Mt. San Antonio,mtsanantonio,aaronsalgado6279,Aaron Salgado
Mar 4,home,LA Harbor,L,7-2,7,2,5,win,20150304_4a7r,0,0,0,0,0.0,,,,0.0,,,2015,2014-15,Mt. San Antonio,mtsanantonio,aaronsalgado6279,Aaron Salgado
Mar 17,home,East Los Angeles,L,3-2,3,2,1,win,20150317_z9g7,0,0,0,0,0.0,,,,0.0,,,2015,2014-15,Mt. San Antonio,mtsanantonio,aaronsalgado6279,Aaron Salgado
Mar 19,home,East Los Angeles,W,12-4,12,4,8,win,20150319_f06b,0,0,0,0,0.0,,,,0.0,,,2015,2014-15,Mt. San Antonio,mtsanantonio,aaronsalgado6279,Aaron Salgado
Mar 21,home,East Los Angeles,L,1-0,1,0,1,win,20150321_g55p,0,0,0,0,0.0,,,,0.0,,,2015,2014-15,Mt. San Antonio,mtsanantonio,aaronsalgado6279,Aaron Salgado
Mar 24,home,El Camino,L,6-5,6,5,1,win,20150324_8nom,0,0,0,0,0.0,,,,0.0,,,2015,2014-15,Mt. San Antonio,mtsanantonio,aaronsalgado6279,Aaron Salgado
Apr 21,home,Pasadena,L,2-0,2,0,2,win,20150421_6z6p,0,0,0,0,0.0,,,,0.0,,,2015,2014-15,Mt. San Antonio,mtsanantonio,aaronsalgado6279,Aaron Salgado
Apr 23,home,Pasadena,L,11-4,11,4,7,win,20150423_x1jh,0,0,0,0,0.0,,,,0.0,,,2015,2014-15,Mt. San Antonio,mtsanantonio,aaronsalgado6279,Aaron Salgado
Jan 29,home,Lassen,W,9-6,9,6,3,win,20150129_pwpb,0,0,0,0,2.1,4.0,3.0,3.0,11.57,,1.0,2015,2014-15,Gavilan,gavilan,johnangelxj6o,John Angel
Feb 14,home,Folsom Lake,L,13-4,13,4,9,win,20150214_torj,0,0,0,0,1.0,2.0,0.0,0.0,0.0,1.0,1.0,2015,2014-15,Gavilan,gavilan,johnangelxj6o,John Angel
Feb 21,home,San Francisco,W,9-1,9,1,8,win,20150221_4r3t,0,0,0,0,0.0,,,,0.0,,,2015,2014-15,Gavilan,gavilan,johnangelxj6o,John Angel
Mar 12,home,Hartnell,W,8-3,8,3,5,win,20150312_coa7,0,0,0,0,0.1,1.0,1.0,1.0,27.0,0.0,0.0,2015,2014-15,Gavilan,gavilan,johnangelxj6o,John Angel
Mar 31,home,Chabot,L,17-11,17,11,6,win,20150330_cog5,0,0,0,0,1.1,3.0,2.0,2.0,13.5,1.0,1.0,2015,2014-15,Gavilan,gavilan,johnangelxj6o,John Angel
Jan 27,home,Glendale,W,6-5,6,5,1,win,20150127_bqi7,0,0,0,0,0.0,,,,0.0,,,2015,2014-15,Cerritos,cerritos,nickvasquezy7h9,Nick Vasquez
Jan 31,home,Citrus,W,14-6,14,6,8,win,20150131_cq3e,0,0,0,0,0.0,,,,0.0,,,2015,2014-15,Cerritos,cerritos,nickvasquezy7h9,Nick Vasquez
Feb 5,home,Ventura,W,6-4,6,4,2,win,20150205_gcsf,0,0,0,0,0.0,,,,0.0,,,2015,2014-15,Cerritos,cerritos,nickvasquezy7h9,Nick Vasquez
Feb 7,home,Santa Ana,W,2-0,2,0,2,win,20150207_ic3l,0,0,0,0,0.0,,,,0.0,,,2015,2014-15,Cerritos,cerritos,nickvasquezy7h9,Nick Vasquez
Feb 10,home,Golden West,L,4-2,4,2,2,win,20150210_l5yf,0,0,0,0,0.0,,,,0.0,,,2015,2014-15,Cerritos,cerritos,nickvasquezy7h9,Nick Vasquez
Feb 12,home,Mt. San Jacinto,L,5-3,5,3,2,win,20150212_aa3a,0,0,0,0,0.0,,,,0.0,,,2015,2014-15,Cerritos,cerritos,nickvasquezy7h9,Nick Vasquez
Feb 17,home,Santa Ana,L,7-2,7,2,5,win,20150217_r7yr,0,0,0,0,0.0,,,,0.0,,,2015,2014-15,Cerritos,cerritos,nickvasquezy7h9,Nick Vasquez
Feb 24,home,Golden West,W,3-2,3,2,1,win,20150224_iydm,0,0,0,0,0.0,,,,0.0,,,2015,2014-15,Cerritos,cerritos,nickvasquezy7h9,Nick Vasquez
Mar 4,home,Pasadena,W,5-4,5,4,1,win,20150304_2ge6,0,0,0,0,0.0,,,,0.0,,,2015,2014-15,Cerritos,cerritos,nickvasquezy7h9,Nick Vasquez
Mar 5,home,Pasadena,W,14-3,14,3,11,win,20150305_q9yo,0,0,0,0,0.0,,,,0.0,,,2015,2014-15,Cerritos,cerritos,nickvasquezy7h9,Nick Vasquez
Mar 7,home,Pasadena,W,5-0,5,0,5,win,20150307_w3ax,0,0,0,0,0.0,,,,0.0,,,2015,2014-15,Cerritos,cerritos,nickvasquezy7h9,Nick Vasquez
Mar 12,home,Mt. San Antonio,W,1-0,1,0,1,win,20150312_f5ok,0,0,0,0,0.0,,,,0.0,,,2015,2014-15,Cerritos,cerritos,nickvasquezy7h9,Nick Vasquez
Mar 17,home,Long Beach,L,3-0,3,0,3,win,20150317_311n,0,0,0,0,0.0,,,,0.0,,,2015,2014-15,Cerritos,cerritos,nickvasquezy7h9,Nick Vasquez
Mar 19,home,Long Beach,W,11-2,11,2,9,win,20150319_pksn,0,0,0,0,0.0,,,,0.0,,,2015,2014-15,Cerritos,cerritos,nickvasquezy7h9,Nick Vasquez
Mar 21,home,Long Beach,L,3-2,3,2,1,win,20150321_560e,0,0,0,0,0.0,,,,0.0,,,2015,2014-15,Cerritos,cerritos,nickvasquezy7h9,Nick Vasquez
Mar 24,home,El Camino-Compton Center,W,1-0,1,0,1,win,20150324_830h,0,0,0,0,0.0,,,,0.0,,,2015,2014-15,Cerritos,cerritos,nickvasquezy7h9,Nick Vasquez
Mar 26,home,El Camino-Compton Center,L,5-1,5,1,4,win,20150326_shcq,0,0,0,0,0.0,,,,0.0,,,2015,2014-15,Cerritos,cerritos,nickvasquezy7h9,Nick Vasquez
Mar 28,home,El Camino-Compton Center,L,2-1,2,1,1,win,20150328_1ngb,0,0,0,0,0.0,,,,0.0,,,2015,2014-15,Cerritos,cerritos,nickvasquezy7h9,Nick Vasquez
Apr 1,home,Merced,W,10-1,10,1,9,win,20150401_hd07,0,0,0,0,0.0,,,,0.0,,,2015,2014-15,Cerritos,cerritos,nickvasquezy7h9,Nick Vasquez
Apr 7,home,East Los Angeles,W,3-2,3,2,1,win,20150407_8uos,0,0,0,0,0.0,,,,0.0,,,2015,2014-15,Cerritos,cerritos,nickvasquezy7h9,Nick Vasquez
Apr 9,home,East Los Angeles,W,6-1,6,1,5,win,20150409_jus8,0,0,0,0,0.0,,,,0.0,,,2015,2014-15,Cerritos,cerritos,nickvasquezy7h9,Nick Vasquez
Apr 11,home,East Los Angeles,W,9-1,9,1,8,win,20150411_z29t,0,0,0,0,0.0,,,,0.0,,,2015,2014-15,Cerritos,cerritos,nickvasquezy7h9,Nick Vasquez
Apr 16,home,El Camino,W,10-2,10,2,8,win,20150416_e5ss,0,0,0,0,0.0,,,,0.0,,,2015,2014-15,Cerritos,cerritos,nickvasquezy7h9,Nick Vasquez
Apr 18,home,El Camino,W,7-6,7,6,1,win,20150418_a4y6,0,0,0,0,0.0,,,,0.0,,,2015,2014-15,Cerritos,cerritos,nickvasquezy7h9,Nick Vasquez
Apr 21,home,LA Harbor,L,8-4,8,4,4,win,20150421_kxc2,0,0,0,0,0.0,,,,0.0,,,2015,2014-15,Cerritos,cerritos,nickvasquezy7h9,Nick Vasquez
Apr 23,home,LA Harbor,W,5-1,5,1,4,win,20150423_6yej,0,0,0,0,0.0,,,,0.0,,,2015,2014-15,Cerritos,cerritos,nickvasquezy7h9,Nick Vasquez
Apr 24,home,LA Harbor,W,7-0,7,0,7,win,20150424_xanb,0,0,0,0,0.0,,,,0.0,,,2015,2014-15,Cerritos,cerritos,nickvasquezy7h9,Nick Vasquez
Apr 28,home,Riverside,L,6-2,6,2,4,win,20150428_bbuq,0,0,0,0,0.0,,,,0.0,,,2015,2014-15,Cerritos,cerritos,nickvasquezy7h9,Nick Vasquez
Jan 27,home,Monterey,W,4-1,4,1,3,win,20150127_9f2m,0,0,0,0,0.0,,,,0.0,,,2015,2014-15,Reedley,reedley,vancelopezz7ra,Vance Lopez
Jan 31,home,San Mateo,L,3-1,3,1,2,win,20150131_kpt8,0,0,0,0,0.0,,,,0.0,,,2015,2014-15,Reedley,reedley,vancelopezz7ra,Vance Lopez
Feb 5,home,Hartnell,W,5-1,5,1,4,win,20150205_trml,0,0,0,0,0.0,,,,0.0,,,2015,2014-15,Reedley,reedley,vancelopezz7ra,Vance Lopez
Feb 6,home,Golden West,L,7-2,7,2,5,win,20150206_o7yk,0,0,0,0,0.0,,,,0.0,,,2015,2014-15,Reedley,reedley,vancelopezz7ra,Vance Lopez
Feb 6,home,Marin,W,3-2,3,2,1,win,20150206_ldwm,0,0,0,0,0.0,,,,0.0,,,2015,2014-15,Reedley,reedley,vancelopezz7ra,Vance Lopez
Mar 17,home,Sequoias,L,9-1,9,1,8,win,20150317_u06t,0,0,0,0,0.0,,,,0.0,,,2015,2014-15,Reedley,reedley,vancelopezz7ra,Vance Lopez
Apr 1,home,Bakersfield,L,5-3,5,3,2,win,20150401_3t1y,0,0,0,0,0.0,,,,0.0,,,2015,2014-15,Reedley,reedley,vancelopezz7ra,Vance Lopez
Apr 10,home,Porterville,W,11-0,11,0,11,win,20150410_966u,0,0,0,0,0.0,,,,0.0,,,2015,2014-15,Reedley,reedley,vancelopezz7ra,Vance Lopez
Feb 7,home,East Los Angeles,W,9-2,9,2,7,win,20150207_tegn,0,0,0,0,0.0,,,,0.0,,,2015,2014-15,Riverside,riverside,dajohnmurrayhjmx,Dajohn Murray
Feb 10,home,Desert,W,12-5,12,5,7,win,20150210_zvrb,0,0,0,0,0.0,,,,0.0,,,2015,2014-15,Riverside,riverside,dajohnmurrayhjmx,Dajohn Murray
Feb 17,home,Mt. San Antonio,L,13-4,13,4,9,win,20150217_pmed,0,0,0,0,0.0,,,,0.0,,,2015,2014-15,Riverside,riverside,dajohnmurrayhjmx,Dajohn Murray
Feb 19,home,Mt. San Jacinto,W,9-8,9,8,1,win,20150219_z49w,0,0,0,0,0.0,,,,0.0,,,2015,2014-15,Riverside,riverside,dajohnmurrayhjmx,Dajohn Murray
Feb 24,home,Mt. San Antonio,W,11-4,11,4,7,win,20150224_rv5x,0,0,0,0,0.0,,,,0.0,,,2015,2014-15,Riverside,riverside,dajohnmurrayhjmx,Dajohn Murray
Feb 26,home,Orange Coast,L,4-3,4,3,1,win,20150226_tvw9,0,0,0,0,0.0,,,,0.0,,,2015,2014-15,Riverside,riverside,dajohnmurrayhjmx,Dajohn Murray
Feb 28,home,Irvine Valley,L,4-1,4,1,3,win,20150228_i4t0,0,0,0,0,0.0,,,,0.0,,,2015,2014-15,Riverside,riverside,dajohnmurrayhjmx,Dajohn Murray
Mar 7,home,Cypress,L,8-3,8,3,5,win,20150307_nyul,0,0,0,0,0.0,,,,0.0,,,2015,2014-15,Riverside,riverside,dajohnmurrayhjmx,Dajohn Murray
Apr 14,home,Cypress,L,8-7,8,7,1,win,20150414_x9aj,0,0,0,0,0.0,,,,0.0,,,2015,2014-15,Riverside,riverside,dajohnmurrayhjmx,Dajohn Murray
Apr 16,home,Fullerton,W,9-3,9,3,6,win,20150416_238x,0,0,0,0,0.0,,,,0.0,,,2015,2014-15,Riverside,riverside,dajohnmurrayhjmx,Dajohn Murray
May 2,home,Palomar,L,4-2,4,2,2,win,20150502_871a,0,0,0,0,0.0,,,,0.0,,,2015,2014-15,Riverside,riverside,dajohnmurrayhjmx,Dajohn Murray
Jan 30,home,Fresno City,W,3-1,3,1,2,win,20150130_adfq,0,0,0,0,0.0,,,,0.0,,,2015,2014-15,Sacramento City,sacramentocity,drakeatleezsu8,Drake Atlee
Jan 31,home,Fresno City,L,10-7,10,7,3,win,20150131_229k,0,0,0,0,0.0,,,,0.0,,,2015,2014-15,Sacramento City,sacramentocity,drakeatleezsu8,Drake Atlee
Feb 3,home,Chabot,L,10-2,10,2,8,win,20150203_pcua,0,0,0,0,0.0,,,,0.0,,,2015,2014-15,Sacramento City,sacramentocity,drakeatleezsu8,Drake Atlee
Feb 5,home,Chabot,W,13-7,13,7,6,win,20150205_2a1i,0,0,0,0,0.0,,,,0.0,,,2015,2014-15,Sacramento City,sacramentocity,drakeatleezsu8,Drake Atlee
Feb 9,home,Chabot,L,7-6,7,6,1,win,20150209_0nm1,0,0,0,0,0.0,,,,0.0,,,2015,2014-15,Sacramento City,sacramentocity,drakeatleezsu8,Drake Atlee
Feb 13,home,Canada,W,3-2,3,2,1,win,20150213_wcqi,0,0,0,0,0.0,,,,0.0,,,2015,2014-15,Sacramento City,sacramentocity,drakeatleezsu8,Drake Atlee
Feb 14,home,Canada,L,12-4,12,4,8,win,20150214_5z1w,0,0,0,0,0.0,,,,0.0,,,2015,2014-15,Sacramento City,sacramentocity,drakeatleezsu8,Drake Atlee
Feb 19,home,Butte,W,10-2,10,2,8,win,20150219_cefi,0,0,0,0,0.0,,,,0.0,,,2015,2014-15,Sacramento City,sacramentocity,drakeatleezsu8,Drake Atlee
Feb 20,home,Butte,W,4-2,4,2,2,win,20150220_a6gb,0,0,0,0,0.0,,,,0.0,,,2015,2014-15,Sacramento City,sacramentocity,drakeatleezsu8,Drake Atlee
Feb 21,home,Butte,W,9-3,9,3,6,win,20150221_hv9f,0,0,0,0,0.0,,,,0.0,,,2015,2014-15,Sacramento City,sacramentocity,drakeatleezsu8,Drake Atlee
Feb 28,home,Cabrillo,L,7-5,7,5,2,win,20150228_nla2,0,0,0,0,0.0,,,,0.0,,,2015,2014-15,Sacramento City,sacramentocity,drakeatleezsu8,Drake Atlee
Mar 3,home,Diablo Valley,W,14-4,14,4,10,win,20150303_f5ch,0,0,0,0,0.0,,,,0.0,,,2015,2014-15,Sacramento City,sacramentocity,drakeatleezsu8,Drake Atlee
Mar 5,home,Sierra,L,10-6,10,6,4,win,20150305_q4cf,0,0,0,0,0.0,,,,0.0,,,2015,2014-15,Sacramento City,sacramentocity,drakeatleezsu8,Drake Atlee
Mar 7,home,Modesto,L,6-5,6,5,1,win,20150307_fuom,0,0,0,0,0.0,,,,0.0,,,2015,2014-15,Sacramento City,sacramentocity,drakeatleezsu8,Drake Atlee
Mar 10,home,American River,L,2-1,2,1,1,win,20150310_dmfn,0,0,0,0,0.0,,,,0.0,,,2015,2014-15,Sacramento City,sacramentocity,drakeatleezsu8,Drake Atlee
Mar 12,home,American River,L,12-1,12,1,11,win,20150312_u2ru,0,0,0,0,0.0,,,,0.0,,,2015,2014-15,Sacramento City,sacramentocity,drakeatleezsu8,Drake Atlee
Mar 19,home,Santa Rosa,L,9-6,9,6,3,win,20150319_05qc,0,0,0,0,0.0,,,,0.0,,,2015,2014-15,Sacramento City,sacramentocity,drakeatleezsu8,Drake Atlee
Mar 21,home,Santa Rosa,L,8-1,8,1,7,win,20150321_mr56,0,0,0,0,0.0,,,,0.0,,,2015,2014-15,Sacramento City,sacramentocity,drakeatleezsu8,Drake Atlee
Mar 26,home,Sierra,L,2-1,2,1,1,win,20150326_ivv6,0,0,0,0,0.0,,,,0.0,,,2015,2014-15,Sacramento City,sacramentocity,drakeatleezsu8,Drake Atlee
Mar 28,home,Sierra,L,5-4,5,4,1,win,20150328_wk3h,0,0,0,0,0.0,,,,0.0,,,2015,2014-15,Sacramento City,sacramentocity,drakeatleezsu8,Drake Atlee
Mar 31,home,Diablo Valley,W,4-1,4,1,3,win,20150331_971e,0,0,0,0,0.0,,,,0.0,,,2015,2014-15,Sacramento City,sacramentocity,drakeatleezsu8,Drake Atlee
Apr 2,home,Diablo Valley,W,6-4,6,4,2,win,20150402_0uvv,0,0,0,0,0.0,,,,0.0,,,2015,2014-15,Sacramento City,sacramentocity,drakeatleezsu8,Drake Atlee
Apr 4,home,Diablo Valley,W,10-6,10,6,4,win,20150404_9hqa,0,0,0,0,0.0,,,,0.0,,,2015,2014-15,Sacramento City,sacramentocity,drakeatleezsu8,Drake Atlee
Apr 8,home,San Joaquin  Delta,L,2-1,2,1,1,win,20150408_vtcy,0,0,0,0,0.0,,,,0.0,,,2015,2014-15,Sacramento City,sacramentocity,drakeatleezsu8,Drake Atlee
Apr 9,home,San Joaquin  Delta,L,7-1,7,1,6,win,20150409_0xv5,0,0,0,0,0.0,,,,0.0,,,2015,2014-15,Sacramento City,sacramentocity,drakeatleezsu8,Drake Atlee
Apr 11,home,San Joaquin  Delta,W,7-5,7,5,2,win,20150411_s9wt,0,0,0,0,0.0,,,,0.0,,,2015,2014-15,Sacramento City,sacramentocity,drakeatleezsu8,Drake Atlee
Apr 14,home,Cosumnes River,L,12-8,12,8,4,win,20150414_w65g,0,0,0,0,0.0,,,,0.0,,,2015,2014-15,Sacramento City,sacramentocity,drakeatleezsu8,Drake Atlee
Apr 16,home,Cosumnes River,L,9-4,9,4,5,win,20150416_cs65,0,0,0,0,0.0,,,,0.0,,,2015,2014-15,Sacramento City,sacramentocity,drakeatleezsu8,Drake Atlee
Apr 23,home,Modesto,W,5-4,5,4,1,win,20150423_kihm,0,0,0,0,0.0,,,,0.0,,,2015,2014-15,Sacramento City,sacramentocity,drakeatleezsu8,Drake Atlee
Jan 31,home,Mendocino,W,13-1,13,1,12,win,20150131_hfeo,0,0,0,0,0.0,,,,0.0,,,2015,2014-15,Redwoods,redwoods,coltonpringlejefm,Colton Pringle
Feb 13,home,Modesto,W,16-3,16,3,13,win,20150213_ze0p,0,0,0,0,0.0,,,,0.0,,,2015,2014-15,Redwoods,redwoods,coltonpringlejefm,Colton Pringle
Feb 28,home,Butte,L,15-10,15,10,5,win,20150228_5nxe,0,0,0,0,0.0,,,,0.0,,,2015,2014-15,Redwoods,redwoods,coltonpringlejefm,Colton Pringle
Mar 6,home,Feather River,L,20-1,20,1,19,win,20150306_fa6w,0,0,0,0,0.0,,,,0.0,,,2015,2014-15,Redwoods,redwoods,coltonpringlejefm,Colton Pringle
Mar 7,home,Feather River,L,12-8,12,8,4,win,20150307_9d9n,0,0,0,0,0.0,,,,0.0,,,2015,2014-15,Redwoods,redwoods,coltonpringlejefm,Colton Pringle
Mar 13,home,Siskiyous,L,7-6,7,6,1,win,20150313_rpb6,0,0,0,0,0.0,,,,0.0,,,2015,2014-15,Redwoods,redwoods,coltonpringlejefm,Colton Pringle
Mar 14,home,Siskiyous,L,6-5,6,5,1,win,20150314_6qwe,0,0,0,0,0.0,,,,0.0,,,2015,2014-15,Redwoods,redwoods,coltonpringlejefm,Colton Pringle
Mar 20,home,Shasta,L,8-0,8,0,8,win,20150320_7eu9,0,0,0,0,0.0,,,,0.0,,,2015,2014-15,Redwoods,redwoods,coltonpringlejefm,Colton Pringle
Mar 27,home,Lassen,L,21-8,21,8,13,win,20150327_toe5,0,0,0,0,0.0,,,,0.0,,,2015,2014-15,Redwoods,redwoods,coltonpringlejefm,Colton Pringle
Mar 28,home,Lassen,L,11-3,11,3,8,win,20150328_8wod,0,0,0,0,0.0,,,,0.0,,,2015,2014-15,Redwoods,redwoods,coltonpringlejefm,Colton Pringle
Apr 3,home,Butte,W,6-5,6,5,1,win,20150403_a023,0,0,0,0,0.0,,,,0.0,,,2015,2014-15,Redwoods,redwoods,coltonpringlejefm,Colton Pringle
Apr 9,home,Feather River,L,8-4,8,4,4,win,20150409_qzvs,0,0,0,0,0.0,,,,0.0,,,2015,2014-15,Redwoods,redwoods,coltonpringlejefm,Colton Pringle
Apr 13,home,Siskiyous,W,10-4,10,4,6,win,20150413_txey,0,0,0,0,0.0,,,,0.0,,,2015,2014-15,Redwoods,redwoods,coltonpringlejefm,Colton Pringle
Apr 18,home,Shasta,L,3-2,3,2,1,win,20150418_f31f,0,0,0,0,0.0,,,,0.0,,,2015,2014-15,Redwoods,redwoods,coltonpringlejefm,Colton Pringle
Apr 23,home,Lassen,L,6-5,6,5,1,win,20150423_1cj0,0,0,0,0,0.0,,,,0.0,,,2015,2014-15,Redwoods,redwoods,coltonpringlejefm,Colton Pringle
Jan 27,home,West Valley,W,4-1,4,1,3,win,20150127_i1hs,0,0,0,0,0.0,,,,0.0,,,2015,2014-15,Solano,solano,joshmechamzsli,Josh Mecham
Jan 29,home,Taft,L,6-1,6,1,5,win,20150129_goi0,0,0,0,0,0.0,,,,0.0,,,2015,2014-15,Solano,solano,joshmechamzsli,Josh Mecham
Jan 30,home,Feather River,W,8-2,8,2,6,win,20150130_pjry,0,0,0,0,0.0,,,,0.0,,,2015,2014-15,Solano,solano,joshmechamzsli,Josh Mecham
Feb 5,home,San Mateo,L,7-4,7,4,3,win,20150205_2qwz,0,0,0,0,0.0,,,,0.0,,,2015,2014-15,Solano,solano,joshmechamzsli,Josh Mecham
Feb 7,home,San Mateo,W,8-6,8,6,2,win,20150207_pmgd,0,0,0,0,0.0,,,,0.0,,,2015,2014-15,Solano,solano,joshmechamzsli,Josh Mecham
Feb 10,home,American River,L,7-4,7,4,3,win,20150210_9wuy,0,0,0,0,0.0,,,,0.0,,,2015,2014-15,Solano,solano,joshmechamzsli,Josh Mecham
Feb 21,home,Santa Rosa,W,2-1,2,1,1,win,20150221_ogp7,0,0,0,0,0.0,,,,0.0,,,2015,2014-15,Solano,solano,joshmechamzsli,Josh Mecham
Feb 24,home,American River,L,9-7,9,7,2,win,20150224_736l,0,0,0,0,0.0,,,,0.0,,,2015,2014-15,Solano,solano,joshmechamzsli,Josh Mecham
Feb 28,home,Yuba,W,5-4,5,4,1,win,20150228_2k5h,0,0,0,0,0.0,,,,0.0,,,2015,2014-15,Solano,solano,joshmechamzsli,Josh Mecham
Mar 3,home,Yuba,W,10-5,10,5,5,win,20150303_03ti,0,0,0,0,0.0,,,,0.0,,,2015,2014-15,Solano,solano,joshmechamzsli,Josh Mecham
Mar 5,home,Folsom Lake,W,8-3,8,3,5,win,20150305_95dr,0,0,0,0,0.0,,,,0.0,,,2015,2014-15,Solano,solano,joshmechamzsli,Josh Mecham
Mar 7,home,Folsom Lake,W,2-1,2,1,1,win,20150307_lffh,0,0,0,0,0.0,,,,0.0,,,2015,2014-15,Solano,solano,joshmechamzsli,Josh Mecham
Mar 10,home,Laney,W,10-3,10,3,7,win,20150310_pve7,0,0,0,0,0.0,,,,0.0,,,2015,2014-15,Solano,solano,joshmechamzsli,Josh Mecham
Mar 14,home,Marin,L,2-1,2,1,1,win,20150314_nubv,0,0,0,0,0.0,,,,0.0,,,2015,2014-15,Solano,solano,joshmechamzsli,Josh Mecham
Mar 19,home,Los Medanos,W,5-4,5,4,1,win,20150319_k6ho,0,0,0,0,0.0,,,,0.0,,,2015,2014-15,Solano,solano,joshmechamzsli,Josh Mecham
Mar 21,home,Los Medanos,L,2-1,2,1,1,win,20150321_k09l,0,0,0,0,0.0,,,,0.0,,,2015,2014-15,Solano,solano,joshmechamzsli,Josh Mecham
Mar 24,home,Napa,L,10-3,10,3,7,win,20150324_j4na,0,0,0,0,0.0,,,,0.0,,,2015,2014-15,Solano,solano,joshmechamzsli,Josh Mecham
Apr 14,home,Laney,L,9-6,9,6,3,win,20150414_7jni,0,0,0,0,0.0,,,,0.0,,,2015,2014-15,Solano,solano,joshmechamzsli,Josh Mecham
Apr 16,home,Marin,L,16-8,16,8,8,win,20150416_md7r,0,0,0,0,0.0,,,,0.0,,,2015,2014-15,Solano,solano,joshmechamzsli,Josh Mecham
Apr 21,home,Napa,W,15-12,15,12,3,win,20150421_rx5s,0,0,0,0,0.0,,,,0.0,,,2015,2014-15,Solano,solano,joshmechamzsli,Josh Mecham
Apr 23,home,Contra Costa,W,18-10,18,10,8,win,20150423_r28r,0,0,0,0,0.0,,,,0.0,,,2015,2014-15,Solano,solano,joshmechamzsli,Josh Mecham
May 1,home,Ohlone,L,5-3,5,3,2,win,20150501_q6iw,0,0,0,0,0.0,,,,0.0,,,2015,2014-15,Solano,solano,joshmechamzsli,Josh Mecham
May 2,home,Ohlone,L,3-2,3,2,1,win,20150502_9m0n,0,0,0,0,0.0,,,,0.0,,,2015,2014-15,Solano,solano,joshmechamzsli,Josh Mecham
Feb 4,home,Lassen,W,10-9,10,9,1,win,20150204_4d8u,0,0,0,0,0.0,,,,0.0,,,2015,2014-15,Yuba,yuba,andymckechniemft1,Andy McKechnie
Feb 5,home,Lassen,W,11-3,11,3,8,win,20150205_fcwj,0,0,0,0,0.0,,,,0.0,,,2015,2014-15,Yuba,yuba,andymckechniemft1,Andy McKechnie
Feb 12,home,Feather River,L,10-1,10,1,9,win,20150212_tioz,0,0,0,0,0.0,,,,0.0,,,2015,2014-15,Yuba,yuba,andymckechniemft1,Andy McKechnie
Feb 13,home,Cabrillo,L,10-7,10,7,3,win,20150213_g3ph,0,0,0,0,0.0,,,,0.0,,,2015,2014-15,Yuba,yuba,andymckechniemft1,Andy McKechnie
Feb 14,home,West Valley,L,9-3,9,3,6,win,20150214_rdzh,0,0,0,0,0.0,,,,0.0,,,2015,2014-15,Yuba,yuba,andymckechniemft1,Andy McKechnie
Feb 19,home,Redwoods,W,5-2,5,2,3,win,20150219_yj0c,0,0,0,0,0.0,,,,0.0,,,2015,2014-15,Yuba,yuba,andymckechniemft1,Andy McKechnie
Feb 26,home,Marin,L,16-4,16,4,12,win,20150226_ejnc,0,0,0,0,0.0,,,,0.0,,,2015,2014-15,Yuba,yuba,andymckechniemft1,Andy McKechnie
Mar 3,home,Solano,L,10-5,10,5,5,win,20150303_03ti,0,0,0,0,0.0,,,,0.0,,,2015,2014-15,Yuba,yuba,andymckechniemft1,Andy McKechnie
Mar 10,home,Folsom Lake,L,13-6,13,6,7,win,20150310_050t,0,0,0,0,0.0,,,,0.0,,,2015,2014-15,Yuba,yuba,andymckechniemft1,Andy McKechnie
Mar 17,home,Laney,W,14-2,14,2,12,win,20150317_f3b6,0,0,0,0,0.0,,,,0.0,,,2015,2014-15,Yuba,yuba,andymckechniemft1,Andy McKechnie
Mar 26,home,Contra Costa,W,15-5,15,5,10,win,20150326_7s50,0,0,0,0,0.0,,,,0.0,,,2015,2014-15,Yuba,yuba,andymckechniemft1,Andy McKechnie
Apr 3,home,Napa,W,17-7,17,7,10,win,20150403_gco0,0,0,0,0,0.0,,,,0.0,,,2015,2014-15,Yuba,yuba,andymckechniemft1,Andy McKechnie
Apr 9,home,Solano,L,11-5,11,5,6,win,20150409_g4a9,0,0,0,0,0.0,,,,0.0,,,2015,2014-15,Yuba,yuba,andymckechniemft1,Andy McKechnie
Apr 21,home,Contra Costa,W,5-2,5,2,3,win,20150421_xez6,0,0,0,0,0.0,,,,0.0,,,2015,2014-15,Yuba,yuba,andymckechniemft1,Andy McKechnie
Jan 29,home,Sequoias,W,8-1,8,1,7,win,20150129_cijw,0,0,0,0,0.0,,,,0.0,,,2015,2014-15,El Camino,elcamino,kevinlopez1tyc,Kevin Lopez
Jan 30,home,Bakersfield,W,9-0,9,0,9,win,20150130_ukn8,0,0,0,0,0.0,,,,0.0,,,2015,2014-15,El Camino,elcamino,kevinlopez1tyc,Kevin Lopez
Feb 5,home,Southwestern,L,5-2,5,2,3,win,20150205_5r9o,0,0,0,0,0.0,,,,0.0,,,2015,2014-15,El Camino,elcamino,kevinlopez1tyc,Kevin Lopez
Feb 10,home,San Bernardino,W,16-3,16,3,13,win,20150210_8ekt,0,0,0,0,0.0,,,,0.0,,,2015,2014-15,El Camino,elcamino,kevinlopez1tyc,Kevin Lopez
Feb 19,home,Imperial Valley,W,5-3,5,3,2,win,20150219_500q,0,0,0,0,0.0,,,,0.0,,,2015,2014-15,El Camino,elcamino,kevinlopez1tyc,Kevin Lopez
Mar 5,home,Long Beach,L,8-6,8,6,2,win,20150305_yiwz,0,0,0,0,0.0,,,,0.0,,,2015,2014-15,El Camino,elcamino,kevinlopez1tyc,Kevin Lopez
Mar 12,home,El Camino-Compton Center,L,11-10,11,10,1,win,20150312_h8tp,0,0,0,0,0.0,,,,0.0,,,2015,2014-15,El Camino,elcamino,kevinlopez1tyc,Kevin Lopez
Mar 26,home,Mt. San Antonio,L,4-3,4,3,1,win,20150326_qgjm,0,0,0,0,0.0,,,,0.0,,,2015,2014-15,El Camino,elcamino,kevinlopez1tyc,Kevin Lopez
Mar 28,home,Mt. San Antonio,W,6-1,6,1,5,win,20150328_d9ru,0,0,0,0,0.0,,,,0.0,,,2015,2014-15,El Camino,elcamino,kevinlopez1tyc,Kevin Lopez
Apr 11,home,LA Harbor,W,6-4,6,4,2,win,20150411_3bs3,0,0,0,0,0.0,,,,0.0,,,2015,2014-15,El Camino,elcamino,kevinlopez1tyc,Kevin Lopez
Apr 24,home,East Los Angeles,W,9-6,9,6,3,win,20150424_52mz,0,0,0,0,0.0,,,,0.0,,,2015,2014-15,El Camino,elcamino,kevinlopez1tyc,Kevin Lopez
Jan 31,home,Skyline,L,6-5,6,5,1,win,20150131_7itl,0,0,0,0,0.0,,,,0.0,,,2015,2014-15,Cosumnes River,cosumnesriver,jordanyufy44,Jordan Yu
Feb 3,home,Skyline,W,11-6,11,6,5,win,20150203_7ev3,0,1,0,0,2.0,1.0,,,0.0,1.0,,2015,2014-15,Cosumnes River,cosumnesriver,jordanyufy44,Jordan Yu
Jan 27,home,Folsom Lake,L,5-4,5,4,1,win,20150127_hrxj,0,0,0,0,0.0,,,,0.0,,,2015,2014-15,Shasta,shasta,tuckerwilsonqqyv,Tucker Wilson
Feb 4,home,American River,L,9-1,9,1,8,win,20150204_f3vd,0,0,0,0,0.0,,,,0.0,,,2015,2014-15,Shasta,shasta,tuckerwilsonqqyv,Tucker Wilson
Feb 5,home,Sierra,W,8-0,8,0,8,win,20150205_zm8n,0,0,0,0,0.0,,,,0.0,,,2015,2014-15,Shasta,shasta,tuckerwilsonqqyv,Tucker Wilson
Feb 12,home,Skyline,L,14-7,14,7,7,win,20150212_nr7o,0,0,0,0,0.0,,,,0.0,,,2015,2014-15,Shasta,shasta,tuckerwilsonqqyv,Tucker Wilson
Feb 13,home,Skyline,W,11-7,11,7,4,win,20150213_6du8,0,0,0,0,0.0,,,,0.0,,,2015,2014-15,Shasta,shasta,tuckerwilsonqqyv,Tucker Wilson
Feb 14,home,Skyline,L,7-2,7,2,5,win,20150214_awn9,0,0,0,0,0.0,,,,0.0,,,2015,2014-15,Shasta,shasta,tuckerwilsonqqyv,Tucker Wilson
Feb 18,home,American River,L,17-6,17,6,11,win,20150218_ppf0,0,0,0,0,0.0,,,,0.0,,,2015,2014-15,Shasta,shasta,tuckerwilsonqqyv,Tucker Wilson
Feb 19,home,Napa,W,5-3,5,3,2,win,20150219_8ec2,0,0,0,0,0.0,,,,0.0,,,2015,2014-15,Shasta,shasta,tuckerwilsonqqyv,Tucker Wilson
Feb 20,home,Napa,L,11-6,11,6,5,win,20150220_og3o,0,0,0,0,0.0,,,,0.0,,,2015,2014-15,Shasta,shasta,tuckerwilsonqqyv,Tucker Wilson
Feb 21,home,Napa,L,6-0,6,0,6,win,20150221_hfhn,0,0,0,0,0.0,,,,0.0,,,2015,2014-15,Shasta,shasta,tuckerwilsonqqyv,Tucker Wilson
Feb 24,home,Cosumnes River,L,20-13,20,13,7,win,20150224_yrwb,0,0,0,0,0.0,,,,0.0,,,2015,2014-15,Shasta,shasta,tuckerwilsonqqyv,Tucker Wilson
Feb 27,home,Lassen,L,14-2,14,2,12,win,20150227_ig47,0,0,0,0,0.0,,,,0.0,,,2015,2014-15,Shasta,shasta,tuckerwilsonqqyv,Tucker Wilson
Feb 28,home,Lassen,W,12-2,12,2,10,win,20150228_46cl,0,0,0,0,0.0,,,,0.0,,,2015,2014-15,Shasta,shasta,tuckerwilsonqqyv,Tucker Wilson
Feb 28,home,Lassen,L,6-2,6,2,4,win,20150228_l0uq,0,0,0,0,0.0,,,,0.0,,,2015,2014-15,Shasta,shasta,tuckerwilsonqqyv,Tucker Wilson
Mar 4,home,Siskiyous,L,4-3,4,3,1,win,20150304_tvjv,0,0,0,0,0.0,,,,0.0,,,2015,2014-15,Shasta,shasta,tuckerwilsonqqyv,Tucker Wilson
Mar 7,home,Siskiyous,W,6-5,6,5,1,win,20150307_xlxp,0,0,0,0,0.0,,,,0.0,,,2015,2014-15,Shasta,shasta,tuckerwilsonqqyv,Tucker Wilson
Mar 7,home,Siskiyous,L,5-4,5,4,1,win,20150307_0ebw,0,0,0,0,0.0,,,,0.0,,,2015,2014-15,Shasta,shasta,tuckerwilsonqqyv,Tucker Wilson
Mar 13,home,Butte,W,7-6,7,6,1,win,20150313_zdls,0,0,0,0,0.0,,,,0.0,,,2015,2014-15,Shasta,shasta,tuckerwilsonqqyv,Tucker Wilson
Mar 20,home,Redwoods,W,8-0,8,0,8,win,20150320_7eu9,0,0,0,0,0.0,,,,0.0,,,2015,2014-15,Shasta,shasta,tuckerwilsonqqyv,Tucker Wilson
Mar 20,home,Redwoods,W,5-1,5,1,4,win,20150320_zxrh,0,0,0,0,0.0,,,,0.0,,,2015,2014-15,Shasta,shasta,tuckerwilsonqqyv,Tucker Wilson
Mar 28,home,Feather River,L,7-2,7,2,5,win,20150328_th3d,0,0,0,0,0.0,,,,0.0,,,2015,2014-15,Shasta,shasta,tuckerwilsonqqyv,Tucker Wilson
Mar 28,home,Feather River,L,11-5,11,5,6,win,20150328_m805,0,0,0,0,0.0,,,,0.0,,,2015,2014-15,Shasta,shasta,tuckerwilsonqqyv,Tucker Wilson
Mar 29,home,Feather River,W,3-2,3,2,1,win,20150329_6n73,0,0,0,0,0.0,,,,0.0,,,2015,2014-15,Shasta,shasta,tuckerwilsonqqyv,Tucker Wilson
Apr 3,home,Lassen,L,1-0,1,0,1,win,20150403_lxe5,0,0,0,0,0.0,,,,0.0,,,2015,2014-15,Shasta,shasta,tuckerwilsonqqyv,Tucker Wilson
Apr 23,home,Feather River,L,11-4,11,4,7,win,20150423_nfig,0,0,0,0,0.0,,,,0.0,,,2015,2014-15,Shasta,shasta,tuckerwilsonqqyv,Tucker Wilson
Jan 29,home,Solano,W,6-1,6,1,5,win,20150129_goi0,0,0,0,0,0.0,,,,0.0,,,2015,2014-15,Taft,taft,kevincordero992y,Kevin Cordero
Jan 30,home,Feather River,W,3-2,3,2,1,win,20150130_q1vt,0,0,0,0,0.0,,,,0.0,,,2015,2014-15,Taft,taft,kevincordero992y,Kevin Cordero
Jan 31,home,Barstow,L,7-3,7,3,4,win,20150131_l2tm,0,0,0,0,0.0,,,,0.0,,,2015,2014-15,Taft,taft,kevincordero992y,Kevin Cordero
Feb 7,home,Folsom Lake,W,17-4,17,4,13,win,20150207_mju4,0,0,0,0,0.0,,,,0.0,,,2015,2014-15,Taft,taft,kevincordero992y,Kevin Cordero
Feb 13,home,Monterey,W,10-3,10,3,7,win,20150213_hmzu,0,0,0,0,0.0,,,,0.0,,,2015,2014-15,Taft,taft,kevincordero992y,Kevin Cordero
Feb 13,home,Monterey,W,8-7,8,7,1,win,20150213_r0g9,0,0,0,0,0.0,,,,0.0,,,2015,2014-15,Taft,taft,kevincordero992y,Kevin Cordero
Feb 14,home,Cerro Coso,W,12-5,12,5,7,win,20150214_d85d,0,0,0,0,0.0,,,,0.0,,,2015,2014-15,Taft,taft,kevincordero992y,Kevin Cordero
Feb 19,home,West Hills Coalinga,W,14-5,14,5,9,win,20150219_cbmt,0,0,0,0,0.0,,,,0.0,,,2015,2014-15,Taft,taft,kevincordero992y,Kevin Cordero
Feb 21,home,West Hills Coalinga,W,4-3,4,3,1,win,20150221_o8g9,0,0,0,0,0.0,,,,0.0,,,2015,2014-15,Taft,taft,kevincordero992y,Kevin Cordero
Feb 24,home,Reedley,L,8-2,8,2,6,win,20150224_ttow,0,0,0,0,0.0,,,,0.0,,,2015,2014-15,Taft,taft,kevincordero992y,Kevin Cordero
Jan 27,home,Los Medanos,W,3-2,3,2,1,win,20150127_shm7,0,0,0,0,0.0,,,,0.0,,,2015,2014-15,Cabrillo,cabrillo,scottakropqh10,Scott Akrop
Jan 29,home,Diablo Valley,W,8-4,8,4,4,win,20150129_ttjc,0,0,0,0,0.0,,,,0.0,,,2015,2014-15,Cabrillo,cabrillo,scottakropqh10,Scott Akrop
Feb 3,home,Marin,W,2-1,2,1,1,win,20150203_ad4u,0,0,0,0,0.0,,,,0.0,,,2015,2014-15,Cabrillo,cabrillo,scottakropqh10,Scott Akrop
Feb 5,home,Laney,W,7-3,7,3,4,win,20150205_cqna,0,0,0,0,0.0,,,,0.0,,,2015,2014-15,Cabrillo,cabrillo,scottakropqh10,Scott Akrop
Feb 9,home,Feather River,L,11-10,11,10,1,win,20150209_o3s5,0,0,0,0,0.0,,,,0.0,,,2015,2014-15,Cabrillo,cabrillo,scottakropqh10,Scott Akrop
Feb 12,home,West Valley,L,6-5,6,5,1,win,20150212_zyik,0,0,0,0,0.0,,,,0.0,,,2015,2014-15,Cabrillo,cabrillo,scottakropqh10,Scott Akrop
Feb 13,home,Yuba,W,10-7,10,7,3,win,20150213_g3ph,0,0,0,0,0.0,,,,0.0,,,2015,2014-15,Cabrillo,cabrillo,scottakropqh10,Scott Akrop
Feb 14,home,Feather River,W,7-6,7,6,1,win,20150214_55y7,0,0,0,0,0.0,,,,0.0,,,2015,2014-15,Cabrillo,cabrillo,scottakropqh10,Scott Akrop
Feb 18,home,De Anza,L,7-5,7,5,2,win,20150218_bvdz,0,0,0,0,0.0,,,,0.0,,,2015,2014-15,Cabrillo,cabrillo,scottakropqh10,Scott Akrop
Feb 19,home,San Joaquin  Delta,L,4-3,4,3,1,win,20150219_tuxo,0,0,0,0,0.0,,,,0.0,,,2015,2014-15,Cabrillo,cabrillo,scottakropqh10,Scott Akrop
Feb 21,home,San Joaquin  Delta,L,14-1,14,1,13,win,20150221_v8kd,0,0,0,0,0.0,,,,0.0,,,2015,2014-15,Cabrillo,cabrillo,scottakropqh10,Scott Akrop
Feb 24,home,Canada,W,3-2,3,2,1,win,20150224_yj32,0,0,0,0,0.0,,,,0.0,,,2015,2014-15,Cabrillo,cabrillo,scottakropqh10,Scott Akrop
Feb 26,home,Ohlone,W,9-0,9,0,9,win,20150226_f8v1,0,0,0,0,0.0,,,,0.0,,,2015,2014-15,Cabrillo,cabrillo,scottakropqh10,Scott Akrop
Feb 28,home,Sacramento City,W,7-5,7,5,2,win,20150228_nla2,0,0,0,0,0.0,,,,0.0,,,2015,2014-15,Cabrillo,cabrillo,scottakropqh10,Scott Akrop
Mar 3,home,Hartnell,L,7-6,7,6,1,win,20150303_u9pc,0,0,0,0,0.0,,,,0.0,,,2015,2014-15,Cabrillo,cabrillo,scottakropqh10,Scott Akrop
Mar 5,home,Chabot,W,3-0,3,0,3,win,20150305_j3bm,0,0,0,0,0.0,,,,0.0,,,2015,2014-15,Cabrillo,cabrillo,scottakropqh10,Scott Akrop
Mar 7,home,Monterey,L,2-1,2,1,1,win,20150307_utfl,0,0,0,0,0.0,,,,0.0,,,2015,2014-15,Cabrillo,cabrillo,scottakropqh10,Scott Akrop
Mar 10,home,San Mateo,W,5-0,5,0,5,win,20150310_h9bl,0,0,0,0,0.0,,,,0.0,,,2015,2014-15,Cabrillo,cabrillo,scottakropqh10,Scott Akrop
Mar 12,home,Skyline,W,3-0,3,0,3,win,20150312_mgnd,0,0,0,0,0.0,,,,0.0,,,2015,2014-15,Cabrillo,cabrillo,scottakropqh10,Scott Akrop
Mar 14,home,Gavilan,L,3-2,3,2,1,win,20150314_0j56,0,0,0,0,0.0,,,,0.0,,,2015,2014-15,Cabrillo,cabrillo,scottakropqh10,Scott Akrop
Mar 17,home,De Anza,W,4-2,4,2,2,win,20150317_iyaq,0,0,0,0,0.0,,,,0.0,,,2015,2014-15,Cabrillo,cabrillo,scottakropqh10,Scott Akrop
Mar 19,home,Monterey,L,4-2,4,2,2,win,20150319_tv22,0,0,0,0,0.0,,,,0.0,,,2015,2014-15,Cabrillo,cabrillo,scottakropqh10,Scott Akrop
Mar 21,home,Mission,W,7-4,7,4,3,win,20150321_78mm,0,0,0,0,0.0,,,,0.0,,,2015,2014-15,Cabrillo,cabrillo,scottakropqh10,Scott Akrop
Mar 24,home,Ohlone,L,3-1,3,1,2,win,20150324_g52y,0,0,0,0,0.0,,,,0.0,,,2015,2014-15,Cabrillo,cabrillo,scottakropqh10,Scott Akrop
Mar 26,home,Gavilan,L,11-10,11,10,1,win,20150326_rpml,0,0,0,0,0.0,,,,0.0,,,2015,2014-15,Cabrillo,cabrillo,scottakropqh10,Scott Akrop
Mar 28,home,Skyline,L,7-3,7,3,4,win,20150328_7206,0,0,0,0,0.0,,,,0.0,,,2015,2014-15,Cabrillo,cabrillo,scottakropqh10,Scott Akrop
Mar 31,home,San Francisco,W,4-1,4,1,3,win,20150331_h45c,0,0,0,0,0.0,,,,0.0,,,2015,2014-15,Cabrillo,cabrillo,scottakropqh10,Scott Akrop
Apr 2,home,Canada,L,4-2,4,2,2,win,20150402_nd53,0,0,0,0,0.0,,,,0.0,,,2015,2014-15,Cabrillo,cabrillo,scottakropqh10,Scott Akrop
Apr 4,home,Hartnell,L,3-2,3,2,1,win,20150404_6fph,0,0,0,0,0.0,,,,0.0,,,2015,2014-15,Cabrillo,cabrillo,scottakropqh10,Scott Akrop
Apr 9,home,Monterey,W,9-0,9,0,9,win,20150409_cxtz,0,0,0,0,0.0,,,,0.0,,,2015,2014-15,Cabrillo,cabrillo,scottakropqh10,Scott Akrop
Apr 11,home,Canada,L,6-3,6,3,3,win,20150411_nc9h,0,0,0,0,0.0,,,,0.0,,,2015,2014-15,Cabrillo,cabrillo,scottakropqh10,Scott Akrop
Apr 14,home,Hartnell,W,6-4,6,4,2,win,20150414_i3h0,0,0,0,0,0.0,,,,0.0,,,2015,2014-15,Cabrillo,cabrillo,scottakropqh10,Scott Akrop
Apr 16,home,Skyline,W,4-3,4,3,1,win,20150416_gbtc,0,0,0,0,0.0,,,,0.0,,,2015,2014-15,Cabrillo,cabrillo,scottakropqh10,Scott Akrop
Apr 18,home,Ohlone,W,6-4,6,4,2,win,20150418_1kj4,0,0,0,0,0.0,,,,0.0,,,2015,2014-15,Cabrillo,cabrillo,scottakropqh10,Scott Akrop
Apr 21,home,Gavilan,W,3-0,3,0,3,win,20150421_4499,0,0,0,0,0.0,,,,0.0,,,2015,2014-15,Cabrillo,cabrillo,scottakropqh10,Scott Akrop
Apr 23,home,West Valley,W,15-10,15,10,5,win,20150423_uvbt,0,0,0,0,0.0,,,,0.0,,,2015,2014-15,Cabrillo,cabrillo,scottakropqh10,Scott Akrop
May 1,home,Marin,W,5-1,5,1,4,win,20150501_wfe6,0,0,0,0,0.0,,,,0.0,,,2015,2014-15,Cabrillo,cabrillo,scottakropqh10,Scott Akrop
May 2,home,Marin,L,6-3,6,3,3,win,20150502_uu0o,0,0,0,0,0.0,,,,0.0,,,2015,2014-15,Cabrillo,cabrillo,scottakropqh10,Scott Akrop
May 2,home,Marin,W,4-2,4,2,2,win,20150502_88b4,0,0,0,0,0.0,,,,0.0,,,2015,2014-15,Cabrillo,cabrillo,scottakropqh10,Scott Akrop
May 8,home,San Joaquin  Delta,L,11-0,11,0,11,win,20150508_1q9i,0,0,0,0,0.0,,,,0.0,,,2015,2014-15,Cabrillo,cabrillo,scottakropqh10,Scott Akrop
May 9,home,San Joaquin  Delta,L,8-2,8,2,6,win,20150509_7yq3,0,0,0,0,0.0,,,,0.0,,,2015,2014-15,Cabrillo,cabrillo,scottakropqh10,Scott Akrop
Jan 27,home,Chaffey,W,6-5,6,5,1,win,20150127_7jrj,0,0,0,0,0.0,,,,0.0,,,2015,2014-15,San Diego City,sandiego,rickykliebensteinq93i,Ricky Kliebenstein
Jan 30,home,Saddleback,L,13-5,13,5,8,win,20150130_dtb0,0,0,0,0,0.0,,,,0.0,,,2015,2014-15,San Diego City,sandiego,rickykliebensteinq93i,Ricky Kliebenstein
Jan 31,home,Saddleback,L,8-0,8,0,8,win,20150131_6ct2,0,0,0,0,0.0,,,,0.0,,,2015,2014-15,San Diego City,sandiego,rickykliebensteinq93i,Ricky Kliebenstein
Feb 3,home,West LA,W,4-3,4,3,1,win,20150203_c3ar,0,0,0,0,0.0,,,,0.0,,,2015,2014-15,San Diego City,sandiego,rickykliebensteinq93i,Ricky Kliebenstein
Feb 6,home,Cerro Coso,W,6-1,6,1,5,win,20150206_cahu,0,0,0,0,0.0,,,,0.0,,,2015,2014-15,San Diego City,sandiego,rickykliebensteinq93i,Ricky Kliebenstein
Feb 7,home,Irvine Valley,W,3-2,3,2,1,win,20150207_wzo2,0,0,0,0,0.0,,,,0.0,,,2015,2014-15,San Diego City,sandiego,rickykliebensteinq93i,Ricky Kliebenstein
Feb 14,home,El Camino-Compton Center,L,6-3,6,3,3,win,20150214_c86d,0,0,0,0,0.0,,,,0.0,,,2015,2014-15,San Diego City,sandiego,rickykliebensteinq93i,Ricky Kliebenstein
Feb 17,home,Irvine Valley,W,6-1,6,1,5,win,20150217_e72u,0,0,0,0,0.0,,,,0.0,,,2015,2014-15,San Diego City,sandiego,rickykliebensteinq93i,Ricky Kliebenstein
Feb 19,home,West LA,W,2-1,2,1,1,win,20150219_r9hh,0,0,0,0,0.0,,,,0.0,,,2015,2014-15,San Diego City,sandiego,rickykliebensteinq93i,Ricky Kliebenstein
Feb 21,home,Palomar,L,8-1,8,1,7,win,20150221_fivs,0,0,0,0,0.0,,,,0.0,,,2015,2014-15,San Diego City,sandiego,rickykliebensteinq93i,Ricky Kliebenstein
Feb 24,home,Southwestern,W,6-0,6,0,6,win,20150224_nils,0,0,0,0,0.0,,,,0.0,,,2015,2014-15,San Diego City,sandiego,rickykliebensteinq93i,Ricky Kliebenstein
Feb 26,home,San Diego Mesa,W,4-3,4,3,1,win,20150226_n4yt,0,0,0,0,0.0,,,,0.0,,,2015,2014-15,San Diego City,sandiego,rickykliebensteinq93i,Ricky Kliebenstein
Mar 4,home,Grossmont,L,10-2,10,2,8,win,20150304_hnvp,0,0,0,0,0.0,,,,0.0,,,2015,2014-15,San Diego City,sandiego,rickykliebensteinq93i,Ricky Kliebenstein
Mar 5,home,Imperial Valley,L,5-3,5,3,2,win,20150305_jl50,0,0,0,0,0.0,,,,0.0,,,2015,2014-15,San Diego City,sandiego,rickykliebensteinq93i,Ricky Kliebenstein
Mar 7,home,Mt. San Jacinto,L,12-2,12,2,10,win,20150307_k2nd,0,0,0,0,0.0,,,,0.0,,,2015,2014-15,San Diego City,sandiego,rickykliebensteinq93i,Ricky Kliebenstein
Mar 10,home,Palomar,L,1-0,1,0,1,win,20150310_z920,0,0,0,0,0.0,,,,0.0,,,2015,2014-15,San Diego City,sandiego,rickykliebensteinq93i,Ricky Kliebenstein
Mar 12,home,Palomar,L,6-1,6,1,5,win,20150312_xfqa,0,0,0,0,0.0,,,,0.0,,,2015,2014-15,San Diego City,sandiego,rickykliebensteinq93i,Ricky Kliebenstein
Mar 14,home,Palomar,L,10-6,10,6,4,win,20150314_j07u,0,0,0,0,0.0,,,,0.0,,,2015,2014-15,San Diego City,sandiego,rickykliebensteinq93i,Ricky Kliebenstein
Mar 17,home,Southwestern,L,6-3,6,3,3,win,20150317_ahu2,0,0,0,0,0.0,,,,0.0,,,2015,2014-15,San Diego City,sandiego,rickykliebensteinq93i,Ricky Kliebenstein
Mar 19,home,Southwestern,L,7-3,7,3,4,win,20150319_lrjy,0,0,0,0,0.0,,,,0.0,,,2015,2014-15,San Diego City,sandiego,rickykliebensteinq93i,Ricky Kliebenstein
Mar 21,home,Southwestern,L,3-2,3,2,1,win,20150321_gb20,0,0,0,0,0.0,,,,0.0,,,2015,2014-15,San Diego City,sandiego,rickykliebensteinq93i,Ricky Kliebenstein
Mar 24,home,San Diego Mesa,L,14-8,14,8,6,win,20150324_s8je,0,0,0,0,0.0,,,,0.0,,,2015,2014-15,San Diego City,sandiego,rickykliebensteinq93i,Ricky Kliebenstein
Mar 26,home,San Diego Mesa,L,11-0,11,0,11,win,20150326_vbgu,0,0,0,0,0.0,,,,0.0,,,2015,2014-15,San Diego City,sandiego,rickykliebensteinq93i,Ricky Kliebenstein
Mar 27,home,San Diego Mesa,L,4-2,4,2,2,win,20150327_2fv8,0,0,0,0,0.0,,,,0.0,,,2015,2014-15,San Diego City,sandiego,rickykliebensteinq93i,Ricky Kliebenstein
Apr 7,home,Grossmont,L,7-2,7,2,5,win,20150407_pozz,0,0,0,0,0.0,,,,0.0,,,2015,2014-15,San Diego City,sandiego,rickykliebensteinq93i,Ricky Kliebenstein
Apr 9,home,Grossmont,W,6-5,6,5,1,win,20150409_ybwt,0,0,0,0,0.0,,,,0.0,,,2015,2014-15,San Diego City,sandiego,rickykliebensteinq93i,Ricky Kliebenstein
Apr 10,home,Grossmont,L,6-2,6,2,4,win,20150410_k39j,0,0,0,0,0.0,,,,0.0,,,2015,2014-15,San Diego City,sandiego,rickykliebensteinq93i,Ricky Kliebenstein
Apr 14,home,Imperial Valley,W,12-7,12,7,5,win,20150414_s13b,0,0,0,0,0.0,,,,0.0,,,2015,2014-15,San Diego City,sandiego,rickykliebensteinq93i,Ricky Kliebenstein
Apr 16,home,Imperial Valley,W,7-6,7,6,1,win,20150416_34ea,0,0,0,0,0.0,,,,0.0,,,2015,2014-15,San Diego City,sandiego,rickykliebensteinq93i,Ricky Kliebenstein
Apr 17,home,Imperial Valley,W,7-0,7,0,7,win,20150417_7oj3,0,0,0,0,0.0,,,,0.0,,,2015,2014-15,San Diego City,sandiego,rickykliebensteinq93i,Ricky Kliebenstein
Apr 21,home,Mt. San Jacinto,W,13-7,13,7,6,win,20150421_yxtq,0,0,0,0,0.0,,,,0.0,,,2015,2014-15,San Diego City,sandiego,rickykliebensteinq93i,Ricky Kliebenstein
Apr 23,home,Mt. San Jacinto,L,2-1,2,1,1,win,20150423_gkne,0,0,0,0,0.0,,,,0.0,,,2015,2014-15,San Diego City,sandiego,rickykliebensteinq93i,Ricky Kliebenstein
Apr 24,home,Mt. San Jacinto,W,6-3,6,3,3,win,20150424_011h,0,0,0,0,0.0,,,,0.0,,,2015,2014-15,San Diego City,sandiego,rickykliebensteinq93i,Ricky Kliebenstein
Jan 30,home,Taft,L,3-2,3,2,1,win,20150130_q1vt,0,0,0,0,0.0,,,,0.0,,,2015,2014-15,Feather River,featherriver,trentonstowe7o3t,Trenton Stowe
Feb 26,home,Siskiyous,W,23-3,23,3,20,win,20150226_jplh,0,0,0,0,0.0,,,,0.0,,,2015,2014-15,Feather River,featherriver,trentonstowe7o3t,Trenton Stowe
Mar 6,home,Redwoods,W,20-1,20,1,19,win,20150306_fa6w,0,0,0,0,0.0,,,,0.0,,,2015,2014-15,Feather River,featherriver,trentonstowe7o3t,Trenton Stowe
Mar 14,home,Lassen,W,15-3,15,3,12,win,20150314_isp8,0,0,0,0,0.0,,,,0.0,,,2015,2014-15,Feather River,featherriver,trentonstowe7o3t,Trenton Stowe
Mar 28,home,Shasta,W,11-5,11,5,6,win,20150328_m805,0,0,0,0,0.0,,,,0.0,,,2015,2014-15,Feather River,featherriver,trentonstowe7o3t,Trenton Stowe
Apr 3,home,Siskiyous,W,9-0,9,0,9,win,20150403_iwlx,0,0,0,0,0.0,,,,0.0,,,2015,2014-15,Feather River,featherriver,trentonstowe7o3t,Trenton Stowe
Apr 9,home,Redwoods,W,8-4,8,4,4,win,20150409_qzvs,0,0,0,0,0.0,,,,0.0,,,2015,2014-15,Feather River,featherriver,trentonstowe7o3t,Trenton Stowe
Apr 9,home,Redwoods,W,4-3,4,3,1,win,20150409_1p26,0,0,0,0,0.0,,,,0.0,,,2015,2014-15,Feather River,featherriver,trentonstowe7o3t,Trenton Stowe
Apr 11,home,Lassen,W,9-6,9,6,3,win,20150411_i0sx,0,0,0,0,0.0,,,,0.0,,,2015,2014-15,Feather River,featherriver,trentonstowe7o3t,Trenton Stowe
Apr 23,home,Shasta,W,11-4,11,4,7,win,20150423_nfig,0,0,0,0,0.0,,,,0.0,,,2015,2014-15,Feather River,featherriver,trentonstowe7o3t,Trenton Stowe
Feb 13,home,Napa,L,10-4,10,4,6,win,20150213_xbtf,0,0,0,0,0.0,,,,0.0,,,2015,2014-15,San Francisco,sanfrancisco,jonathanshani3buj,Jonathan Shani
Feb 13,home,Napa,L,2-0,2,0,2,win,20150213_lj6t,0,0,0,0,0.0,,,,0.0,,,2015,2014-15,San Francisco,sanfrancisco,jonathanshani3buj,Jonathan Shani
Feb 19,home,Marin,T,2-2,2,2,0,tie,20150219_mg9d,0,0,0,0,0.0,,,,0.0,,,2015,2014-15,San Francisco,sanfrancisco,jonathanshani3buj,Jonathan Shani
Mar 3,home,De Anza,L,9-0,9,0,9,win,20150303_qjos,0,0,0,0,0.0,,,,0.0,,,2015,2014-15,San Francisco,sanfrancisco,jonathanshani3buj,Jonathan Shani
Mar 10,home,Ohlone,L,7-1,7,1,6,win,20150310_d7yo,0,0,0,0,0.0,,,,0.0,,,2015,2014-15,San Francisco,sanfrancisco,jonathanshani3buj,Jonathan Shani
Mar 12,home,Chabot,W,3-2,3,2,1,win,20150312_6817,0,0,0,0,0.0,,,,0.0,,,2015,2014-15,San Francisco,sanfrancisco,jonathanshani3buj,Jonathan Shani
Mar 13,home,San Mateo,L,9-0,9,0,9,win,20150313_iati,0,0,0,0,0.0,,,,0.0,,,2015,2014-15,San Francisco,sanfrancisco,jonathanshani3buj,Jonathan Shani
Mar 19,home,Chabot,L,7-1,7,1,6,win,20150319_9i8v,0,0,0,0,0.0,,,,0.0,,,2015,2014-15,San Francisco,sanfrancisco,jonathanshani3buj,Jonathan Shani
Mar 24,home,Monterey,L,13-3,13,3,10,win,20150324_56qn,0,0,0,0,0.0,,,,0.0,,,2015,2014-15,San Francisco,sanfrancisco,jonathanshani3buj,Jonathan Shani
Mar 26,home,Mission,W,16-4,16,4,12,win,20150326_3ky6,0,0,0,0,0.0,,,,0.0,,,2015,2014-15,San Francisco,sanfrancisco,jonathanshani3buj,Jonathan Shani
Apr 2,home,San Mateo,L,8-0,8,0,8,win,20150402_f3zr,0,0,0,0,0.0,,,,0.0,,,2015,2014-15,San Francisco,sanfrancisco,jonathanshani3buj,Jonathan Shani
Apr 4,home,West Valley,L,7-5,7,5,2,win,20150404_mfh5,0,0,0,0,0.0,,,,0.0,,,2015,2014-15,San Francisco,sanfrancisco,jonathanshani3buj,Jonathan Shani
Apr 7,home,Skyline,L,11-4,11,4,7,win,20150407_e81i,0,0,0,0,0.0,,,,0.0,,,2015,2014-15,San Francisco,sanfrancisco,jonathanshani3buj,Jonathan Shani
Apr 16,home,West Valley,L,8-1,8,1,7,win,20150416_bcwi,0,0,0,0,0.0,,,,0.0,,,2015,2014-15,San Francisco,sanfrancisco,jonathanshani3buj,Jonathan Shani
Apr 18,home,De Anza,L,7-0,7,0,7,win,20150418_k8kg,0,0,0,0,0.0,,,,0.0,,,2015,2014-15,San Francisco,sanfrancisco,jonathanshani3buj,Jonathan Shani
Apr 21,home,Chabot,L,9-3,9,3,6,win,20150421_5s6h,0,0,0,0,0.0,,,,0.0,,,2015,2014-15,San Francisco,sanfrancisco,jonathanshani3buj,Jonathan Shani
Jan 31,home,Antelope Valley,W,4-3,4,3,1,win,20150131_s3lk,0,0,0,0,0.0,,,,0.0,,,2015,2014-15,Pasadena,pasadena,frankgonzalez3qbu,Frank Gonzalez
Feb 13,home,LA Valley,L,11-2,11,2,9,win,20150213_qzk7,0,0,0,0,0.0,,,,0.0,,,2015,2014-15,Pasadena,pasadena,frankgonzalez3qbu,Frank Gonzalez
Feb 19,home,LA Valley,L,8-1,8,1,7,win,20150219_fhh6,0,0,0,0,0.0,,,,0.0,,,2015,2014-15,Pasadena,pasadena,frankgonzalez3qbu,Frank Gonzalez
Feb 20,home,Ventura,L,2-1,2,1,1,win,20150220_x4sf,0,0,0,0,0.0,,,,0.0,,,2015,2014-15,Pasadena,pasadena,frankgonzalez3qbu,Frank Gonzalez
Feb 25,home,LA Mission,L,7-0,7,0,7,win,20150225_z2gz,0,0,0,0,0.0,,,,0.0,,,2015,2014-15,Pasadena,pasadena,frankgonzalez3qbu,Frank Gonzalez
Feb 28,home,West LA,L,8-3,8,3,5,win,20150228_pw47,0,0,0,0,0.0,,,,0.0,,,2015,2014-15,Pasadena,pasadena,frankgonzalez3qbu,Frank Gonzalez
Mar 5,home,Cerritos,L,14-3,14,3,11,win,20150305_q9yo,0,0,0,0,0.0,,,,0.0,,,2015,2014-15,Pasadena,pasadena,frankgonzalez3qbu,Frank Gonzalez
Mar 7,home,Cerritos,L,5-0,5,0,5,win,20150307_w3ax,0,0,0,0,0.0,,,,0.0,,,2015,2014-15,Pasadena,pasadena,frankgonzalez3qbu,Frank Gonzalez
Mar 10,home,East Los Angeles,W,8-7,8,7,1,win,20150310_18as,0,0,0,0,0.0,,,,0.0,,,2015,2014-15,Pasadena,pasadena,frankgonzalez3qbu,Frank Gonzalez
Mar 12,home,East Los Angeles,W,5-4,5,4,1,win,20150312_trzc,0,0,0,0,0.0,,,,0.0,,,2015,2014-15,Pasadena,pasadena,frankgonzalez3qbu,Frank Gonzalez
Mar 14,home,East Los Angeles,L,14-0,14,0,14,win,20150314_ei8a,0,0,0,0,0.0,,,,0.0,,,2015,2014-15,Pasadena,pasadena,frankgonzalez3qbu,Frank Gonzalez
Mar 17,home,El Camino,L,9-3,9,3,6,win,20150317_r2st,0,0,0,0,0.0,,,,0.0,,,2015,2014-15,Pasadena,pasadena,frankgonzalez3qbu,Frank Gonzalez
Mar 31,home,Irvine Valley,L,7-2,7,2,5,win,20150331_a9vi,0,0,0,0,0.0,,,,0.0,,,2015,2014-15,Pasadena,pasadena,frankgonzalez3qbu,Frank Gonzalez
Feb 14,home,San Diego City,W,6-3,6,3,3,win,20150214_c86d,0,0,0,0,0.0,,,,0.0,,,2015,2014-15,El Camino-Compton Center,elcaminocomptoncenter,sterlinglarsonlrea,Sterling Larson
Mar 12,home,El Camino,W,11-10,11,10,1,win,20150312_h8tp,0,0,0,0,0.0,,,,0.0,,,2015,2014-15,El Camino-Compton Center,elcaminocomptoncenter,sterlinglarsonlrea,Sterling Larson
Apr 9,home,Pasadena,W,6-5,6,5,1,win,20150409_e6x4,0,0,0,0,0.0,,,,0.0,,,2015,2014-15,El Camino-Compton Center,elcaminocomptoncenter,sterlinglarsonlrea,Sterling Larson
Apr 11,home,Pasadena,W,7-2,7,2,5,win,20150411_fn38,0,0,0,0,0.0,,,,0.0,,,2015,2014-15,El Camino-Compton Center,elcaminocomptoncenter,sterlinglarsonlrea,Sterling Larson
Apr 14,home,Mt. San Antonio,L,10-6,10,6,4,win,20150414_tecz,0,0,0,0,0.0,,,,0.0,,,2015,2014-15,El Camino-Compton Center,elcaminocomptoncenter,sterlinglarsonlrea,Sterling Larson
Apr 18,home,Mt. San Antonio,W,8-7,8,7,1,win,20150418_ndf8,0,0,0,0,0.0,,,,0.0,,,2015,2014-15,El Camino-Compton Center,elcaminocomptoncenter,sterlinglarsonlrea,Sterling Larson
Apr 21,home,Long Beach,W,15-8,15,8,7,win,20150421_00qc,0,0,0,0,0.0,,,,0.0,,,2015,2014-15,El Camino-Compton Center,elcaminocomptoncenter,sterlinglarsonlrea,Sterling Larson
Apr 23,home,Long Beach,W,2-1,2,1,1,win,20150423_7o06,0,0,0,0,0.0,,,,0.0,,,2015,2014-15,El Camino-Compton Center,elcaminocomptoncenter,sterlinglarsonlrea,Sterling Larson
Apr 24,home,Long Beach,L,8-6,8,6,2,win,20150424_8uo9,0,0,0,0,0.0,,,,0.0,,,2015,2014-15,El Camino-Compton Center,elcaminocomptoncenter,sterlinglarsonlrea,Sterling Larson
Jan 29,home,San Diego Mesa,L,8-1,8,1,7,win,20150129_2v4m,0,0,0,0,1.0,,,,0.0,,1.0,2015,2014-15,Ventura,ventura,taylorcampos7gc7,Taylor Campos
Jan 30,home,Cypress,L,4-3,4,3,1,win,20150130_gopd,0,0,0,0,2.0,0.0,0.0,0.0,0.0,0.0,0.0,2015,2014-15,Ventura,ventura,taylorcampos7gc7,Taylor Campos
Feb 5,home,Cerritos,L,6-4,6,4,2,win,20150205_gcsf,0,0,0,0,1.0,1.0,0.0,0.0,0.0,0.0,1.0,2015,2014-15,Ventura,ventura,taylorcampos7gc7,Taylor Campos
Feb 6,home,West Hills Coalinga,W,4-0,4,0,4,win,20150206_npae,0,0,0,0,0.0,,,,0.0,,,2015,2014-15,Ventura,ventura,taylorcampos7gc7,Taylor Campos
Feb 10,home,Citrus,L,4-2,4,2,2,win,20150210_nn81,0,0,0,0,1.0,0.0,0.0,0.0,0.0,0.0,1.0,2015,2014-15,Ventura,ventura,taylorcampos7gc7,Taylor Campos
Feb 12,home,Mt. San Antonio,L,7-4,7,4,3,win,20150212_vx18,0,0,0,0,0.0,,,,0.0,,,2015,2014-15,Ventura,ventura,taylorcampos7gc7,Taylor Campos
Feb 17,home,Allan Hancock,L,4-0,4,0,4,win,20150217_tdsh,0,0,0,0,1.0,2.0,1.0,1.0,9.0,1.0,,2015,2014-15,Ventura,ventura,taylorcampos7gc7,Taylor Campos
Feb 20,home,Pasadena,W,2-1,2,1,1,win,20150220_x4sf,0,0,0,1,1.2,,,,0.0,1.0,1.0,2015,2014-15,Ventura,ventura,taylorcampos7gc7,Taylor Campos
Feb 21,home,Citrus,W,6-2,6,2,4,win,20150221_89xb,0,0,0,0,0.0,,,,0.0,,,2015,2014-15,Ventura,ventura,taylorcampos7gc7,Taylor Campos
Feb 24,home,Moorpark,L,5-0,5,0,5,win,20150224_bz0q,0,0,0,0,0.0,,,,0.0,,,2015,2014-15,Ventura,ventura,taylorcampos7gc7,Taylor Campos
Feb 26,home,Moorpark,W,14-9,14,9,5,win,20150226_7i69,0,0,0,0,0.2,,,,0.0,1.0,1.0,2015,2014-15,Ventura,ventura,taylorcampos7gc7,Taylor Campos
Mar 3,home,LA Pierce,L,3-2,3,2,1,win,20150303_3vcl,0,0,1,0,1.2,3.0,1.0,1.0,5.4,,1.0,2015,2014-15,Ventura,ventura,taylorcampos7gc7,Taylor Campos
Mar 7,home,Cuesta,L,5-4,5,4,1,win,20150307_ov37,0,0,0,0,0.0,,,,0.0,,,2015,2014-15,Ventura,ventura,taylorcampos7gc7,Taylor Campos
Mar 10,home,Santa Barbara,W,3-0,3,0,3,win,20150310_ikbu,0,0,0,0,0.0,,,,0.0,,,2015,2014-15,Ventura,ventura,taylorcampos7gc7,Taylor Campos
Mar 12,home,Santa Barbara,L,12-1,12,1,11,win,20150312_p7ux,0,0,0,0,0.0,,,,0.0,,,2015,2014-15,Ventura,ventura,taylorcampos7gc7,Taylor Campos
Mar 14,home,Oxnard,L,9-4,9,4,5,win,20150314_gi3u,0,0,0,0,0.0,,,,0.0,,,2015,2014-15,Ventura,ventura,taylorcampos7gc7,Taylor Campos
Mar 17,home,Oxnard,L,7-3,7,3,4,win,20150317_9ss6,0,0,0,0,1.0,1.0,,,0.0,,1.0,2015,2014-15,Ventura,ventura,taylorcampos7gc7,Taylor Campos
Mar 19,home,Allan Hancock,L,8-7,8,7,1,win,20150319_5zt4,0,0,0,0,0.0,,,,0.0,,,2015,2014-15,Ventura,ventura,taylorcampos7gc7,Taylor Campos
Mar 21,home,Allan Hancock,L,2-1,2,1,1,win,20150321_1h58,0,0,0,0,2.0,,,,0.0,2.0,3.0,2015,2014-15,Ventura,ventura,taylorcampos7gc7,Taylor Campos
Mar 27,home,Moorpark,W,3-2,3,2,1,win,20150327_ot2a,0,0,0,0,2.0,2.0,,,0.0,,2.0,2015,2014-15,Ventura,ventura,taylorcampos7gc7,Taylor Campos
Mar 31,home,West Hills Coalinga,W,6-5,6,5,1,win,20150331_w2ic,0,1,0,0,2.0,,,,0.0,1.0,3.0,2015,2014-15,Ventura,ventura,taylorcampos7gc7,Taylor Campos
Apr 10,home,Moorpark,W,10-5,10,5,5,win,20150410_a88y,0,0,0,0,0.0,,,,0.0,,,2015,2014-15,Ventura,ventura,taylorcampos7gc7,Taylor Campos
Apr 11,home,LA Pierce,L,9-8,9,8,1,win,20150411_28v7,0,0,0,0,2.1,3.0,,,0.0,,3.0,2015,2014-15,Ventura,ventura,taylorcampos7gc7,Taylor Campos
Apr 14,home,Cuesta,L,5-1,5,1,4,win,20150414_b5s3,0,0,0,0,1.0,2.0,1.0,1.0,9.0,,,2015,2014-15,Ventura,ventura,taylorcampos7gc7,Taylor Campos
Apr 16,home,Cuesta,L,5-4,5,4,1,win,20150416_1yll,0,0,0,0,6.2,5.0,,,0.0,,5.0,2015,2014-15,Ventura,ventura,taylorcampos7gc7,Taylor Campos
Apr 23,home,Oxnard,L,8-2,8,2,6,win,20150423_wvo8,0,0,0,0,1.2,2.0,2.0,2.0,10.8,2.0,2.0,2015,2014-15,Ventura,ventura,taylorcampos7gc7,Taylor Campos
Jan 31,home,Yuba,W,6-5,6,5,1,win,20150131_5p0n,0,0,0,0,0.0,,,,0.0,,,2015,2014-15,Ohlone,ohlone,maxdiazvo8y,Max Diaz
Feb 3,home,West Hills Coalinga,W,4-3,4,3,1,win,20150203_kikc,0,0,0,0,0.0,,,,0.0,,,2015,2014-15,Ohlone,ohlone,maxdiazvo8y,Max Diaz
Feb 6,home,Porterville,W,8-3,8,3,5,win,20150206_zso5,0,0,0,0,0.0,,,,0.0,,,2015,2014-15,Ohlone,ohlone,maxdiazvo8y,Max Diaz
Feb 6,home,Porterville,W,11-4,11,4,7,win,20150206_nbhv,0,0,0,0,0.0,,,,0.0,,,2015,2014-15,Ohlone,ohlone,maxdiazvo8y,Max Diaz
Feb 10,home,West Hills Coalinga,W,6-3,6,3,3,win,20150210_xudq,0,0,0,0,0.0,,,,0.0,,,2015,2014-15,Ohlone,ohlone,maxdiazvo8y,Max Diaz
Feb 11,home,West Hills Coalinga,W,14-3,14,3,11,win,20150211_w4ws,0,0,0,0,0.0,,,,0.0,,,2015,2014-15,Ohlone,ohlone,maxdiazvo8y,Max Diaz
Feb 14,home,Siskiyous,W,3-1,3,1,2,win,20150214_fzu3,0,0,0,0,0.0,,,,0.0,,,2015,2014-15,Ohlone,ohlone,maxdiazvo8y,Max Diaz
Feb 14,home,Siskiyous,W,5-2,5,2,3,win,20150214_g742,0,0,0,0,0.0,,,,0.0,,,2015,2014-15,Ohlone,ohlone,maxdiazvo8y,Max Diaz
Feb 18,home,Los Medanos,W,11-3,11,3,8,win,20150218_898a,0,0,0,0,0.0,,,,0.0,,,2015,2014-15,Ohlone,ohlone,maxdiazvo8y,Max Diaz
Feb 20,home,Feather River,W,3-2,3,2,1,win,20150220_hj0c,0,0,0,0,0.0,,,,0.0,,,2015,2014-15,Ohlone,ohlone,maxdiazvo8y,Max Diaz
Feb 21,home,Los Medanos,L,6-4,6,4,2,win,20150221_ubgt,0,0,0,0,0.0,,,,0.0,,,2015,2014-15,Ohlone,ohlone,maxdiazvo8y,Max Diaz
Feb 24,home,Gavilan,L,3-2,3,2,1,win,20150224_4eq2,0,0,0,0,0.0,,,,0.0,,,2015,2014-15,Ohlone,ohlone,maxdiazvo8y,Max Diaz
Feb 26,home,Cabrillo,L,9-0,9,0,9,win,20150226_f8v1,0,0,0,0,0.0,,,,0.0,,,2015,2014-15,Ohlone,ohlone,maxdiazvo8y,Max Diaz
Mar 3,home,Mission,L,6-4,6,4,2,win,20150303_22s2,0,0,0,0,0.0,,,,0.0,,,2015,2014-15,Ohlone,ohlone,maxdiazvo8y,Max Diaz
Mar 5,home,Hartnell,W,17-4,17,4,13,win,20150305_9m5o,0,0,0,0,0.0,,,,0.0,,,2015,2014-15,Ohlone,ohlone,maxdiazvo8y,Max Diaz
Mar 10,home,San Francisco,W,7-1,7,1,6,win,20150310_d7yo,0,0,0,0,0.0,,,,0.0,,,2015,2014-15,Ohlone,ohlone,maxdiazvo8y,Max Diaz
Mar 17,home,Chabot,L,8-0,8,0,8,win,20150316_l393,0,0,0,0,0.0,,,,0.0,,,2015,2014-15,Ohlone,ohlone,maxdiazvo8y,Max Diaz
Mar 24,home,Cabrillo,W,3-1,3,1,2,win,20150324_g52y,0,0,0,0,0.0,,,,0.0,,,2015,2014-15,Ohlone,ohlone,maxdiazvo8y,Max Diaz
Mar 28,home,Hartnell,W,14-2,14,2,12,win,20150328_0dfj,0,0,0,0,0.0,,,,0.0,,,2015,2014-15,Ohlone,ohlone,maxdiazvo8y,Max Diaz
Mar 31,home,San Mateo,L,2-1,2,1,1,win,20150331_bubz,0,0,0,0,0.0,,,,0.0,,,2015,2014-15,Ohlone,ohlone,maxdiazvo8y,Max Diaz
Apr 14,home,Skyline,W,13-4,13,4,9,win,20150414_6lrp,0,0,0,0,0.0,,,,0.0,,,2015,2014-15,Ohlone,ohlone,maxdiazvo8y,Max Diaz
Apr 16,home,Monterey,L,3-1,3,1,2,win,20150416_aqli,0,0,0,0,0.0,,,,0.0,,,2015,2014-15,Ohlone,ohlone,maxdiazvo8y,Max Diaz
Apr 18,home,Cabrillo,L,6-4,6,4,2,win,20150418_1kj4,0,0,0,0,0.0,,,,0.0,,,2015,2014-15,Ohlone,ohlone,maxdiazvo8y,Max Diaz
Apr 21,home,De Anza,W,6-2,6,2,4,win,20150421_fmzd,0,0,0,0,0.0,,,,0.0,,,2015,2014-15,Ohlone,ohlone,maxdiazvo8y,Max Diaz
Apr 23,home,Canada,W,12-2,12,2,10,win,20150423_erb7,0,0,0,0,0.0,,,,0.0,,,2015,2014-15,Ohlone,ohlone,maxdiazvo8y,Max Diaz
May 1,home,Solano,W,5-3,5,3,2,win,20150501_q6iw,0,0,0,0,0.0,,,,0.0,,,2015,2014-15,Ohlone,ohlone,maxdiazvo8y,Max Diaz
May 8,home,Fresno City,L,7-2,7,2,5,win,20150508_iwo4,0,0,0,0,0.0,,,,0.0,,,2015,2014-15,Ohlone,ohlone,maxdiazvo8y,Max Diaz
May 9,home,Fresno City,W,4-3,4,3,1,win,20150509_r2bd,0,0,0,0,0.0,,,,0.0,,,2015,2014-15,Ohlone,ohlone,maxdiazvo8y,Max Diaz
Jan 27,home,Marin,L,5-2,5,2,3,win,20150127_8zp5,0,0,0,0,0.0,,,,0.0,,,2015,2014-15,San Mateo,sanmateo,isaacfeldsteintb6u,Isaac Feldstein
Jan 30,home,Sierra,L,6-1,6,1,5,win,20150130_3s9s,0,0,0,0,0.0,,,,0.0,,,2015,2014-15,San Mateo,sanmateo,isaacfeldsteintb6u,Isaac Feldstein
Feb 3,home,Diablo Valley,W,1-0,1,0,1,win,20150203_x4de,0,0,0,0,0.0,,,,0.0,,,2015,2014-15,San Mateo,sanmateo,isaacfeldsteintb6u,Isaac Feldstein
Feb 5,home,Solano,W,7-4,7,4,3,win,20150205_2qwz,0,0,0,0,0.0,,,,0.0,,,2015,2014-15,San Mateo,sanmateo,isaacfeldsteintb6u,Isaac Feldstein
Feb 7,home,Solano,L,8-6,8,6,2,win,20150207_pmgd,0,0,0,0,0.0,,,,0.0,,,2015,2014-15,San Mateo,sanmateo,isaacfeldsteintb6u,Isaac Feldstein
Feb 10,home,San Joaquin  Delta,L,8-2,8,2,6,win,20150210_m7wq,0,0,0,0,0.0,,,,0.0,,,2015,2014-15,San Mateo,sanmateo,isaacfeldsteintb6u,Isaac Feldstein
Feb 12,home,Marin,W,8-2,8,2,6,win,20150212_imvb,0,0,0,0,0.0,,,,0.0,,,2015,2014-15,San Mateo,sanmateo,isaacfeldsteintb6u,Isaac Feldstein
Feb 14,home,Sierra,W,15-5,15,5,10,win,20150214_xh9g,0,0,0,0,0.0,,,,0.0,,,2015,2014-15,San Mateo,sanmateo,isaacfeldsteintb6u,Isaac Feldstein
Feb 17,home,Marin,W,8-3,8,3,5,win,20150217_w8b9,0,0,0,0,0.0,,,,0.0,,,2015,2014-15,San Mateo,sanmateo,isaacfeldsteintb6u,Isaac Feldstein
Feb 19,home,Gavilan,L,6-3,6,3,3,win,20150219_0ip0,0,0,0,0,0.0,,,,0.0,,,2015,2014-15,San Mateo,sanmateo,isaacfeldsteintb6u,Isaac Feldstein
Feb 24,home,De Anza,W,9-7,9,7,2,win,20150224_gy68,0,0,0,0,0.0,,,,0.0,,,2015,2014-15,San Mateo,sanmateo,isaacfeldsteintb6u,Isaac Feldstein
Feb 26,home,West Valley,W,8-5,8,5,3,win,20150226_x1lc,0,0,0,0,0.0,,,,0.0,,,2015,2014-15,San Mateo,sanmateo,isaacfeldsteintb6u,Isaac Feldstein
Mar 7,home,Gavilan,W,5-4,5,4,1,win,20150307_gxfm,0,0,0,0,0.0,,,,0.0,,,2015,2014-15,San Mateo,sanmateo,isaacfeldsteintb6u,Isaac Feldstein
Mar 13,home,San Francisco,W,9-0,9,0,9,win,20150313_iati,0,0,0,0,0.0,,,,0.0,,,2015,2014-15,San Mateo,sanmateo,isaacfeldsteintb6u,Isaac Feldstein
Mar 14,home,Mission,L,7-5,7,5,2,win,20150314_c1ft,0,0,0,0,0.0,,,,0.0,,,2015,2014-15,San Mateo,sanmateo,isaacfeldsteintb6u,Isaac Feldstein
Mar 17,home,Canada,W,6-5,6,5,1,win,20150317_ahuh,0,0,0,0,0.0,,,,0.0,,,2015,2014-15,San Mateo,sanmateo,isaacfeldsteintb6u,Isaac Feldstein
Mar 19,home,De Anza,L,3-1,3,1,2,win,20150319_v2of,0,0,0,0,0.0,,,,0.0,,,2015,2014-15,San Mateo,sanmateo,isaacfeldsteintb6u,Isaac Feldstein
Mar 21,home,Chabot,W,9-3,9,3,6,win,20150321_gcby,0,0,0,0,0.0,,,,0.0,,,2015,2014-15,San Mateo,sanmateo,isaacfeldsteintb6u,Isaac Feldstein
Mar 26,home,Hartnell,W,9-2,9,2,7,win,20150326_8e70,0,0,0,0,0.0,,,,0.0,,,2015,2014-15,San Mateo,sanmateo,isaacfeldsteintb6u,Isaac Feldstein
Mar 31,home,Ohlone,W,2-1,2,1,1,win,20150331_bubz,0,0,0,0,0.0,,,,0.0,,,2015,2014-15,San Mateo,sanmateo,isaacfeldsteintb6u,Isaac Feldstein
Apr 2,home,San Francisco,W,8-0,8,0,8,win,20150402_f3zr,0,0,0,0,0.0,,,,0.0,,,2015,2014-15,San Mateo,sanmateo,isaacfeldsteintb6u,Isaac Feldstein
Apr 11,home,Skyline,L,2-1,2,1,1,win,20150411_vbso,0,0,0,0,0.0,,,,0.0,,,2015,2014-15,San Mateo,sanmateo,isaacfeldsteintb6u,Isaac Feldstein
Apr 22,home,Chabot,L,15-13,15,13,2,win,20150422_8bl5,0,0,0,0,0.0,,,,0.0,,,2015,2014-15,San Mateo,sanmateo,isaacfeldsteintb6u,Isaac Feldstein
Apr 23,home,De Anza,W,7-3,7,3,4,win,20150423_49vc,0,0,0,0,0.0,,,,0.0,,,2015,2014-15,San Mateo,sanmateo,isaacfeldsteintb6u,Isaac Feldstein
May 15,home,San Joaquin  Delta,W,8-2,8,2,6,win,20150515_60an,0,0,0,0,0.0,,,,0.0,,,2015,2014-15,San Mateo,sanmateo,isaacfeldsteintb6u,Isaac Feldstein
May 16,home,San Joaquin  Delta,L,8-5,8,5,3,win,20150516_npf0,0,0,0,0,0.0,,,,0.0,,,2015,2014-15,San Mateo,sanmateo,isaacfeldsteintb6u,Isaac Feldstein
May 17,home,San Joaquin  Delta,L,7-2,7,2,5,win,20150517_88lb,0,0,0,0,0.0,,,,0.0,,,2015,2014-15,San Mateo,sanmateo,isaacfeldsteintb6u,Isaac Feldstein
Jan 30,home,West LA,W,3-1,3,1,2,win,20150130_1sov,0,0,0,0,0.0,,,,0.0,,,2015,2014-15,Cerro Coso,cerrocoso,chadbutler693x,Chad Butler
Jan 31,home,West LA,L,6-2,6,2,4,win,20150131_f8yh,0,0,0,0,0.0,,,,0.0,,,2015,2014-15,Cerro Coso,cerrocoso,chadbutler693x,Chad Butler
Jan 31,home,West LA,W,9-7,9,7,2,win,20150131_v431,0,0,0,0,0.0,,,,0.0,,,2015,2014-15,Cerro Coso,cerrocoso,chadbutler693x,Chad Butler
Feb 6,home,San Diego City,L,6-1,6,1,5,win,20150206_cahu,0,0,0,0,0.0,,,,0.0,,,2015,2014-15,Cerro Coso,cerrocoso,chadbutler693x,Chad Butler
Feb 7,home,Imperial Valley,W,15-9,15,9,6,win,20150207_a6bk,0,0,0,0,0.0,,,,0.0,,,2015,2014-15,Cerro Coso,cerrocoso,chadbutler693x,Chad Butler
Feb 7,home,Imperial Valley,L,2-0,2,0,2,win,20150207_7yy8,0,0,0,0,0.0,,,,0.0,,,2015,2014-15,Cerro Coso,cerrocoso,chadbutler693x,Chad Butler
Feb 10,home,Imperial Valley,W,14-12,14,12,2,win,20150210_q3mw,0,0,0,0,0.0,,,,0.0,,,2015,2014-15,Cerro Coso,cerrocoso,chadbutler693x,Chad Butler
Feb 12,home,Monterey,L,1-0,1,0,1,win,20150212_wjuv,0,0,0,0,0.0,,,,0.0,,,2015,2014-15,Cerro Coso,cerrocoso,chadbutler693x,Chad Butler
Feb 14,home,Taft,L,12-5,12,5,7,win,20150214_d85d,0,0,0,0,0.0,,,,0.0,,,2015,2014-15,Cerro Coso,cerrocoso,chadbutler693x,Chad Butler
Feb 17,home,Canyons,L,19-2,19,2,17,win,20150217_8832,0,0,0,0,0.0,,,,0.0,,,2015,2014-15,Cerro Coso,cerrocoso,chadbutler693x,Chad Butler
Feb 21,home,Chaffey,L,10-3,10,3,7,win,20150221_6902,0,0,0,0,0.0,,,,0.0,,,2015,2014-15,Cerro Coso,cerrocoso,chadbutler693x,Chad Butler
Feb 24,home,San Bernardino,L,27-6,27,6,21,win,20150224_bprz,0,0,0,0,0.0,,,,0.0,,,2015,2014-15,Cerro Coso,cerrocoso,chadbutler693x,Chad Butler
Feb 26,home,Barstow,L,9-7,9,7,2,win,20150226_46k2,0,0,0,0,0.0,,,,0.0,,,2015,2014-15,Cerro Coso,cerrocoso,chadbutler693x,Chad Butler
Feb 28,home,Desert,L,15-8,15,8,7,win,20150228_q1ll,0,0,0,0,0.0,,,,0.0,,,2015,2014-15,Cerro Coso,cerrocoso,chadbutler693x,Chad Butler
Mar 5,home,Rio Hondo,L,14-3,14,3,11,win,20150305_n0it,0,0,0,0,0.0,,,,0.0,,,2015,2014-15,Cerro Coso,cerrocoso,chadbutler693x,Chad Butler
Mar 7,home,Victor Valley,L,20-0,20,0,20,win,20150307_q501,0,0,0,0,0.0,,,,0.0,,,2015,2014-15,Cerro Coso,cerrocoso,chadbutler693x,Chad Butler
Mar 10,home,Chaffey,L,13-3,13,3,10,win,20150310_f3me,0,0,0,0,0.0,,,,0.0,,,2015,2014-15,Cerro Coso,cerrocoso,chadbutler693x,Chad Butler
Mar 12,home,Chaffey,W,2-1,2,1,1,win,20150312_yz1y,0,0,0,0,0.0,,,,0.0,,,2015,2014-15,Cerro Coso,cerrocoso,chadbutler693x,Chad Butler
Mar 14,home,Chaffey,L,11-3,11,3,8,win,20150314_zz1b,0,0,0,0,0.0,,,,0.0,,,2015,2014-15,Cerro Coso,cerrocoso,chadbutler693x,Chad Butler
Mar 17,home,San Bernardino,L,17-7,17,7,10,win,20150317_u72p,0,0,0,0,0.0,,,,0.0,,,2015,2014-15,Cerro Coso,cerrocoso,chadbutler693x,Chad Butler
Mar 19,home,San Bernardino,L,10-5,10,5,5,win,20150319_9wna,0,0,0,0,0.0,,,,0.0,,,2015,2014-15,Cerro Coso,cerrocoso,chadbutler693x,Chad Butler
Mar 21,home,San Bernardino,L,9-6,9,6,3,win,20150321_3zwu,0,0,0,0,0.0,,,,0.0,,,2015,2014-15,Cerro Coso,cerrocoso,chadbutler693x,Chad Butler
Mar 24,home,Barstow,L,11-2,11,2,9,win,20150324_f1mp,0,0,0,0,0.0,,,,0.0,,,2015,2014-15,Cerro Coso,cerrocoso,chadbutler693x,Chad Butler
Mar 26,home,Barstow,L,7-2,7,2,5,win,20150326_cd08,0,0,0,0,0.0,,,,0.0,,,2015,2014-15,Cerro Coso,cerrocoso,chadbutler693x,Chad Butler
Mar 28,home,Barstow,L,17-2,17,2,15,win,20150328_n0z1,0,0,0,0,0.0,,,,0.0,,,2015,2014-15,Cerro Coso,cerrocoso,chadbutler693x,Chad Butler
Mar 31,home,Desert,L,12-10,12,10,2,win,20150331_5hgw,0,0,0,0,0.0,,,,0.0,,,2015,2014-15,Cerro Coso,cerrocoso,chadbutler693x,Chad Butler
Apr 2,home,Desert,L,7-6,7,6,1,win,20150402_o884,0,0,0,0,0.0,,,,0.0,,,2015,2014-15,Cerro Coso,cerrocoso,chadbutler693x,Chad Butler
Apr 4,home,Desert,L,8-6,8,6,2,win,20150404_uutp,0,0,0,0,0.0,,,,0.0,,,2015,2014-15,Cerro Coso,cerrocoso,chadbutler693x,Chad Butler
Apr 8,home,Southwestern,L,13-1,13,1,12,win,20150408_ioj2,0,0,0,0,0.0,,,,0.0,,,2015,2014-15,Cerro Coso,cerrocoso,chadbutler693x,Chad Butler
Apr 9,home,Southwestern,L,10-1,10,1,9,win,20150409_cpvd,0,0,0,0,0.0,,,,0.0,,,2015,2014-15,Cerro Coso,cerrocoso,chadbutler693x,Chad Butler
Apr 14,home,Rio Hondo,L,2-1,2,1,1,win,20150414_wal6,0,0,0,0,0.0,,,,0.0,,,2015,2014-15,Cerro Coso,cerrocoso,chadbutler693x,Chad Butler
Apr 16,home,Rio Hondo,L,12-3,12,3,9,win,20150416_3nha,0,0,0,0,0.0,,,,0.0,,,2015,2014-15,Cerro Coso,cerrocoso,chadbutler693x,Chad Butler
Apr 18,home,Rio Hondo,L,7-2,7,2,5,win,20150418_041v,0,0,0,0,0.0,,,,0.0,,,2015,2014-15,Cerro Coso,cerrocoso,chadbutler693x,Chad Butler
Apr 21,home,Victor Valley,L,31-7,31,7,24,win,20150421_dyis,0,0,0,0,0.0,,,,0.0,,,2015,2014-15,Cerro Coso,cerrocoso,chadbutler693x,Chad Butler
Apr 23,home,Victor Valley,L,9-5,9,5,4,win,20150423_qjsm,0,0,0,0,0.0,,,,0.0,,,2015,2014-15,Cerro Coso,cerrocoso,chadbutler693x,Chad Butler
Apr 25,home,Victor Valley,L,18-1,18,1,17,win,20150425_fvek,0,0,0,0,0.0,,,,0.0,,,2015,2014-15,Cerro Coso,cerrocoso,chadbutler693x,Chad Butler
Jan 29,home,Ventura,W,8-1,8,1,7,win,20150129_2v4m,0,0,0,0,0.0,,,,0.0,,,2015,2014-15,San Diego Mesa,sandiegomesa,andrewmcwilliam725k,Andrew McWilliam
Feb 3,home,Desert,W,12-0,12,0,12,win,20150203_39m5,0,0,0,0,0.0,,,,0.0,,,2015,2014-15,San Diego Mesa,sandiegomesa,andrewmcwilliam725k,Andrew McWilliam
Feb 5,home,Rio Hondo,L,13-3,13,3,10,win,20150205_qotk,0,0,0,0,0.0,,,,0.0,,,2015,2014-15,San Diego Mesa,sandiegomesa,andrewmcwilliam725k,Andrew McWilliam
Feb 6,home,Allan Hancock,W,17-1,17,1,16,win,20150206_bitk,0,0,0,0,0.0,,,,0.0,,,2015,2014-15,San Diego Mesa,sandiegomesa,andrewmcwilliam725k,Andrew McWilliam
Feb 7,home,Canyons,L,8-2,8,2,6,win,20150207_3tw9,0,0,0,0,0.0,,,,0.0,,,2015,2014-15,San Diego Mesa,sandiegomesa,andrewmcwilliam725k,Andrew McWilliam
Feb 10,home,Rio Hondo,L,9-5,9,5,4,win,20150210_bufx,0,0,0,0,0.0,,,,0.0,,,2015,2014-15,San Diego Mesa,sandiegomesa,andrewmcwilliam725k,Andrew McWilliam
Feb 12,home,Santa Ana,W,8-4,8,4,4,win,20150212_mfog,0,0,0,0,0.0,,,,0.0,,,2015,2014-15,San Diego Mesa,sandiegomesa,andrewmcwilliam725k,Andrew McWilliam
Feb 17,home,Saddleback,L,6-2,6,2,4,win,20150217_x228,0,0,0,0,0.0,,,,0.0,,,2015,2014-15,San Diego Mesa,sandiegomesa,andrewmcwilliam725k,Andrew McWilliam
Feb 19,home,Skyline,W,8-3,8,3,5,win,20150219_to8c,0,0,0,0,0.0,,,,0.0,,,2015,2014-15,San Diego Mesa,sandiegomesa,andrewmcwilliam725k,Andrew McWilliam
Feb 20,home,Skyline,L,5-3,5,3,2,win,20150220_zggm,0,0,0,0,0.0,,,,0.0,,,2015,2014-15,San Diego Mesa,sandiegomesa,andrewmcwilliam725k,Andrew McWilliam
Feb 21,home,Southwestern,L,7-2,7,2,5,win,20150221_z8al,0,0,0,0,0.0,,,,0.0,,,2015,2014-15,San Diego Mesa,sandiegomesa,andrewmcwilliam725k,Andrew McWilliam
Feb 24,home,Mt. San Jacinto,W,18-13,18,13,5,win,20150224_5lq3,0,0,0,0,0.0,,,,0.0,,,2015,2014-15,San Diego Mesa,sandiegomesa,andrewmcwilliam725k,Andrew McWilliam
Feb 26,home,San Diego City,L,4-3,4,3,1,win,20150226_n4yt,0,0,0,0,0.0,,,,0.0,,,2015,2014-15,San Diego Mesa,sandiegomesa,andrewmcwilliam725k,Andrew McWilliam
Feb 27,home,Palomar,L,10-0,10,0,10,win,20150227_idxr,0,0,0,0,0.0,,,,0.0,,,2015,2014-15,San Diego Mesa,sandiegomesa,andrewmcwilliam725k,Andrew McWilliam
Mar 7,home,Grossmont,L,6-5,6,5,1,win,20150307_iy38,0,0,0,0,0.0,,,,0.0,,,2015,2014-15,San Diego Mesa,sandiegomesa,andrewmcwilliam725k,Andrew McWilliam
Mar 10,home,Southwestern,L,3-1,3,1,2,win,20150310_2ioc,0,0,0,0,0.0,,,,0.0,,,2015,2014-15,San Diego Mesa,sandiegomesa,andrewmcwilliam725k,Andrew McWilliam
Mar 12,home,Southwestern,W,10-6,10,6,4,win,20150312_ycrl,0,0,0,0,0.0,,,,0.0,,,2015,2014-15,San Diego Mesa,sandiegomesa,andrewmcwilliam725k,Andrew McWilliam
Mar 14,home,Southwestern,W,7-4,7,4,3,win,20150314_6ebt,0,0,0,0,0.0,,,,0.0,,,2015,2014-15,San Diego Mesa,sandiegomesa,andrewmcwilliam725k,Andrew McWilliam
Mar 17,home,Mt. San Jacinto,W,5-4,5,4,1,win,20150317_3sft,0,0,0,0,0.0,,,,0.0,,,2015,2014-15,San Diego Mesa,sandiegomesa,andrewmcwilliam725k,Andrew McWilliam
Mar 19,home,Mt. San Jacinto,W,7-5,7,5,2,win,20150319_0wbi,0,0,0,0,0.0,,,,0.0,,,2015,2014-15,San Diego Mesa,sandiegomesa,andrewmcwilliam725k,Andrew McWilliam
Mar 21,home,Mt. San Jacinto,L,3-2,3,2,1,win,20150321_mbkz,0,0,0,0,0.0,,,,0.0,,,2015,2014-15,San Diego Mesa,sandiegomesa,andrewmcwilliam725k,Andrew McWilliam
Mar 24,home,San Diego City,W,14-8,14,8,6,win,20150324_s8je,0,0,0,0,0.0,,,,0.0,,,2015,2014-15,San Diego Mesa,sandiegomesa,andrewmcwilliam725k,Andrew McWilliam
Mar 26,home,San Diego City,W,11-0,11,0,11,win,20150326_vbgu,0,0,0,0,0.0,,,,0.0,,,2015,2014-15,San Diego Mesa,sandiegomesa,andrewmcwilliam725k,Andrew McWilliam
Mar 27,home,San Diego City,W,4-2,4,2,2,win,20150327_2fv8,0,0,0,0,0.0,,,,0.0,,,2015,2014-15,San Diego Mesa,sandiegomesa,andrewmcwilliam725k,Andrew McWilliam
Mar 31,home,Palomar,W,6-5,6,5,1,win,20150331_a11s,0,0,0,0,0.0,,,,0.0,,,2015,2014-15,San Diego Mesa,sandiegomesa,andrewmcwilliam725k,Andrew McWilliam
Apr 2,home,Palomar,L,5-4,5,4,1,win,20150402_39ub,0,0,0,0,0.0,,,,0.0,,,2015,2014-15,San Diego Mesa,sandiegomesa,andrewmcwilliam725k,Andrew McWilliam
Apr 3,home,Palomar,L,12-2,12,2,10,win,20150403_c7y2,0,0,0,0,0.0,,,,0.0,,,2015,2014-15,San Diego Mesa,sandiegomesa,andrewmcwilliam725k,Andrew McWilliam
Apr 7,home,Imperial Valley,L,8-6,8,6,2,win,20150407_j4ha,0,0,0,0,0.0,,,,0.0,,,2015,2014-15,San Diego Mesa,sandiegomesa,andrewmcwilliam725k,Andrew McWilliam
Apr 9,home,Imperial Valley,W,20-4,20,4,16,win,20150409_69u6,0,0,0,0,0.0,,,,0.0,,,2015,2014-15,San Diego Mesa,sandiegomesa,andrewmcwilliam725k,Andrew McWilliam
Apr 10,home,Imperial Valley,W,8-4,8,4,4,win,20150410_wb4a,0,0,0,0,0.0,,,,0.0,,,2015,2014-15,San Diego Mesa,sandiegomesa,andrewmcwilliam725k,Andrew McWilliam
Apr 21,home,Grossmont,L,5-4,5,4,1,win,20150421_ubnm,0,0,0,0,0.0,,,,0.0,,,2015,2014-15,San Diego Mesa,sandiegomesa,andrewmcwilliam725k,Andrew McWilliam
Apr 23,home,Grossmont,L,10-3,10,3,7,win,20150423_afub,0,0,0,0,0.0,,,,0.0,,,2015,2014-15,San Diego Mesa,sandiegomesa,andrewmcwilliam725k,Andrew McWilliam
Apr 24,home,Grossmont,L,5-1,5,1,4,win,20150424_p8x8,0,0,0,0,0.0,,,,0.0,,,2015,2014-15,San Diego Mesa,sandiegomesa,andrewmcwilliam725k,Andrew McWilliam
Jan 29,home,Cabrillo,L,8-4,8,4,4,win,20150129_ttjc,0,0,0,0,0.0,,,,0.0,,,2015,2014-15,Diablo Valley,diablovalley,joshstevenschh0,Josh Stevens
Jan 31,home,Merced,W,7-6,7,6,1,win,20150131_j4h5,0,0,0,0,0.0,,,,0.0,,,2015,2014-15,Diablo Valley,diablovalley,joshstevenschh0,Josh Stevens
Feb 3,home,San Mateo,L,1-0,1,0,1,win,20150203_x4de,0,0,0,0,0.0,,,,0.0,,,2015,2014-15,Diablo Valley,diablovalley,joshstevenschh0,Josh Stevens
Feb 4,home,Mendocino,L,6-5,6,5,1,win,20150204_wf87,0,0,0,0,0.0,,,,0.0,,,2015,2014-15,Diablo Valley,diablovalley,joshstevenschh0,Josh Stevens
Feb 10,home,Marin,L,7-3,7,3,4,win,20150210_apvo,0,0,0,0,0.0,,,,0.0,,,2015,2014-15,Diablo Valley,diablovalley,joshstevenschh0,Josh Stevens
Feb 11,home,West Valley,L,5-0,5,0,5,win,20150211_rq0u,0,0,0,0,0.0,,,,0.0,,,2015,2014-15,Diablo Valley,diablovalley,joshstevenschh0,Josh Stevens
Feb 12,home,Mission,W,4-3,4,3,1,win,20150212_qjz8,0,0,0,0,0.0,,,,0.0,,,2015,2014-15,Diablo Valley,diablovalley,joshstevenschh0,Josh Stevens
Feb 13,home,Laney,L,16-4,16,4,12,win,20150213_gm0a,0,0,0,0,0.0,,,,0.0,,,2015,2014-15,Diablo Valley,diablovalley,joshstevenschh0,Josh Stevens
Feb 17,home,Los Medanos,L,6-4,6,4,2,win,20150217_vxqo,0,0,0,0,0.0,,,,0.0,,,2015,2014-15,Diablo Valley,diablovalley,joshstevenschh0,Josh Stevens
Feb 19,home,Los Medanos,L,6-5,6,5,1,win,20150219_56ty,0,0,0,0,0.0,,,,0.0,,,2015,2014-15,Diablo Valley,diablovalley,joshstevenschh0,Josh Stevens
Feb 21,home,Marin,L,7-6,7,6,1,win,20150221_bnll,0,0,0,0,0.0,,,,0.0,,,2015,2014-15,Diablo Valley,diablovalley,joshstevenschh0,Josh Stevens
Feb 26,home,American River,W,6-4,6,4,2,win,20150226_736p,0,0,0,0,0.0,,,,0.0,,,2015,2014-15,Diablo Valley,diablovalley,joshstevenschh0,Josh Stevens
Mar 3,home,Sacramento City,L,14-4,14,4,10,win,20150303_f5ch,0,0,0,0,0.0,,,,0.0,,,2015,2014-15,Diablo Valley,diablovalley,joshstevenschh0,Josh Stevens
Mar 5,home,Santa Rosa,L,4-1,4,1,3,win,20150305_2pts,0,0,0,0,0.0,,,,0.0,,,2015,2014-15,Diablo Valley,diablovalley,joshstevenschh0,Josh Stevens
Mar 6,home,American River,L,4-3,4,3,1,win,20150306_ptlm,0,0,0,0,0.0,,,,0.0,,,2015,2014-15,Diablo Valley,diablovalley,joshstevenschh0,Josh Stevens
Mar 10,home,Modesto,W,8-7,8,7,1,win,20150310_mzzp,0,0,0,0,0.0,,,,0.0,,,2015,2014-15,Diablo Valley,diablovalley,joshstevenschh0,Josh Stevens
Mar 12,home,Modesto,W,5-4,5,4,1,win,20150312_w259,0,0,0,0,0.0,,,,0.0,,,2015,2014-15,Diablo Valley,diablovalley,joshstevenschh0,Josh Stevens
Mar 14,home,Modesto,W,8-6,8,6,2,win,20150314_t7tq,0,0,0,0,0.0,,,,0.0,,,2015,2014-15,Diablo Valley,diablovalley,joshstevenschh0,Josh Stevens
Mar 17,home,Sierra,L,7-3,7,3,4,win,20150317_da0f,0,0,0,0,0.0,,,,0.0,,,2015,2014-15,Diablo Valley,diablovalley,joshstevenschh0,Josh Stevens
Mar 19,home,Sierra,W,4-2,4,2,2,win,20150319_t8vw,0,0,0,0,0.0,,,,0.0,,,2015,2014-15,Diablo Valley,diablovalley,joshstevenschh0,Josh Stevens
Mar 20,home,Sierra,L,3-0,3,0,3,win,20150320_5klk,0,0,0,0,0.0,,,,0.0,,,2015,2014-15,Diablo Valley,diablovalley,joshstevenschh0,Josh Stevens
Mar 24,home,Santa Rosa,L,5-4,5,4,1,win,20150324_zdvg,0,0,0,0,0.0,,,,0.0,,,2015,2014-15,Diablo Valley,diablovalley,joshstevenschh0,Josh Stevens
Mar 26,home,Santa Rosa,L,11-5,11,5,6,win,20150326_fj6n,0,0,0,0,0.0,,,,0.0,,,2015,2014-15,Diablo Valley,diablovalley,joshstevenschh0,Josh Stevens
Mar 27,home,Santa Rosa,L,8-2,8,2,6,win,20150327_3hwl,0,0,0,0,0.0,,,,0.0,,,2015,2014-15,Diablo Valley,diablovalley,joshstevenschh0,Josh Stevens
Mar 31,home,Sacramento City,L,4-1,4,1,3,win,20150331_971e,0,0,0,0,0.0,,,,0.0,,,2015,2014-15,Diablo Valley,diablovalley,joshstevenschh0,Josh Stevens
Apr 2,home,Sacramento City,L,6-4,6,4,2,win,20150402_0uvv,0,0,0,0,0.0,,,,0.0,,,2015,2014-15,Diablo Valley,diablovalley,joshstevenschh0,Josh Stevens
Apr 4,home,Sacramento City,L,10-6,10,6,4,win,20150404_9hqa,0,0,0,0,0.0,,,,0.0,,,2015,2014-15,Diablo Valley,diablovalley,joshstevenschh0,Josh Stevens
Apr 8,home,Cosumnes River,L,2-0,2,0,2,win,20150408_5nxc,0,0,0,0,0.0,,,,0.0,,,2015,2014-15,Diablo Valley,diablovalley,joshstevenschh0,Josh Stevens
Apr 9,home,Cosumnes River,W,6-5,6,5,1,win,20150409_om2c,0,0,0,0,0.0,,,,0.0,,,2015,2014-15,Diablo Valley,diablovalley,joshstevenschh0,Josh Stevens
Apr 11,home,Cosumnes River,L,12-4,12,4,8,win,20150411_vccl,0,0,0,0,0.0,,,,0.0,,,2015,2014-15,Diablo Valley,diablovalley,joshstevenschh0,Josh Stevens
Apr 14,home,San Joaquin  Delta,L,8-2,8,2,6,win,20150414_as94,0,0,0,0,0.0,,,,0.0,,,2015,2014-15,Diablo Valley,diablovalley,joshstevenschh0,Josh Stevens
Apr 16,home,San Joaquin  Delta,L,7-0,7,0,7,win,20150416_tl2k,0,0,0,0,0.0,,,,0.0,,,2015,2014-15,Diablo Valley,diablovalley,joshstevenschh0,Josh Stevens
Apr 21,home,American River,L,4-1,4,1,3,win,20150421_s4y3,0,0,0,0,0.0,,,,0.0,,,2015,2014-15,Diablo Valley,diablovalley,joshstevenschh0,Josh Stevens
Apr 23,home,American River,W,15-7,15,7,8,win,20150423_2ccc,0,0,0,0,0.0,,,,0.0,,,2015,2014-15,Diablo Valley,diablovalley,joshstevenschh0,Josh Stevens
Apr 24,home,American River,L,9-8,9,8,1,win,20150424_ww5s,0,0,0,0,0.0,,,,0.0,,,2015,2014-15,Diablo Valley,diablovalley,joshstevenschh0,Josh Stevens
Jan 29,home,Ventura,W,8-1,8,1,7,win,20150129_2v4m,0,0,0,0,0.0,,,,0.0,,,2015,2014-15,San Diego Mesa,sandiegomesa,anthonyhensleyu1ws,Anthony Hensley
Jan 31,home,Fullerton,L,8-4,8,4,4,win,20150131_sek0,0,0,0,0,0.0,,,,0.0,,,2015,2014-15,San Diego Mesa,sandiegomesa,anthonyhensleyu1ws,Anthony Hensley
Feb 3,home,Desert,W,12-0,12,0,12,win,20150203_39m5,0,0,0,0,0.0,,,,0.0,,,2015,2014-15,San Diego Mesa,sandiegomesa,anthonyhensleyu1ws,Anthony Hensley
Feb 5,home,Rio Hondo,L,13-3,13,3,10,win,20150205_qotk,0,0,0,0,0.0,,,,0.0,,,2015,2014-15,San Diego Mesa,sandiegomesa,anthonyhensleyu1ws,Anthony Hensley
Feb 6,home,Allan Hancock,W,17-1,17,1,16,win,20150206_bitk,0,0,0,0,0.0,,,,0.0,,,2015,2014-15,San Diego Mesa,sandiegomesa,anthonyhensleyu1ws,Anthony Hensley
Feb 7,home,Canyons,L,8-2,8,2,6,win,20150207_3tw9,0,0,0,0,0.0,,,,0.0,,,2015,2014-15,San Diego Mesa,sandiegomesa,anthonyhensleyu1ws,Anthony Hensley
Feb 10,home,Rio Hondo,L,9-5,9,5,4,win,20150210_bufx,0,0,0,0,0.0,,,,0.0,,,2015,2014-15,San Diego Mesa,sandiegomesa,anthonyhensleyu1ws,Anthony Hensley
Feb 12,home,Santa Ana,W,8-4,8,4,4,win,20150212_mfog,0,0,0,0,0.0,,,,0.0,,,2015,2014-15,San Diego Mesa,sandiegomesa,anthonyhensleyu1ws,Anthony Hensley
Feb 17,home,Saddleback,L,6-2,6,2,4,win,20150217_x228,0,0,0,0,0.0,,,,0.0,,,2015,2014-15,San Diego Mesa,sandiegomesa,anthonyhensleyu1ws,Anthony Hensley
Feb 19,home,Skyline,W,8-3,8,3,5,win,20150219_to8c,0,0,0,0,0.0,,,,0.0,,,2015,2014-15,San Diego Mesa,sandiegomesa,anthonyhensleyu1ws,Anthony Hensley
Feb 20,home,Skyline,L,5-3,5,3,2,win,20150220_zggm,0,0,0,0,0.0,,,,0.0,,,2015,2014-15,San Diego Mesa,sandiegomesa,anthonyhensleyu1ws,Anthony Hensley
Feb 21,home,Southwestern,L,7-2,7,2,5,win,20150221_z8al,0,0,0,0,0.0,,,,0.0,,,2015,2014-15,San Diego Mesa,sandiegomesa,anthonyhensleyu1ws,Anthony Hensley
Feb 24,home,Mt. San Jacinto,W,18-13,18,13,5,win,20150224_5lq3,0,0,0,0,0.0,,,,0.0,,,2015,2014-15,San Diego Mesa,sandiegomesa,anthonyhensleyu1ws,Anthony Hensley
Feb 26,home,San Diego City,L,4-3,4,3,1,win,20150226_n4yt,0,0,0,0,0.0,,,,0.0,,,2015,2014-15,San Diego Mesa,sandiegomesa,anthonyhensleyu1ws,Anthony Hensley
Feb 27,home,Palomar,L,10-0,10,0,10,win,20150227_idxr,0,0,0,0,0.0,,,,0.0,,,2015,2014-15,San Diego Mesa,sandiegomesa,anthonyhensleyu1ws,Anthony Hensley
Mar 3,home,Imperial Valley,W,4-3,4,3,1,win,20150303_izuy,0,0,0,0,0.0,,,,0.0,,,2015,2014-15,San Diego Mesa,sandiegomesa,anthonyhensleyu1ws,Anthony Hensley
Mar 7,home,Grossmont,L,6-5,6,5,1,win,20150307_iy38,0,0,0,0,0.0,,,,0.0,,,2015,2014-15,San Diego Mesa,sandiegomesa,anthonyhensleyu1ws,Anthony Hensley
Mar 10,home,Southwestern,L,3-1,3,1,2,win,20150310_2ioc,0,0,0,0,0.0,,,,0.0,,,2015,2014-15,San Diego Mesa,sandiegomesa,anthonyhensleyu1ws,Anthony Hensley
Mar 12,home,Southwestern,W,10-6,10,6,4,win,20150312_ycrl,0,0,0,0,0.0,,,,0.0,,,2015,2014-15,San Diego Mesa,sandiegomesa,anthonyhensleyu1ws,Anthony Hensley
Mar 14,home,Southwestern,W,7-4,7,4,3,win,20150314_6ebt,0,0,0,0,0.0,,,,0.0,,,2015,2014-15,San Diego Mesa,sandiegomesa,anthonyhensleyu1ws,Anthony Hensley
Mar 17,home,Mt. San Jacinto,W,5-4,5,4,1,win,20150317_3sft,0,0,0,0,0.0,,,,0.0,,,2015,2014-15,San Diego Mesa,sandiegomesa,anthonyhensleyu1ws,Anthony Hensley
Mar 24,home,San Diego City,W,14-8,14,8,6,win,20150324_s8je,0,0,0,0,0.0,,,,0.0,,,2015,2014-15,San Diego Mesa,sandiegomesa,anthonyhensleyu1ws,Anthony Hensley
Mar 26,home,San Diego City,W,11-0,11,0,11,win,20150326_vbgu,0,0,0,0,0.0,,,,0.0,,,2015,2014-15,San Diego Mesa,sandiegomesa,anthonyhensleyu1ws,Anthony Hensley
Mar 27,home,San Diego City,W,4-2,4,2,2,win,20150327_2fv8,0,0,0,0,0.0,,,,0.0,,,2015,2014-15,San Diego Mesa,sandiegomesa,anthonyhensleyu1ws,Anthony Hensley
Apr 2,home,Palomar,L,5-4,5,4,1,win,20150402_39ub,0,0,0,0,0.0,,,,0.0,,,2015,2014-15,San Diego Mesa,sandiegomesa,anthonyhensleyu1ws,Anthony Hensley
Apr 3,home,Palomar,L,12-2,12,2,10,win,20150403_c7y2,0,0,0,0,2.2,2.0,1.0,,0.0,,1.0,2015,2014-15,San Diego Mesa,sandiegomesa,anthonyhensleyu1ws,Anthony Hensley
Apr 7,home,Imperial Valley,L,8-6,8,6,2,win,20150407_j4ha,0,0,0,0,1.1,2.0,,,0.0,1.0,,2015,2014-15,San Diego Mesa,sandiegomesa,anthonyhensleyu1ws,Anthony Hensley
Apr 9,home,Imperial Valley,W,20-4,20,4,16,win,20150409_69u6,0,0,0,0,0.0,,,,0.0,,,2015,2014-15,San Diego Mesa,sandiegomesa,anthonyhensleyu1ws,Anthony Hensley
Apr 10,home,Imperial Valley,W,8-4,8,4,4,win,20150410_wb4a,0,0,0,0,1.0,2.0,,,0.0,,,2015,2014-15,San Diego Mesa,sandiegomesa,anthonyhensleyu1ws,Anthony Hensley
Apr 21,home,Grossmont,L,5-4,5,4,1,win,20150421_ubnm,0,0,0,0,2.0,2.0,,,0.0,,,2015,2014-15,San Diego Mesa,sandiegomesa,anthonyhensleyu1ws,Anthony Hensley
Jan 31,home,Skyline,L,6-5,6,5,1,win,20150131_7itl,0,0,0,0,0.0,,,,0.0,,,2015,2014-15,Cosumnes River,cosumnesriver,andregregorymf0z,Andre Gregory
Feb 3,home,Skyline,W,11-6,11,6,5,win,20150203_7ev3,0,0,0,0,0.0,,,,0.0,,,2015,2014-15,Cosumnes River,cosumnesriver,andregregorymf0z,Andre Gregory
Feb 5,home,Merced,L,8-5,8,5,3,win,20150205_flcy,0,0,0,0,0.0,,,,0.0,,,2015,2014-15,Cosumnes River,cosumnesriver,andregregorymf0z,Andre Gregory
Feb 6,home,Merced,L,2-0,2,0,2,win,20150206_tccg,0,0,0,0,0.0,,,,0.0,,,2015,2014-15,Cosumnes River,cosumnesriver,andregregorymf0z,Andre Gregory
Feb 11,home,Chabot,W,8-4,8,4,4,win,20150211_vfb6,0,0,0,0,0.0,,,,0.0,,,2015,2014-15,Cosumnes River,cosumnesriver,andregregorymf0z,Andre Gregory
Feb 17,home,Chabot,W,8-5,8,5,3,win,20150217_loid,0,0,0,0,0.0,,,,0.0,,,2015,2014-15,Cosumnes River,cosumnesriver,andregregorymf0z,Andre Gregory
Feb 19,home,Sequoias,W,4-3,4,3,1,win,20150219_pbht,0,0,0,0,0.0,,,,0.0,,,2015,2014-15,Cosumnes River,cosumnesriver,andregregorymf0z,Andre Gregory
Feb 20,home,Sequoias,L,4-2,4,2,2,win,20150220_mx1e,0,0,0,0,0.0,,,,0.0,,,2015,2014-15,Cosumnes River,cosumnesriver,andregregorymf0z,Andre Gregory
Feb 24,home,Shasta,W,20-13,20,13,7,win,20150224_yrwb,0,0,0,0,1.0,,,,0.0,1.0,,2015,2014-15,Cosumnes River,cosumnesriver,andregregorymf0z,Andre Gregory
Feb 26,home,Canyons,W,5-3,5,3,2,win,20150226_3lka,0,0,0,0,0.0,,,,0.0,,,2015,2014-15,Cosumnes River,cosumnesriver,andregregorymf0z,Andre Gregory
Feb 27,home,Canyons,W,9-6,9,6,3,win,20150227_qrhk,0,0,0,1,1.0,1.0,1.0,1.0,9.0,,1.0,2015,2014-15,Cosumnes River,cosumnesriver,andregregorymf0z,Andre Gregory
Mar 3,home,Santa Rosa,W,5-4,5,4,1,win,20150303_mecu,0,0,0,0,0.0,,,,0.0,,,2015,2014-15,Cosumnes River,cosumnesriver,andregregorymf0z,Andre Gregory
Mar 5,home,American River,W,8-2,8,2,6,win,20150305_ud0a,0,0,0,0,0.0,,,,0.0,,,2015,2014-15,Cosumnes River,cosumnesriver,andregregorymf0z,Andre Gregory
Mar 7,home,San Joaquin  Delta,L,5-0,5,0,5,win,20150307_78iu,0,0,0,0,1.0,,,,0.0,1.0,1.0,2015,2014-15,Cosumnes River,cosumnesriver,andregregorymf0z,Andre Gregory
Mar 10,home,Sierra,W,8-5,8,5,3,win,20150310_q844,0,0,0,0,0.0,,,,0.0,,,2015,2014-15,Cosumnes River,cosumnesriver,andregregorymf0z,Andre Gregory
Mar 12,home,Sierra,W,7-1,7,1,6,win,20150312_1qp3,0,0,0,0,0.0,,,,0.0,,,2015,2014-15,Cosumnes River,cosumnesriver,andregregorymf0z,Andre Gregory
Mar 14,home,Sierra,L,6-5,6,5,1,win,20150314_rzuy,0,0,1,0,0.2,2.0,2.0,2.0,27.0,,1.0,2015,2014-15,Cosumnes River,cosumnesriver,andregregorymf0z,Andre Gregory
Mar 17,home,Modesto,L,9-8,9,8,1,win,20150317_zhe3,0,0,0,0,1.0,,,,0.0,,,2015,2014-15,Cosumnes River,cosumnesriver,andregregorymf0z,Andre Gregory
Mar 19,home,Modesto,L,3-2,3,2,1,win,20150319_3q8b,0,0,0,0,0.0,,,,0.0,,,2015,2014-15,Cosumnes River,cosumnesriver,andregregorymf0z,Andre Gregory
Mar 21,home,Modesto,L,7-2,7,2,5,win,20150321_4tph,0,0,0,0,0.0,,,,0.0,,,2015,2014-15,Cosumnes River,cosumnesriver,andregregorymf0z,Andre Gregory
Mar 24,home,American River,W,10-4,10,4,6,win,20150324_eunl,0,0,0,0,0.0,,,,0.0,,,2015,2014-15,Cosumnes River,cosumnesriver,andregregorymf0z,Andre Gregory
Mar 26,home,American River,W,10-3,10,3,7,win,20150326_faul,0,0,0,0,0.0,,,,0.0,,,2015,2014-15,Cosumnes River,cosumnesriver,andregregorymf0z,Andre Gregory
Mar 28,home,American River,W,3-2,3,2,1,win,20150328_zf98,0,0,0,0,0.0,,,,0.0,,,2015,2014-15,Cosumnes River,cosumnesriver,andregregorymf0z,Andre Gregory
Mar 31,home,Santa Rosa,L,10-5,10,5,5,win,20150331_byci,0,0,0,0,0.0,,,,0.0,,,2015,2014-15,Cosumnes River,cosumnesriver,andregregorymf0z,Andre Gregory
Apr 2,home,Santa Rosa,W,5-4,5,4,1,win,20150402_ss1v,0,0,0,0,0.0,,,,0.0,,,2015,2014-15,Cosumnes River,cosumnesriver,andregregorymf0z,Andre Gregory
Apr 4,home,Santa Rosa,W,2-1,2,1,1,win,20150404_4ydx,0,0,0,0,0.0,,,,0.0,,,2015,2014-15,Cosumnes River,cosumnesriver,andregregorymf0z,Andre Gregory
Apr 8,home,Diablo Valley,W,2-0,2,0,2,win,20150408_5nxc,0,0,0,0,0.0,,,,0.0,,,2015,2014-15,Cosumnes River,cosumnesriver,andregregorymf0z,Andre Gregory
Apr 9,home,Diablo Valley,L,6-5,6,5,1,win,20150409_om2c,0,0,0,0,0.0,,,,0.0,,,2015,2014-15,Cosumnes River,cosumnesriver,andregregorymf0z,Andre Gregory
Apr 11,home,Diablo Valley,W,12-4,12,4,8,win,20150411_vccl,0,0,0,0,0.0,,,,0.0,,,2015,2014-15,Cosumnes River,cosumnesriver,andregregorymf0z,Andre Gregory
Apr 14,home,Sacramento City,W,12-8,12,8,4,win,20150414_w65g,0,0,0,0,0.0,,,,0.0,,,2015,2014-15,Cosumnes River,cosumnesriver,andregregorymf0z,Andre Gregory
Apr 16,home,Sacramento City,W,9-4,9,4,5,win,20150416_cs65,0,0,0,0,0.0,,,,0.0,,,2015,2014-15,Cosumnes River,cosumnesriver,andregregorymf0z,Andre Gregory
Apr 17,home,Sacramento City,W,8-7,8,7,1,win,20150417_r2jt,0,0,0,1,0.1,1.0,,,0.0,,1.0,2015,2014-15,Cosumnes River,cosumnesriver,andregregorymf0z,Andre Gregory
Apr 21,home,San Joaquin  Delta,W,8-1,8,1,7,win,20150421_km5k,0,0,0,0,0.0,,,,0.0,,,2015,2014-15,Cosumnes River,cosumnesriver,andregregorymf0z,Andre Gregory
Apr 23,home,San Joaquin  Delta,L,8-3,8,3,5,win,20150423_tq2s,0,0,0,0,0.0,,,,0.0,,,2015,2014-15,Cosumnes River,cosumnesriver,andregregorymf0z,Andre Gregory
Apr 24,home,San Joaquin  Delta,L,3-1,3,1,2,win,20150424_4qrw,0,0,0,0,0.0,,,,0.0,,,2015,2014-15,Cosumnes River,cosumnesriver,andregregorymf0z,Andre Gregory
May 1,home,Gavilan,W,6-2,6,2,4,win,20150501_l21p,0,0,0,0,0.0,,,,0.0,,,2015,2014-15,Cosumnes River,cosumnesriver,andregregorymf0z,Andre Gregory
May 2,home,Gavilan,W,4-2,4,2,2,win,20150502_8j9n,0,0,0,0,0.0,,,,0.0,,,2015,2014-15,Cosumnes River,cosumnesriver,andregregorymf0z,Andre Gregory
May 8,home,Feather River,W,9-3,9,3,6,win,20150508_mjt3,0,0,0,0,0.0,,,,0.0,,,2015,2014-15,Cosumnes River,cosumnesriver,andregregorymf0z,Andre Gregory
May 9,home,Feather River,L,8-5,8,5,3,win,20150509_9ms9,0,0,0,0,0.0,,,,0.0,,,2015,2014-15,Cosumnes River,cosumnesriver,andregregorymf0z,Andre Gregory
May 10,home,Feather River,L,3-2,3,2,1,win,20150510_z2mm,0,0,0,0,0.0,,,,0.0,,,2015,2014-15,Cosumnes River,cosumnesriver,andregregorymf0z,Andre Gregory
Jan 27,home,Rio Hondo,W,9-8,9,8,1,win,20150127_j16s,0,0,0,0,0.0,,,,0.0,,,2015,2014-15,Citrus,citrus,aarontorresjg6a,Aaron Torres
Jan 28,home,LA Pierce,W,7-6,7,6,1,win,20150128_ufkz,0,0,0,0,0.0,,,,0.0,,,2015,2014-15,Citrus,citrus,aarontorresjg6a,Aaron Torres
Jan 29,home,Oxnard,L,4-3,4,3,1,win,20150129_2rwa,0,0,0,0,0.0,,,,0.0,,,2015,2014-15,Citrus,citrus,aarontorresjg6a,Aaron Torres
Jan 31,home,Cerritos,L,14-6,14,6,8,win,20150131_cq3e,0,0,0,0,0.0,,,,0.0,,,2015,2014-15,Citrus,citrus,aarontorresjg6a,Aaron Torres
Feb 3,home,San Bernardino,W,10-7,10,7,3,win,20150203_zzan,0,0,0,0,0.0,,,,0.0,,,2015,2014-15,Citrus,citrus,aarontorresjg6a,Aaron Torres
Feb 7,home,Mt. San Jacinto,W,9-7,9,7,2,win,20150207_ape7,0,0,0,0,0.0,,,,0.0,,,2015,2014-15,Citrus,citrus,aarontorresjg6a,Aaron Torres
Feb 10,home,Ventura,W,4-2,4,2,2,win,20150210_nn81,0,0,0,0,0.0,,,,0.0,,,2015,2014-15,Citrus,citrus,aarontorresjg6a,Aaron Torres
Feb 12,home,Oxnard,T,5-5,5,5,0,tie,20150212_kzcb,0,0,0,0,0.0,,,,0.0,,,2015,2014-15,Citrus,citrus,aarontorresjg6a,Aaron Torres
Feb 14,home,East Los Angeles,L,3-1,3,1,2,win,20150214_lbze,0,0,0,0,0.0,,,,0.0,,,2015,2014-15,Citrus,citrus,aarontorresjg6a,Aaron Torres
Feb 19,home,San Bernardino,L,3-2,3,2,1,win,20150219_67lw,0,0,0,0,0.0,,,,0.0,,,2015,2014-15,Citrus,citrus,aarontorresjg6a,Aaron Torres
Feb 21,home,Ventura,L,6-2,6,2,4,win,20150221_89xb,0,0,0,0,0.0,,,,0.0,,,2015,2014-15,Citrus,citrus,aarontorresjg6a,Aaron Torres
Mar 3,home,Bakersfield,W,12-4,12,4,8,win,20150303_ev3o,0,0,0,0,0.0,,,,0.0,,,2015,2014-15,Citrus,citrus,aarontorresjg6a,Aaron Torres
Mar 5,home,Canyons,L,7-3,7,3,4,win,20150305_aord,0,0,0,0,0.0,,,,0.0,,,2015,2014-15,Citrus,citrus,aarontorresjg6a,Aaron Torres
Mar 12,home,Glendale,W,7-3,7,3,4,win,20150312_sm0n,0,0,0,0,0.0,,,,0.0,,,2015,2014-15,Citrus,citrus,aarontorresjg6a,Aaron Torres
Mar 14,home,LA Mission,L,4-3,4,3,1,win,20150314_0ckv,0,0,0,0,0.0,,,,0.0,,,2015,2014-15,Citrus,citrus,aarontorresjg6a,Aaron Torres
Mar 27,home,Antelope Valley,W,17-4,17,4,13,win,20150327_xncz,0,0,0,0,0.0,,,,0.0,,,2015,2014-15,Citrus,citrus,aarontorresjg6a,Aaron Torres
Apr 2,home,Mt. San Antonio,L,4-3,4,3,1,win,20150402_19cl,0,0,0,0,0.0,,,,0.0,,,2015,2014-15,Citrus,citrus,aarontorresjg6a,Aaron Torres
Apr 9,home,LA Valley,W,12-2,12,2,10,win,20150409_7ftv,0,0,0,0,0.0,,,,0.0,,,2015,2014-15,Citrus,citrus,aarontorresjg6a,Aaron Torres
Apr 14,home,Glendale,L,10-7,10,7,3,win,20150414_5a3u,0,0,0,0,0.0,,,,0.0,,,2015,2014-15,Citrus,citrus,aarontorresjg6a,Aaron Torres
Apr 16,home,Glendale,W,5-1,5,1,4,win,20150416_cbkq,0,0,0,0,0.0,,,,0.0,,,2015,2014-15,Citrus,citrus,aarontorresjg6a,Aaron Torres
Apr 18,home,LA Mission,W,10-9,10,9,1,win,20150418_51yc,0,0,0,0,0.0,,,,0.0,,,2015,2014-15,Citrus,citrus,aarontorresjg6a,Aaron Torres
Apr 21,home,LA Mission,L,4-3,4,3,1,win,20150421_fedi,0,0,0,0,0.0,,,,0.0,,,2015,2014-15,Citrus,citrus,aarontorresjg6a,Aaron Torres
Apr 23,home,West LA,W,4-3,4,3,1,win,20150423_at5h,0,0,0,0,0.0,,,,0.0,,,2015,2014-15,Citrus,citrus,aarontorresjg6a,Aaron Torres
Apr 24,home,West LA,W,11-3,11,3,8,win,20150424_nta1,0,0,0,0,0.0,,,,0.0,,,2015,2014-15,Citrus,citrus,aarontorresjg6a,Aaron Torres
Feb 6,home,Hartnell,W,11-7,11,7,4,win,20150206_uhin,0,0,0,0,0.0,,,,0.0,,,2015,2014-15,Bakersfield,bakersfield,coltonblankenshipwvbk,Colton Blankenship
Feb 13,home,Sequoias,L,11-3,11,3,8,win,20150213_btnq,0,0,0,0,0.0,,,,0.0,,,2015,2014-15,Bakersfield,bakersfield,coltonblankenshipwvbk,Colton Blankenship
Mar 3,home,Citrus,L,12-4,12,4,8,win,20150303_ev3o,0,0,0,0,0.0,,,,0.0,,,2015,2014-15,Bakersfield,bakersfield,coltonblankenshipwvbk,Colton Blankenship
Mar 7,home,Glendale,L,5-3,5,3,2,win,20150307_9z9d,0,0,0,0,0.0,,,,0.0,,,2015,2014-15,Bakersfield,bakersfield,coltonblankenshipwvbk,Colton Blankenship
Mar 10,home,Antelope Valley,W,7-6,7,6,1,win,20150310_uj4o,0,0,0,0,0.0,,,,0.0,,,2015,2014-15,Bakersfield,bakersfield,coltonblankenshipwvbk,Colton Blankenship
Mar 31,home,Sequoias,W,11-1,11,1,10,win,20150331_fnzs,0,0,0,0,0.0,,,,0.0,,,2015,2014-15,Bakersfield,bakersfield,coltonblankenshipwvbk,Colton Blankenship
Apr 24,home,LA Valley,L,4-2,4,2,2,win,20150424_xw2z,0,0,0,0,0.0,,,,0.0,,,2015,2014-15,Bakersfield,bakersfield,coltonblankenshipwvbk,Colton Blankenship
Feb 4,home,Butte,L,8-6,8,6,2,win,20150204_7omn,0,0,0,0,0.0,,,,0.0,,,2015,2014-15,Napa,napa,travisduarte7gz0,Travis Duarte
Feb 13,home,San Francisco,W,10-4,10,4,6,win,20150213_xbtf,0,0,0,0,0.0,,,,0.0,,,2015,2014-15,Napa,napa,travisduarte7gz0,Travis Duarte
Feb 19,home,Shasta,L,5-3,5,3,2,win,20150219_8ec2,0,0,0,0,0.0,,,,0.0,,,2015,2014-15,Napa,napa,travisduarte7gz0,Travis Duarte
Feb 21,home,Shasta,W,6-0,6,0,6,win,20150221_hfhn,0,0,0,0,0.0,,,,0.0,,,2015,2014-15,Napa,napa,travisduarte7gz0,Travis Duarte
Mar 14,home,Los Medanos,W,7-6,7,6,1,win,20150314_jcqz,0,0,0,0,0.0,,,,0.0,,,2015,2014-15,Napa,napa,travisduarte7gz0,Travis Duarte
Mar 17,home,Los Medanos,W,4-0,4,0,4,win,20150317_3m3d,0,0,0,0,0.0,,,,0.0,,,2015,2014-15,Napa,napa,travisduarte7gz0,Travis Duarte
Apr 2,home,Yuba,W,5-3,5,3,2,win,20150402_cio7,0,0,0,0,0.0,,,,0.0,,,2015,2014-15,Napa,napa,travisduarte7gz0,Travis Duarte
Apr 3,home,Yuba,L,17-7,17,7,10,win,20150403_gco0,0,0,0,0,0.0,,,,0.0,,,2015,2014-15,Napa,napa,travisduarte7gz0,Travis Duarte
Apr 9,home,Laney,L,5-2,5,2,3,win,20150409_jd3n,0,0,0,0,0.0,,,,0.0,,,2015,2014-15,Napa,napa,travisduarte7gz0,Travis Duarte
Apr 13,home,Butte,L,17-14,17,14,3,win,20150413_e2kk,0,0,0,0,0.0,,,,0.0,,,2015,2014-15,Napa,napa,travisduarte7gz0,Travis Duarte
Apr 18,home,Marin,L,8-3,8,3,5,win,20150418_czj8,0,0,0,0,0.0,,,,0.0,,,2015,2014-15,Napa,napa,travisduarte7gz0,Travis Duarte
Apr 24,home,Yuba,L,4-1,4,1,3,win,20150424_zqtq,0,0,0,0,0.0,,,,0.0,,,2015,2014-15,Napa,napa,travisduarte7gz0,Travis Duarte
Jan 27,home,Victor Valley,W,14-8,14,8,6,win,20150127_yt6x,0,0,0,0,0.0,,,,0.0,,,2015,2014-15,Fullerton,fullerton,rileyrobertsc4f5,Riley Roberts
Jan 31,home,San Diego Mesa,W,8-4,8,4,4,win,20150131_sek0,0,0,0,0,0.0,,,,0.0,,,2015,2014-15,Fullerton,fullerton,rileyrobertsc4f5,Riley Roberts
Feb 3,home,Bakersfield,W,4-3,4,3,1,win,20150203_1uut,0,0,0,0,0.0,,,,0.0,,,2015,2014-15,Fullerton,fullerton,rileyrobertsc4f5,Riley Roberts
Feb 7,home,Mt. San Antonio,W,6-5,6,5,1,win,20150207_8559,0,0,0,0,0.0,,,,0.0,,,2015,2014-15,Fullerton,fullerton,rileyrobertsc4f5,Riley Roberts
Feb 10,home,Southwestern,W,11-6,11,6,5,win,20150210_zrxi,0,0,0,0,0.0,,,,0.0,,,2015,2014-15,Fullerton,fullerton,rileyrobertsc4f5,Riley Roberts
Feb 14,home,Palomar,L,4-2,4,2,2,win,20150214_ohyw,0,0,0,0,0.0,,,,0.0,,,2015,2014-15,Fullerton,fullerton,rileyrobertsc4f5,Riley Roberts
Feb 17,home,Mt. San Jacinto,W,12-1,12,1,11,win,20150217_kccc,0,0,0,0,0.0,,,,0.0,,,2015,2014-15,Fullerton,fullerton,rileyrobertsc4f5,Riley Roberts
Feb 20,home,Cerritos,W,5-1,5,1,4,win,20150220_d0sc,0,0,0,0,0.0,,,,0.0,,,2015,2014-15,Fullerton,fullerton,rileyrobertsc4f5,Riley Roberts
Feb 26,home,Irvine Valley,W,2-0,2,0,2,win,20150226_k88x,0,0,0,0,0.0,,,,0.0,,,2015,2014-15,Fullerton,fullerton,rileyrobertsc4f5,Riley Roberts
Feb 28,home,Golden West,W,7-4,7,4,3,win,20150228_evrf,0,0,0,0,0.0,,,,0.0,,,2015,2014-15,Fullerton,fullerton,rileyrobertsc4f5,Riley Roberts
Mar 3,home,Orange Coast,L,5-3,5,3,2,win,20150303_dn0r,0,0,0,0,0.0,,,,0.0,,,2015,2014-15,Fullerton,fullerton,rileyrobertsc4f5,Riley Roberts
Mar 5,home,Santa Ana,W,9-1,9,1,8,win,20150305_1g9i,0,0,0,0,0.0,,,,0.0,,,2015,2014-15,Fullerton,fullerton,rileyrobertsc4f5,Riley Roberts
Mar 7,home,Saddleback,L,1-0,1,0,1,win,20150307_hwww,0,0,0,0,0.0,,,,0.0,,,2015,2014-15,Fullerton,fullerton,rileyrobertsc4f5,Riley Roberts
Mar 10,home,Riverside,W,3-2,3,2,1,win,20150310_d493,0,0,0,0,0.0,,,,0.0,,,2015,2014-15,Fullerton,fullerton,rileyrobertsc4f5,Riley Roberts
Mar 12,home,Cypress,W,6-5,6,5,1,win,20150312_y0g2,0,0,0,0,0.0,,,,0.0,,,2015,2014-15,Fullerton,fullerton,rileyrobertsc4f5,Riley Roberts
Mar 19,home,Irvine Valley,L,4-0,4,0,4,win,20150319_de9k,0,0,0,0,0.0,,,,0.0,,,2015,2014-15,Fullerton,fullerton,rileyrobertsc4f5,Riley Roberts
Mar 21,home,Golden West,L,5-4,5,4,1,win,20150321_ssta,0,0,0,0,0.0,,,,0.0,,,2015,2014-15,Fullerton,fullerton,rileyrobertsc4f5,Riley Roberts
Mar 28,home,Orange Coast,L,7-4,7,4,3,win,20150328_7ydo,0,0,0,0,0.0,,,,0.0,,,2015,2014-15,Fullerton,fullerton,rileyrobertsc4f5,Riley Roberts
Mar 31,home,El Camino-Compton Center,L,5-2,5,2,3,win,20150331_hbsj,0,0,0,0,0.0,,,,0.0,,,2015,2014-15,Fullerton,fullerton,rileyrobertsc4f5,Riley Roberts
Apr 1,home,Taft,W,11-0,11,0,11,win,20150401_q0je,0,0,0,0,0.0,,,,0.0,,,2015,2014-15,Fullerton,fullerton,rileyrobertsc4f5,Riley Roberts
Apr 7,home,Santa Ana,W,4-1,4,1,3,win,20150407_pywy,0,0,0,0,0.0,,,,0.0,,,2015,2014-15,Fullerton,fullerton,rileyrobertsc4f5,Riley Roberts
Apr 14,home,Saddleback,L,4-3,4,3,1,win,20150414_76hh,0,0,0,0,0.0,,,,0.0,,,2015,2014-15,Fullerton,fullerton,rileyrobertsc4f5,Riley Roberts
Apr 16,home,Riverside,L,9-3,9,3,6,win,20150416_238x,0,0,0,0,0.0,,,,0.0,,,2015,2014-15,Fullerton,fullerton,rileyrobertsc4f5,Riley Roberts
Apr 21,home,Cypress,W,4-1,4,1,3,win,20150421_mjza,0,0,0,0,0.0,,,,0.0,,,2015,2014-15,Fullerton,fullerton,rileyrobertsc4f5,Riley Roberts
Apr 23,home,Cypress,L,6-1,6,1,5,win,20150423_w78y,0,0,0,0,0.0,,,,0.0,,,2015,2014-15,Fullerton,fullerton,rileyrobertsc4f5,Riley Roberts
May 2,home,Cypress,W,6-5,6,5,1,win,20150502_6nw9,0,0,0,0,0.0,,,,0.0,,,2015,2014-15,Fullerton,fullerton,rileyrobertsc4f5,Riley Roberts
May 10,home,Santa Barbara,L,4-0,4,0,4,win,20150510_sa1i,0,0,0,0,0.0,,,,0.0,,,2015,2014-15,Fullerton,fullerton,rileyrobertsc4f5,Riley Roberts
Jan 30,home,Cerro Coso,L,3-1,3,1,2,win,20150130_1sov,0,0,0,0,0.0,,,,0.0,,,2015,2014-15,West LA,westla,zacharycooperdhjw,Zachary Cooper
Feb 3,home,San Diego City,L,4-3,4,3,1,win,20150203_c3ar,0,0,0,0,0.0,,,,0.0,,,2015,2014-15,West LA,westla,zacharycooperdhjw,Zachary Cooper
Jan 27,home,Laney,L,5-4,5,4,1,win,20150127_cogz,0,0,0,0,0.0,,,,0.0,,,2015,2014-15,San Francisco,sanfrancisco,ramiroalvarez917o,Ramiro Alvarez
Jan 29,home,Contra Costa,W,8-6,8,6,2,win,20150129_oa78,0,0,0,0,0.0,,,,0.0,,,2015,2014-15,San Francisco,sanfrancisco,ramiroalvarez917o,Ramiro Alvarez
Jan 31,home,Laney,L,11-0,11,0,11,win,20150131_lmz0,0,0,0,0,0.0,,,,0.0,,,2015,2014-15,San Francisco,sanfrancisco,ramiroalvarez917o,Ramiro Alvarez
Feb 3,home,Gavilan,L,1-0,1,0,1,win,20150203_9t67,0,0,0,0,0.0,,,,0.0,,,2015,2014-15,San Francisco,sanfrancisco,ramiroalvarez917o,Ramiro Alvarez
Feb 5,home,Contra Costa,W,2-1,2,1,1,win,20150205_mfsy,0,0,0,0,0.0,,,,0.0,,,2015,2014-15,San Francisco,sanfrancisco,ramiroalvarez917o,Ramiro Alvarez
Feb 7,home,Contra Costa,L,9-2,9,2,7,win,20150207_wrs1,0,0,0,0,0.0,,,,0.0,,,2015,2014-15,San Francisco,sanfrancisco,ramiroalvarez917o,Ramiro Alvarez
Feb 12,home,Napa,L,4-3,4,3,1,win,20150212_6oi9,0,0,0,0,0.0,,,,0.0,,,2015,2014-15,San Francisco,sanfrancisco,ramiroalvarez917o,Ramiro Alvarez
Feb 13,home,Napa,L,2-0,2,0,2,win,20150213_lj6t,0,0,0,0,0.0,,,,0.0,,,2015,2014-15,San Francisco,sanfrancisco,ramiroalvarez917o,Ramiro Alvarez
Feb 19,home,Marin,T,2-2,2,2,0,tie,20150219_mg9d,0,0,0,0,0.0,,,,0.0,,,2015,2014-15,San Francisco,sanfrancisco,ramiroalvarez917o,Ramiro Alvarez
Feb 21,home,Gavilan,L,9-1,9,1,8,win,20150221_4r3t,0,0,0,0,0.0,,,,0.0,,,2015,2014-15,San Francisco,sanfrancisco,ramiroalvarez917o,Ramiro Alvarez
Feb 24,home,Mission,L,5-3,5,3,2,win,20150224_hnf2,0,0,0,0,0.0,,,,0.0,,,2015,2014-15,San Francisco,sanfrancisco,ramiroalvarez917o,Ramiro Alvarez
Feb 26,home,Canada,L,5-0,5,0,5,win,20150226_e40k,0,0,0,0,0.0,,,,0.0,,,2015,2014-15,San Francisco,sanfrancisco,ramiroalvarez917o,Ramiro Alvarez
Feb 27,home,Skyline,L,2-1,2,1,1,win,20150227_n3oj,0,0,0,0,0.0,,,,0.0,,,2015,2014-15,San Francisco,sanfrancisco,ramiroalvarez917o,Ramiro Alvarez
Mar 3,home,De Anza,L,9-0,9,0,9,win,20150303_qjos,0,0,0,0,0.0,,,,0.0,,,2015,2014-15,San Francisco,sanfrancisco,ramiroalvarez917o,Ramiro Alvarez
Mar 5,home,San Mateo,L,9-0,9,0,9,win,20150305_cp01,0,0,0,0,0.0,,,,0.0,,,2015,2014-15,San Francisco,sanfrancisco,ramiroalvarez917o,Ramiro Alvarez
Mar 7,home,West Valley,L,8-1,8,1,7,win,20150307_ioqe,0,0,0,0,0.0,,,,0.0,,,2015,2014-15,San Francisco,sanfrancisco,ramiroalvarez917o,Ramiro Alvarez
Mar 10,home,Ohlone,L,7-1,7,1,6,win,20150310_d7yo,0,0,0,0,0.0,,,,0.0,,,2015,2014-15,San Francisco,sanfrancisco,ramiroalvarez917o,Ramiro Alvarez
Mar 17,home,Gavilan,W,2-1,2,1,1,win,20150317_nlfo,0,0,0,0,0.0,,,,0.0,,,2015,2014-15,San Francisco,sanfrancisco,ramiroalvarez917o,Ramiro Alvarez
Mar 19,home,Chabot,L,7-1,7,1,6,win,20150319_9i8v,0,0,0,0,0.0,,,,0.0,,,2015,2014-15,San Francisco,sanfrancisco,ramiroalvarez917o,Ramiro Alvarez
Mar 21,home,De Anza,L,5-1,5,1,4,win,20150321_vdfj,0,0,0,0,0.0,,,,0.0,,,2015,2014-15,San Francisco,sanfrancisco,ramiroalvarez917o,Ramiro Alvarez
Mar 24,home,Monterey,L,13-3,13,3,10,win,20150324_56qn,0,0,0,0,0.0,,,,0.0,,,2015,2014-15,San Francisco,sanfrancisco,ramiroalvarez917o,Ramiro Alvarez
Mar 26,home,Mission,W,16-4,16,4,12,win,20150326_3ky6,0,0,0,0,0.0,,,,0.0,,,2015,2014-15,San Francisco,sanfrancisco,ramiroalvarez917o,Ramiro Alvarez
Mar 27,home,De Anza,L,3-2,3,2,1,win,20150327_8ipu,0,0,0,0,0.0,,,,0.0,,,2015,2014-15,San Francisco,sanfrancisco,ramiroalvarez917o,Ramiro Alvarez
Mar 31,home,Cabrillo,L,4-1,4,1,3,win,20150331_h45c,0,0,0,0,0.0,,,,0.0,,,2015,2014-15,San Francisco,sanfrancisco,ramiroalvarez917o,Ramiro Alvarez
Apr 4,home,West Valley,L,7-5,7,5,2,win,20150404_mfh5,0,0,0,0,0.0,,,,0.0,,,2015,2014-15,San Francisco,sanfrancisco,ramiroalvarez917o,Ramiro Alvarez
Apr 7,home,Skyline,L,11-4,11,4,7,win,20150407_e81i,0,0,0,0,0.0,,,,0.0,,,2015,2014-15,San Francisco,sanfrancisco,ramiroalvarez917o,Ramiro Alvarez
Apr 14,home,San Mateo,L,5-3,5,3,2,win,20150414_7tpy,0,0,0,0,0.0,,,,0.0,,,2015,2014-15,San Francisco,sanfrancisco,ramiroalvarez917o,Ramiro Alvarez
Apr 16,home,West Valley,L,8-1,8,1,7,win,20150416_bcwi,0,0,0,0,0.0,,,,0.0,,,2015,2014-15,San Francisco,sanfrancisco,ramiroalvarez917o,Ramiro Alvarez
Apr 18,home,De Anza,L,7-0,7,0,7,win,20150418_k8kg,0,0,0,0,0.0,,,,0.0,,,2015,2014-15,San Francisco,sanfrancisco,ramiroalvarez917o,Ramiro Alvarez
Apr 21,home,Chabot,L,9-3,9,3,6,win,20150421_5s6h,0,0,0,0,0.0,,,,0.0,,,2015,2014-15,San Francisco,sanfrancisco,ramiroalvarez917o,Ramiro Alvarez
Apr 23,home,Mission,L,3-2,3,2,1,win,20150423_uhyi,0,0,0,0,0.0,,,,0.0,,,2015,2014-15,San Francisco,sanfrancisco,ramiroalvarez917o,Ramiro Alvarez
Jan 27,home,Imperial Valley,W,12-0,12,0,12,win,20150127_jb0o,0,0,0,0,0.0,,,,0.0,,,2015,2014-15,Irvine Valley,irvinevalley,zachvittetow2otq,Zach Vittetow
Jan 30,home,LA Valley,W,9-2,9,2,7,win,20150130_5gny,0,0,0,0,0.0,,,,0.0,,,2015,2014-15,Irvine Valley,irvinevalley,zachvittetow2otq,Zach Vittetow
Jan 31,home,LA Valley,W,4-1,4,1,3,win,20150131_styi,0,0,0,0,0.0,,,,0.0,,,2015,2014-15,Irvine Valley,irvinevalley,zachvittetow2otq,Zach Vittetow
Feb 3,home,El Camino-Compton Center,W,6-1,6,1,5,win,20150203_129x,0,0,0,0,0.0,,,,0.0,,,2015,2014-15,Irvine Valley,irvinevalley,zachvittetow2otq,Zach Vittetow
Feb 6,home,Imperial Valley,L,7-3,7,3,4,win,20150206_ez3z,0,0,0,0,0.0,,,,0.0,,,2015,2014-15,Irvine Valley,irvinevalley,zachvittetow2otq,Zach Vittetow
Feb 10,home,LA Harbor,W,6-0,6,0,6,win,20150210_cmuz,0,0,0,0,0.0,,,,0.0,,,2015,2014-15,Irvine Valley,irvinevalley,zachvittetow2otq,Zach Vittetow
Feb 13,home,West LA,W,8-5,8,5,3,win,20150213_k0df,0,0,0,0,0.0,,,,0.0,,,2015,2014-15,Irvine Valley,irvinevalley,zachvittetow2otq,Zach Vittetow
Feb 17,home,San Diego City,L,6-1,6,1,5,win,20150217_e72u,0,0,0,0,0.0,,,,0.0,,,2015,2014-15,Irvine Valley,irvinevalley,zachvittetow2otq,Zach Vittetow
Feb 20,home,LA Harbor,L,10-3,10,3,7,win,20150220_t78h,0,0,0,0,0.0,,,,0.0,,,2015,2014-15,Irvine Valley,irvinevalley,zachvittetow2otq,Zach Vittetow
Feb 21,home,Long Beach,W,2-1,2,1,1,win,20150221_ye6u,0,0,0,0,0.0,,,,0.0,,,2015,2014-15,Irvine Valley,irvinevalley,zachvittetow2otq,Zach Vittetow
Feb 24,home,Long Beach,L,3-2,3,2,1,win,20150224_t13g,0,0,0,0,0.0,,,,0.0,,,2015,2014-15,Irvine Valley,irvinevalley,zachvittetow2otq,Zach Vittetow
Feb 26,home,Fullerton,L,2-0,2,0,2,win,20150226_k88x,0,0,0,0,0.0,,,,0.0,,,2015,2014-15,Irvine Valley,irvinevalley,zachvittetow2otq,Zach Vittetow
Feb 28,home,Riverside,W,4-1,4,1,3,win,20150228_i4t0,0,0,0,0,0.0,,,,0.0,,,2015,2014-15,Irvine Valley,irvinevalley,zachvittetow2otq,Zach Vittetow
Mar 3,home,Cypress,L,5-0,5,0,5,win,20150303_xvpi,0,0,0,0,0.0,,,,0.0,,,2015,2014-15,Irvine Valley,irvinevalley,zachvittetow2otq,Zach Vittetow
Mar 12,home,Santa Ana,W,2-1,2,1,1,win,20150312_p1nw,0,0,0,0,0.0,,,,0.0,,,2015,2014-15,Irvine Valley,irvinevalley,zachvittetow2otq,Zach Vittetow
Mar 17,home,Fullerton,L,5-1,5,1,4,win,20150317_9uul,0,0,0,0,0.0,,,,0.0,,,2015,2014-15,Irvine Valley,irvinevalley,zachvittetow2otq,Zach Vittetow
Mar 24,home,Riverside,W,9-4,9,4,5,win,20150324_gbrm,0,0,0,0,0.0,,,,0.0,,,2015,2014-15,Irvine Valley,irvinevalley,zachvittetow2otq,Zach Vittetow
Mar 27,home,Cypress,L,4-3,4,3,1,win,20150327_5809,0,0,0,0,0.0,,,,0.0,,,2015,2014-15,Irvine Valley,irvinevalley,zachvittetow2otq,Zach Vittetow
Mar 31,home,Pasadena,W,7-2,7,2,5,win,20150331_a9vi,0,0,0,0,0.0,,,,0.0,,,2015,2014-15,Irvine Valley,irvinevalley,zachvittetow2otq,Zach Vittetow
Apr 1,home,Pasadena,W,6-3,6,3,3,win,20150401_6ns7,0,0,0,0,0.0,,,,0.0,,,2015,2014-15,Irvine Valley,irvinevalley,zachvittetow2otq,Zach Vittetow
Apr 7,home,Golden West,L,15-0,15,0,15,win,20150407_bwyx,0,0,0,0,0.0,,,,0.0,,,2015,2014-15,Irvine Valley,irvinevalley,zachvittetow2otq,Zach Vittetow
Apr 9,home,Golden West,L,2-1,2,1,1,win,20150409_u8uo,0,0,0,0,0.0,,,,0.0,,,2015,2014-15,Irvine Valley,irvinevalley,zachvittetow2otq,Zach Vittetow
Apr 14,home,Orange Coast,L,2-0,2,0,2,win,20150414_gdpa,0,0,0,0,0.0,,,,0.0,,,2015,2014-15,Irvine Valley,irvinevalley,zachvittetow2otq,Zach Vittetow
Apr 16,home,Saddleback,W,2-1,2,1,1,win,20150416_bs3b,0,0,0,0,0.0,,,,0.0,,,2015,2014-15,Irvine Valley,irvinevalley,zachvittetow2otq,Zach Vittetow
Apr 17,home,Saddleback,L,12-2,12,2,10,win,20150417_ywdm,0,0,0,0,0.0,,,,0.0,,,2015,2014-15,Irvine Valley,irvinevalley,zachvittetow2otq,Zach Vittetow
Apr 23,home,Santa Ana,W,7-6,7,6,1,win,20150423_qkq2,0,0,0,0,0.0,,,,0.0,,,2015,2014-15,Irvine Valley,irvinevalley,zachvittetow2otq,Zach Vittetow
Apr 28,home,LA Mission,W,16-6,16,6,10,win,20150428_qtpd,0,0,0,0,0.0,,,,0.0,,,2015,2014-15,Irvine Valley,irvinevalley,zachvittetow2otq,Zach Vittetow
May 1,home,Oxnard,W,8-0,8,0,8,win,20150501_m3i7,0,0,0,0,0.0,,,,0.0,,,2015,2014-15,Irvine Valley,irvinevalley,zachvittetow2otq,Zach Vittetow
May 2,home,Oxnard,W,1-0,1,0,1,win,20150502_htrw,0,0,0,0,0.0,,,,0.0,,,2015,2014-15,Irvine Valley,irvinevalley,zachvittetow2otq,Zach Vittetow
May 9,home,Palomar,L,3-0,3,0,3,win,20150509_xbqu,0,0,0,0,0.0,,,,0.0,,,2015,2014-15,Irvine Valley,irvinevalley,zachvittetow2otq,Zach Vittetow
May 10,home,Palomar,L,11-1,11,1,10,win,20150510_lg7m,0,0,0,0,0.0,,,,0.0,,,2015,2014-15,Irvine Valley,irvinevalley,zachvittetow2otq,Zach Vittetow
Feb 11,home,Saddleback,L,9-6,9,6,3,win,20150211_mgin,0,0,0,0,0.0,,,,0.0,,,2015,2014-15,Glendale,glendale,sergiorey95ht,Sergio Rey
Feb 12,home,LA Pierce,W,6-5,6,5,1,win,20150212_td24,0,0,0,0,0.0,,,,0.0,,,2015,2014-15,Glendale,glendale,sergiorey95ht,Sergio Rey
Feb 19,home,Santa Ana,W,9-8,9,8,1,win,20150219_feqd,0,0,0,0,0.0,,,,0.0,,,2015,2014-15,Glendale,glendale,sergiorey95ht,Sergio Rey
Feb 20,home,Cypress,L,11-3,11,3,8,win,20150220_74fi,0,0,0,0,0.0,,,,0.0,,,2015,2014-15,Glendale,glendale,sergiorey95ht,Sergio Rey
Feb 21,home,De Anza,W,1-0,1,0,1,win,20150221_cnlg,0,0,0,0,0.0,,,,0.0,,,2015,2014-15,Glendale,glendale,sergiorey95ht,Sergio Rey
Feb 24,home,East Los Angeles,L,2-1,2,1,1,win,20150224_2p9z,0,0,0,0,0.0,,,,0.0,,,2015,2014-15,Glendale,glendale,sergiorey95ht,Sergio Rey
Mar 21,home,West LA,W,7-1,7,1,6,win,20150321_cjcg,0,0,0,0,0.0,,,,0.0,,,2015,2014-15,Glendale,glendale,sergiorey95ht,Sergio Rey
Mar 26,home,Antelope Valley,W,14-2,14,2,12,win,20150326_7na7,0,0,0,0,0.0,,,,0.0,,,2015,2014-15,Glendale,glendale,sergiorey95ht,Sergio Rey
Mar 31,home,Santa Barbara,L,14-4,14,4,10,win,20150331_1ny7,0,0,0,0,0.0,,,,0.0,,,2015,2014-15,Glendale,glendale,sergiorey95ht,Sergio Rey
Apr 11,home,LA Mission,L,21-7,21,7,14,win,20150411_w9gu,0,0,0,0,0.0,,,,0.0,,,2015,2014-15,Glendale,glendale,sergiorey95ht,Sergio Rey
Jan 30,home,El Camino,L,9-0,9,0,9,win,20150130_ukn8,0,0,0,0,0.0,,,,0.0,,,2015,2014-15,Bakersfield,bakersfield,kylespeaksub2h,Kyle Speaks
Jan 31,home,Allan Hancock,W,3-1,3,1,2,win,20150131_p7dx,0,0,0,0,0.0,,,,0.0,,,2015,2014-15,Bakersfield,bakersfield,kylespeaksub2h,Kyle Speaks
Feb 3,home,Fullerton,L,4-3,4,3,1,win,20150203_1uut,0,0,0,0,0.0,,,,0.0,,,2015,2014-15,Bakersfield,bakersfield,kylespeaksub2h,Kyle Speaks
Feb 5,home,Marin,W,4-1,4,1,3,win,20150205_luoc,0,0,0,0,0.0,,,,0.0,,,2015,2014-15,Bakersfield,bakersfield,kylespeaksub2h,Kyle Speaks
Feb 6,home,Hartnell,W,11-7,11,7,4,win,20150206_uhin,0,0,0,0,0.0,,,,0.0,,,2015,2014-15,Bakersfield,bakersfield,kylespeaksub2h,Kyle Speaks
Feb 10,home,Allan Hancock,L,6-3,6,3,3,win,20150210_1lj1,0,0,0,0,0.0,,,,0.0,,,2015,2014-15,Bakersfield,bakersfield,kylespeaksub2h,Kyle Speaks
Feb 12,home,Moorpark,L,4-2,4,2,2,win,20150212_h4hg,0,0,0,0,0.0,,,,0.0,,,2015,2014-15,Bakersfield,bakersfield,kylespeaksub2h,Kyle Speaks
Feb 13,home,Sequoias,L,11-3,11,3,8,win,20150213_btnq,0,0,0,0,0.0,,,,0.0,,,2015,2014-15,Bakersfield,bakersfield,kylespeaksub2h,Kyle Speaks
Feb 19,home,Golden West,L,4-2,4,2,2,win,20150219_ai2r,0,0,0,0,0.0,,,,0.0,,,2015,2014-15,Bakersfield,bakersfield,kylespeaksub2h,Kyle Speaks
Feb 20,home,Golden West,L,8-5,8,5,3,win,20150220_t7eh,0,0,0,0,0.0,,,,0.0,,,2015,2014-15,Bakersfield,bakersfield,kylespeaksub2h,Kyle Speaks
Feb 21,home,Golden West,W,7-6,7,6,1,win,20150221_zvsx,0,0,0,0,0.0,,,,0.0,,,2015,2014-15,Bakersfield,bakersfield,kylespeaksub2h,Kyle Speaks
Mar 3,home,Citrus,L,12-4,12,4,8,win,20150303_ev3o,0,0,0,0,0.0,,,,0.0,,,2015,2014-15,Bakersfield,bakersfield,kylespeaksub2h,Kyle Speaks
Mar 5,home,LA Mission,L,6-2,6,2,4,win,20150305_bt7e,0,0,0,0,0.0,,,,0.0,,,2015,2014-15,Bakersfield,bakersfield,kylespeaksub2h,Kyle Speaks
Mar 10,home,Antelope Valley,W,7-6,7,6,1,win,20150310_uj4o,0,0,0,0,0.0,,,,0.0,,,2015,2014-15,Bakersfield,bakersfield,kylespeaksub2h,Kyle Speaks
Mar 14,home,Canyons,W,7-6,7,6,1,win,20150314_caf2,0,0,0,0,0.0,,,,0.0,,,2015,2014-15,Bakersfield,bakersfield,kylespeaksub2h,Kyle Speaks
Mar 17,home,LA Valley,L,10-7,10,7,3,win,20150317_hvel,0,0,0,0,0.0,,,,0.0,,,2015,2014-15,Bakersfield,bakersfield,kylespeaksub2h,Kyle Speaks
Mar 19,home,Citrus,W,9-7,9,7,2,win,20150319_v3jx,0,0,0,0,0.0,,,,0.0,,,2015,2014-15,Bakersfield,bakersfield,kylespeaksub2h,Kyle Speaks
Mar 24,home,LA Mission,W,17-8,17,8,9,win,20150324_y48k,0,0,0,0,0.0,,,,0.0,,,2015,2014-15,Bakersfield,bakersfield,kylespeaksub2h,Kyle Speaks
Mar 26,home,LA Mission,L,7-2,7,2,5,win,20150326_aogt,0,0,0,0,0.0,,,,0.0,,,2015,2014-15,Bakersfield,bakersfield,kylespeaksub2h,Kyle Speaks
Mar 27,home,Glendale,L,6-4,6,4,2,win,20150327_s0uw,0,0,0,0,0.0,,,,0.0,,,2015,2014-15,Bakersfield,bakersfield,kylespeaksub2h,Kyle Speaks
Apr 1,home,Reedley,W,5-3,5,3,2,win,20150401_3t1y,0,0,0,0,0.0,,,,0.0,,,2015,2014-15,Bakersfield,bakersfield,kylespeaksub2h,Kyle Speaks
Apr 11,home,Antelope Valley,W,8-3,8,3,5,win,20150411_g455,0,0,0,0,0.0,,,,0.0,,,2015,2014-15,Bakersfield,bakersfield,kylespeaksub2h,Kyle Speaks
Apr 14,home,West LA,W,9-5,9,5,4,win,20150414_3sb4,0,0,0,0,0.0,,,,0.0,,,2015,2014-15,Bakersfield,bakersfield,kylespeaksub2h,Kyle Speaks
Apr 18,home,Canyons,W,8-4,8,4,4,win,20150418_i4pe,0,0,0,0,0.0,,,,0.0,,,2015,2014-15,Bakersfield,bakersfield,kylespeaksub2h,Kyle Speaks
Apr 21,home,Canyons,L,7-5,7,5,2,win,20150421_rz4d,0,0,0,0,0.0,,,,0.0,,,2015,2014-15,Bakersfield,bakersfield,kylespeaksub2h,Kyle Speaks
Apr 24,home,LA Valley,L,4-2,4,2,2,win,20150424_xw2z,0,0,0,0,0.0,,,,0.0,,,2015,2014-15,Bakersfield,bakersfield,kylespeaksub2h,Kyle Speaks
Jan 29,home,Laney,W,12-6,12,6,6,win,20150129_a9wz,0,0,0,0,0.0,,,,0.0,,,2015,2014-15,Skyline,skyline,michaelfrancoiu34,Michael Franco
Jan 31,home,Cosumnes River,W,6-5,6,5,1,win,20150131_7itl,0,0,0,0,0.0,,,,0.0,,,2015,2014-15,Skyline,skyline,michaelfrancoiu34,Michael Franco
Feb 3,home,Cosumnes River,L,11-6,11,6,5,win,20150203_7ev3,0,0,0,0,0.0,,,,0.0,,,2015,2014-15,Skyline,skyline,michaelfrancoiu34,Michael Franco
Feb 12,home,Shasta,W,14-7,14,7,7,win,20150212_nr7o,0,0,0,0,0.0,,,,0.0,,,2015,2014-15,Skyline,skyline,michaelfrancoiu34,Michael Franco
Feb 13,home,Shasta,L,11-7,11,7,4,win,20150213_6du8,0,0,0,0,0.0,,,,0.0,,,2015,2014-15,Skyline,skyline,michaelfrancoiu34,Michael Franco
Feb 14,home,Shasta,W,7-2,7,2,5,win,20150214_awn9,0,0,0,0,0.0,,,,0.0,,,2015,2014-15,Skyline,skyline,michaelfrancoiu34,Michael Franco
Feb 15,home,Redwoods,W,7-6,7,6,1,win,20150215_3mbp,0,0,0,0,0.0,,,,0.0,,,2015,2014-15,Skyline,skyline,michaelfrancoiu34,Michael Franco
Feb 19,home,San Diego Mesa,L,8-3,8,3,5,win,20150219_to8c,0,0,0,0,0.0,,,,0.0,,,2015,2014-15,Skyline,skyline,michaelfrancoiu34,Michael Franco
Feb 20,home,San Diego Mesa,W,5-3,5,3,2,win,20150220_zggm,0,0,0,0,0.0,,,,0.0,,,2015,2014-15,Skyline,skyline,michaelfrancoiu34,Michael Franco
Feb 26,home,Hartnell,W,10-3,10,3,7,win,20150226_8y77,0,0,0,0,0.0,,,,0.0,,,2015,2014-15,Skyline,skyline,michaelfrancoiu34,Michael Franco
Feb 27,home,San Francisco,W,2-1,2,1,1,win,20150227_n3oj,0,0,0,0,0.0,,,,0.0,,,2015,2014-15,Skyline,skyline,michaelfrancoiu34,Michael Franco
Feb 28,home,Mission,L,12-6,12,6,6,win,20150228_i3ie,0,0,0,0,0.0,,,,0.0,,,2015,2014-15,Skyline,skyline,michaelfrancoiu34,Michael Franco
Mar 3,home,Monterey,W,2-1,2,1,1,win,20150303_brup,0,0,0,0,0.0,,,,0.0,,,2015,2014-15,Skyline,skyline,michaelfrancoiu34,Michael Franco
Mar 5,home,Gavilan,W,3-2,3,2,1,win,20150305_cryd,0,0,0,0,0.0,,,,0.0,,,2015,2014-15,Skyline,skyline,michaelfrancoiu34,Michael Franco
Mar 7,home,Ohlone,L,3-2,3,2,1,win,20150307_it7z,0,0,0,0,0.0,,,,0.0,,,2015,2014-15,Skyline,skyline,michaelfrancoiu34,Michael Franco
Mar 10,home,Chabot,W,9-5,9,5,4,win,20150310_4zhc,0,0,0,0,0.0,,,,0.0,,,2015,2014-15,Skyline,skyline,michaelfrancoiu34,Michael Franco
Mar 12,home,Cabrillo,L,3-0,3,0,3,win,20150312_mgnd,0,0,0,0,0.0,,,,0.0,,,2015,2014-15,Skyline,skyline,michaelfrancoiu34,Michael Franco
Mar 14,home,Canada,L,8-1,8,1,7,win,20150314_dge9,0,0,0,0,0.0,,,,0.0,,,2015,2014-15,Skyline,skyline,michaelfrancoiu34,Michael Franco
Mar 17,home,West Valley,L,14-3,14,3,11,win,20150317_ix28,0,0,0,0,0.0,,,,0.0,,,2015,2014-15,Skyline,skyline,michaelfrancoiu34,Michael Franco
Mar 19,home,Ohlone,L,11-3,11,3,8,win,20150319_i9ba,0,0,0,0,0.0,,,,0.0,,,2015,2014-15,Skyline,skyline,michaelfrancoiu34,Michael Franco
Mar 21,home,Hartnell,W,4-0,4,0,4,win,20150321_awld,0,0,0,0,0.0,,,,0.0,,,2015,2014-15,Skyline,skyline,michaelfrancoiu34,Michael Franco
Mar 24,home,Canada,L,3-0,3,0,3,win,20150324_6e1k,0,0,0,0,0.0,,,,0.0,,,2015,2014-15,Skyline,skyline,michaelfrancoiu34,Michael Franco
Mar 26,home,Monterey,W,4-3,4,3,1,win,20150326_buvo,0,0,0,0,0.0,,,,0.0,,,2015,2014-15,Skyline,skyline,michaelfrancoiu34,Michael Franco
Mar 28,home,Cabrillo,W,7-3,7,3,4,win,20150328_7206,0,0,0,0,0.0,,,,0.0,,,2015,2014-15,Skyline,skyline,michaelfrancoiu34,Michael Franco
Mar 31,home,Mission,W,4-2,4,2,2,win,20150331_i5et,0,0,0,0,0.0,,,,0.0,,,2015,2014-15,Skyline,skyline,michaelfrancoiu34,Michael Franco
Apr 2,home,Gavilan,W,7-6,7,6,1,win,20150402_k9yn,0,0,0,0,0.0,,,,0.0,,,2015,2014-15,Skyline,skyline,michaelfrancoiu34,Michael Franco
Apr 4,home,De Anza,L,1-0,1,0,1,win,20150404_ib5a,0,0,0,0,0.0,,,,0.0,,,2015,2014-15,Skyline,skyline,michaelfrancoiu34,Michael Franco
Apr 7,home,San Francisco,W,11-4,11,4,7,win,20150407_e81i,0,0,0,0,0.0,,,,0.0,,,2015,2014-15,Skyline,skyline,michaelfrancoiu34,Michael Franco
Apr 9,home,Canada,L,3-2,3,2,1,win,20150409_wear,0,0,0,0,0.0,,,,0.0,,,2015,2014-15,Skyline,skyline,michaelfrancoiu34,Michael Franco
Apr 11,home,San Mateo,W,2-1,2,1,1,win,20150411_vbso,0,0,0,0,0.0,,,,0.0,,,2015,2014-15,Skyline,skyline,michaelfrancoiu34,Michael Franco
Apr 14,home,Ohlone,L,13-4,13,4,9,win,20150414_6lrp,0,0,0,0,0.0,,,,0.0,,,2015,2014-15,Skyline,skyline,michaelfrancoiu34,Michael Franco
Apr 16,home,Cabrillo,L,4-3,4,3,1,win,20150416_gbtc,0,0,0,0,0.0,,,,0.0,,,2015,2014-15,Skyline,skyline,michaelfrancoiu34,Michael Franco
Apr 18,home,Gavilan,L,8-0,8,0,8,win,20150418_aaqe,0,0,0,0,0.0,,,,0.0,,,2015,2014-15,Skyline,skyline,michaelfrancoiu34,Michael Franco
Apr 21,home,Hartnell,W,5-3,5,3,2,win,20150421_jahm,0,0,0,0,0.0,,,,0.0,,,2015,2014-15,Skyline,skyline,michaelfrancoiu34,Michael Franco
Apr 23,home,Monterey,W,6-2,6,2,4,win,20150423_2nek,0,0,0,0,0.0,,,,0.0,,,2015,2014-15,Skyline,skyline,michaelfrancoiu34,Michael Franco
Apr 28,home,De Anza,W,3-1,3,1,2,win,20150428_w6h7,0,0,0,0,0.0,,,,0.0,,,2015,2014-15,Skyline,skyline,michaelfrancoiu34,Michael Franco
May 1,home,Fresno City,W,5-3,5,3,2,win,20150501_27to,0,0,0,0,0.0,,,,0.0,,,2015,2014-15,Skyline,skyline,michaelfrancoiu34,Michael Franco
May 2,home,Fresno City,L,16-6,16,6,10,win,20150502_mk3f,0,0,0,0,0.0,,,,0.0,,,2015,2014-15,Skyline,skyline,michaelfrancoiu34,Michael Franco
May 2,home,Fresno City,L,11-8,11,8,3,win,20150502_sraw,0,0,0,0,0.0,,,,0.0,,,2015,2014-15,Skyline,skyline,michaelfrancoiu34,Michael Franco
Jan 30,home,Canada,L,9-0,9,0,9,win,20150130_aevu,0,0,0,0,0.0,,,,0.0,,,2015,2014-15,Reedley,reedley,joshmontelongogcez,Josh Montelongo
Jan 31,home,San Mateo,L,3-1,3,1,2,win,20150131_kpt8,0,0,0,0,0.0,,,,0.0,,,2015,2014-15,Reedley,reedley,joshmontelongogcez,Josh Montelongo
Feb 3,home,De Anza,L,4-3,4,3,1,win,20150203_ux06,0,0,0,0,0.0,,,,0.0,,,2015,2014-15,Reedley,reedley,joshmontelongogcez,Josh Montelongo
Feb 5,home,Hartnell,W,5-1,5,1,4,win,20150205_trml,0,0,0,0,0.0,,,,0.0,,,2015,2014-15,Reedley,reedley,joshmontelongogcez,Josh Montelongo
Feb 12,home,Modesto,L,2-1,2,1,1,win,20150212_2h76,0,0,0,0,0.0,,,,0.0,,,2015,2014-15,Reedley,reedley,joshmontelongogcez,Josh Montelongo
Feb 17,home,Fresno City,L,7-3,7,3,4,win,20150217_p4wd,0,0,0,0,0.0,,,,0.0,,,2015,2014-15,Reedley,reedley,joshmontelongogcez,Josh Montelongo
Feb 19,home,Fresno City,L,6-0,6,0,6,win,20150219_azzf,0,0,0,0,0.0,,,,0.0,,,2015,2014-15,Reedley,reedley,joshmontelongogcez,Josh Montelongo
Feb 21,home,Fresno City,L,6-5,6,5,1,win,20150221_g9y0,0,0,0,0,0.0,,,,0.0,,,2015,2014-15,Reedley,reedley,joshmontelongogcez,Josh Montelongo
Feb 24,home,Taft,W,8-2,8,2,6,win,20150224_ttow,0,0,0,0,0.0,,,,0.0,,,2015,2014-15,Reedley,reedley,joshmontelongogcez,Josh Montelongo
Feb 26,home,Taft,W,8-1,8,1,7,win,20150226_grht,0,0,0,0,0.0,,,,0.0,,,2015,2014-15,Reedley,reedley,joshmontelongogcez,Josh Montelongo
Feb 28,home,Taft,L,6-5,6,5,1,win,20150228_74p6,0,0,0,0,0.0,,,,0.0,,,2015,2014-15,Reedley,reedley,joshmontelongogcez,Josh Montelongo
Mar 3,home,Merced,W,5-4,5,4,1,win,20150303_m2nz,0,0,0,0,0.0,,,,0.0,,,2015,2014-15,Reedley,reedley,joshmontelongogcez,Josh Montelongo
Mar 5,home,Merced,L,4-3,4,3,1,win,20150305_ucfq,0,0,0,0,0.0,,,,0.0,,,2015,2014-15,Reedley,reedley,joshmontelongogcez,Josh Montelongo
Mar 7,home,Merced,L,8-7,8,7,1,win,20150307_sx3l,0,0,0,0,0.0,,,,0.0,,,2015,2014-15,Reedley,reedley,joshmontelongogcez,Josh Montelongo
Mar 17,home,Sequoias,L,9-1,9,1,8,win,20150317_u06t,0,0,0,0,0.0,,,,0.0,,,2015,2014-15,Reedley,reedley,joshmontelongogcez,Josh Montelongo
Mar 19,home,Sequoias,L,8-0,8,0,8,win,20150319_6bw4,0,0,0,0,0.0,,,,0.0,,,2015,2014-15,Reedley,reedley,joshmontelongogcez,Josh Montelongo
Mar 21,home,Sequoias,W,8-2,8,2,6,win,20150321_50m1,0,0,0,0,0.0,,,,0.0,,,2015,2014-15,Reedley,reedley,joshmontelongogcez,Josh Montelongo
Mar 24,home,West Hills Coalinga,W,10-5,10,5,5,win,20150324_9ym4,0,0,0,0,0.0,,,,0.0,,,2015,2014-15,Reedley,reedley,joshmontelongogcez,Josh Montelongo
Mar 26,home,West Hills Coalinga,W,3-2,3,2,1,win,20150326_nesi,0,0,0,0,0.0,,,,0.0,,,2015,2014-15,Reedley,reedley,joshmontelongogcez,Josh Montelongo
Mar 28,home,West Hills Coalinga,W,9-8,9,8,1,win,20150328_33os,0,0,0,0,0.0,,,,0.0,,,2015,2014-15,Reedley,reedley,joshmontelongogcez,Josh Montelongo
Mar 31,home,Saddleback,L,13-7,13,7,6,win,20150331_leeq,0,0,0,0,0.0,,,,0.0,,,2015,2014-15,Reedley,reedley,joshmontelongogcez,Josh Montelongo
Apr 1,home,Bakersfield,L,5-3,5,3,2,win,20150401_3t1y,0,0,0,0,0.0,,,,0.0,,,2015,2014-15,Reedley,reedley,joshmontelongogcez,Josh Montelongo
Apr 3,home,Santa Barbara,L,11-8,11,8,3,win,20150403_1oip,0,0,0,0,0.0,,,,0.0,,,2015,2014-15,Reedley,reedley,joshmontelongogcez,Josh Montelongo
Apr 9,home,Porterville,W,5-2,5,2,3,win,20150409_gudn,0,0,0,0,0.0,,,,0.0,,,2015,2014-15,Reedley,reedley,joshmontelongogcez,Josh Montelongo
Apr 10,home,Porterville,W,11-0,11,0,11,win,20150410_966u,0,0,0,0,0.0,,,,0.0,,,2015,2014-15,Reedley,reedley,joshmontelongogcez,Josh Montelongo
Apr 11,home,Porterville,W,7-2,7,2,5,win,20150411_204e,0,0,0,0,0.0,,,,0.0,,,2015,2014-15,Reedley,reedley,joshmontelongogcez,Josh Montelongo
Apr 14,home,Merced,L,10-5,10,5,5,win,20150414_j11g,0,0,0,0,0.0,,,,0.0,,,2015,2014-15,Reedley,reedley,joshmontelongogcez,Josh Montelongo
Apr 16,home,Porterville,W,7-4,7,4,3,win,20150416_t3eo,0,0,0,0,0.0,,,,0.0,,,2015,2014-15,Reedley,reedley,joshmontelongogcez,Josh Montelongo
Apr 18,home,Fresno City,W,9-6,9,6,3,win,20150418_6p1k,0,0,0,0,0.0,,,,0.0,,,2015,2014-15,Reedley,reedley,joshmontelongogcez,Josh Montelongo
Apr 19,home,West Hills Coalinga,W,14-4,14,4,10,win,20150419_2l75,0,0,0,0,0.0,,,,0.0,,,2015,2014-15,Reedley,reedley,joshmontelongogcez,Josh Montelongo
Apr 23,home,Taft,L,4-2,4,2,2,win,20150423_39h3,0,0,0,0,0.0,,,,0.0,,,2015,2014-15,Reedley,reedley,joshmontelongogcez,Josh Montelongo
Apr 24,home,Sequoias,L,5-2,5,2,3,win,20150424_gh13,0,0,0,0,0.0,,,,0.0,,,2015,2014-15,Reedley,reedley,joshmontelongogcez,Josh Montelongo
Jan 30,home,Solano,L,8-2,8,2,6,win,20150130_pjry,0,0,0,0,0.0,,,,0.0,,,2015,2014-15,Feather River,featherriver,nathanreynoldsaelu,Nathan Reynolds
Jan 30,home,Taft,L,3-2,3,2,1,win,20150130_q1vt,0,0,0,0,0.0,,,,0.0,,,2015,2014-15,Feather River,featherriver,nathanreynoldsaelu,Nathan Reynolds
Jan 31,home,Barstow,W,4-1,4,1,3,win,20150131_87b6,0,0,0,0,0.0,,,,0.0,,,2015,2014-15,Feather River,featherriver,nathanreynoldsaelu,Nathan Reynolds
Feb 5,home,Sierra,W,6-4,6,4,2,win,20150205_zkth,0,0,0,0,0.0,,,,0.0,,,2015,2014-15,Feather River,featherriver,nathanreynoldsaelu,Nathan Reynolds
Feb 5,home,American River,W,9-3,9,3,6,win,20150205_psel,0,0,0,0,0.0,,,,0.0,,,2015,2014-15,Feather River,featherriver,nathanreynoldsaelu,Nathan Reynolds
Feb 9,home,Cabrillo,W,11-10,11,10,1,win,20150209_o3s5,0,0,0,0,0.0,,,,0.0,,,2015,2014-15,Feather River,featherriver,nathanreynoldsaelu,Nathan Reynolds
Feb 12,home,Yuba,W,10-1,10,1,9,win,20150212_tioz,0,0,0,0,0.0,,,,0.0,,,2015,2014-15,Feather River,featherriver,nathanreynoldsaelu,Nathan Reynolds
Feb 13,home,West Valley,W,12-1,12,1,11,win,20150213_p1z8,0,0,0,0,0.0,,,,0.0,,,2015,2014-15,Feather River,featherriver,nathanreynoldsaelu,Nathan Reynolds
Feb 14,home,Cabrillo,L,7-6,7,6,1,win,20150214_55y7,0,0,0,0,0.0,,,,0.0,,,2015,2014-15,Feather River,featherriver,nathanreynoldsaelu,Nathan Reynolds
Feb 20,home,Ohlone,L,3-2,3,2,1,win,20150220_hj0c,0,0,0,0,0.0,,,,0.0,,,2015,2014-15,Feather River,featherriver,nathanreynoldsaelu,Nathan Reynolds
Feb 21,home,San Mateo,L,11-7,11,7,4,win,20150221_0oft,0,0,0,0,0.0,,,,0.0,,,2015,2014-15,Feather River,featherriver,nathanreynoldsaelu,Nathan Reynolds
Feb 25,home,Siskiyous,W,13-3,13,3,10,win,20150225_gwxy,0,0,0,0,0.0,,,,0.0,,,2015,2014-15,Feather River,featherriver,nathanreynoldsaelu,Nathan Reynolds
Feb 26,home,Siskiyous,W,11-4,11,4,7,win,20150226_qx38,0,0,0,0,0.0,,,,0.0,,,2015,2014-15,Feather River,featherriver,nathanreynoldsaelu,Nathan Reynolds
Feb 26,home,Siskiyous,W,23-3,23,3,20,win,20150226_jplh,0,0,0,0,0.0,,,,0.0,,,2015,2014-15,Feather River,featherriver,nathanreynoldsaelu,Nathan Reynolds
Mar 6,home,Redwoods,W,7-0,7,0,7,win,20150306_qmnt,0,0,0,0,0.0,,,,0.0,,,2015,2014-15,Feather River,featherriver,nathanreynoldsaelu,Nathan Reynolds
Mar 6,home,Redwoods,W,20-1,20,1,19,win,20150306_fa6w,0,0,0,0,0.0,,,,0.0,,,2015,2014-15,Feather River,featherriver,nathanreynoldsaelu,Nathan Reynolds
Mar 7,home,Redwoods,W,12-8,12,8,4,win,20150307_9d9n,0,0,0,0,0.0,,,,0.0,,,2015,2014-15,Feather River,featherriver,nathanreynoldsaelu,Nathan Reynolds
Mar 13,home,Lassen,W,11-6,11,6,5,win,20150313_bzvq,0,0,0,0,0.0,,,,0.0,,,2015,2014-15,Feather River,featherriver,nathanreynoldsaelu,Nathan Reynolds
Mar 14,home,Lassen,W,4-3,4,3,1,win,20150314_99lk,0,0,0,0,0.0,,,,0.0,,,2015,2014-15,Feather River,featherriver,nathanreynoldsaelu,Nathan Reynolds
Mar 14,home,Lassen,W,15-3,15,3,12,win,20150314_isp8,0,0,0,0,0.0,,,,0.0,,,2015,2014-15,Feather River,featherriver,nathanreynoldsaelu,Nathan Reynolds
Mar 20,home,Butte,L,13-10,13,10,3,win,20150320_gepq,0,0,0,0,0.0,,,,0.0,,,2015,2014-15,Feather River,featherriver,nathanreynoldsaelu,Nathan Reynolds
Mar 21,home,Butte,W,7-1,7,1,6,win,20150321_ybt5,0,0,0,0,0.0,,,,0.0,,,2015,2014-15,Feather River,featherriver,nathanreynoldsaelu,Nathan Reynolds
Mar 21,home,Butte,W,6-2,6,2,4,win,20150321_w3ya,0,0,0,0,0.0,,,,0.0,,,2015,2014-15,Feather River,featherriver,nathanreynoldsaelu,Nathan Reynolds
Mar 28,home,Shasta,W,7-2,7,2,5,win,20150328_th3d,0,0,0,0,0.0,,,,0.0,,,2015,2014-15,Feather River,featherriver,nathanreynoldsaelu,Nathan Reynolds
Mar 28,home,Shasta,W,11-5,11,5,6,win,20150328_m805,0,0,0,0,0.0,,,,0.0,,,2015,2014-15,Feather River,featherriver,nathanreynoldsaelu,Nathan Reynolds
Mar 29,home,Shasta,L,3-2,3,2,1,win,20150329_6n73,0,0,0,0,0.0,,,,0.0,,,2015,2014-15,Feather River,featherriver,nathanreynoldsaelu,Nathan Reynolds
Apr 3,home,Siskiyous,W,5-2,5,2,3,win,20150403_02cw,0,0,0,0,0.0,,,,0.0,,,2015,2014-15,Feather River,featherriver,nathanreynoldsaelu,Nathan Reynolds
Apr 3,home,Siskiyous,W,9-0,9,0,9,win,20150403_iwlx,0,0,0,0,0.0,,,,0.0,,,2015,2014-15,Feather River,featherriver,nathanreynoldsaelu,Nathan Reynolds
Apr 9,home,Redwoods,W,8-4,8,4,4,win,20150409_qzvs,0,0,0,0,0.0,,,,0.0,,,2015,2014-15,Feather River,featherriver,nathanreynoldsaelu,Nathan Reynolds
Apr 9,home,Redwoods,W,4-3,4,3,1,win,20150409_1p26,0,0,0,0,0.0,,,,0.0,,,2015,2014-15,Feather River,featherriver,nathanreynoldsaelu,Nathan Reynolds
Apr 11,home,Lassen,W,9-6,9,6,3,win,20150411_i0sx,0,0,0,0,0.0,,,,0.0,,,2015,2014-15,Feather River,featherriver,nathanreynoldsaelu,Nathan Reynolds
Apr 11,home,Lassen,W,4-2,4,2,2,win,20150411_tgxs,0,0,0,0,0.0,,,,0.0,,,2015,2014-15,Feather River,featherriver,nathanreynoldsaelu,Nathan Reynolds
Apr 18,home,Butte,L,4-1,4,1,3,win,20150418_77xo,0,0,0,0,0.0,,,,0.0,,,2015,2014-15,Feather River,featherriver,nathanreynoldsaelu,Nathan Reynolds
Apr 18,home,Butte,W,5-3,5,3,2,win,20150418_up5q,0,0,0,0,0.0,,,,0.0,,,2015,2014-15,Feather River,featherriver,nathanreynoldsaelu,Nathan Reynolds
Apr 23,home,Shasta,W,15-4,15,4,11,win,20150423_j2ve,0,0,0,0,0.0,,,,0.0,,,2015,2014-15,Feather River,featherriver,nathanreynoldsaelu,Nathan Reynolds
Apr 23,home,Shasta,W,11-4,11,4,7,win,20150423_nfig,0,0,0,0,0.0,,,,0.0,,,2015,2014-15,Feather River,featherriver,nathanreynoldsaelu,Nathan Reynolds
May 1,home,Folsom Lake,L,8-7,8,7,1,win,20150501_xamj,0,0,0,0,0.0,,,,0.0,,,2015,2014-15,Feather River,featherriver,nathanreynoldsaelu,Nathan Reynolds
May 2,home,Folsom Lake,W,9-6,9,6,3,win,20150502_2nzi,0,0,0,0,0.0,,,,0.0,,,2015,2014-15,Feather River,featherriver,nathanreynoldsaelu,Nathan Reynolds
May 2,home,Folsom Lake,W,5-4,5,4,1,win,20150502_1iqo,0,0,0,0,0.0,,,,0.0,,,2015,2014-15,Feather River,featherriver,nathanreynoldsaelu,Nathan Reynolds
May 8,home,Cosumnes River,L,9-3,9,3,6,win,20150508_mjt3,0,0,0,0,0.0,,,,0.0,,,2015,2014-15,Feather River,featherriver,nathanreynoldsaelu,Nathan Reynolds
May 9,home,Cosumnes River,W,8-5,8,5,3,win,20150509_9ms9,0,0,0,0,0.0,,,,0.0,,,2015,2014-15,Feather River,featherriver,nathanreynoldsaelu,Nathan Reynolds
May 10,home,Cosumnes River,W,3-2,3,2,1,win,20150510_z2mm,0,0,0,0,0.0,,,,0.0,,,2015,2014-15,Feather River,featherriver,nathanreynoldsaelu,Nathan Reynolds
May 15,home,Fresno City,L,2-1,2,1,1,win,20150515_ofyn,0,0,0,0,0.0,,,,0.0,,,2015,2014-15,Feather River,featherriver,nathanreynoldsaelu,Nathan Reynolds
May 16,home,Fresno City,L,9-7,9,7,2,win,20150516_5yt2,0,0,0,0,0.0,,,,0.0,,,2015,2014-15,Feather River,featherriver,nathanreynoldsaelu,Nathan Reynolds
Jan 29,home,Riverside,L,6-1,6,1,5,win,20150129_gc0p,0,0,0,0,0.0,,,,0.0,,,2015,2014-15,Cuesta,cuesta,brendanjenkins4c2j,Brendan Jenkins
Jan 31,home,Riverside,L,4-3,4,3,1,win,20150131_35pp,0,0,1,0,0.2,1.0,1.0,1.0,13.5,1.0,0.0,2015,2014-15,Cuesta,cuesta,brendanjenkins4c2j,Brendan Jenkins
Feb 5,home,Orange Coast,L,9-1,9,1,8,win,20150205_c9df,0,0,0,0,0.0,,,,0.0,,,2015,2014-15,Cuesta,cuesta,brendanjenkins4c2j,Brendan Jenkins
Feb 7,home,Orange Coast,L,4-2,4,2,2,win,20150207_uley,0,0,0,0,2.0,0.0,0.0,0.0,0.0,0.0,3.0,2015,2014-15,Cuesta,cuesta,brendanjenkins4c2j,Brendan Jenkins
Feb 10,home,Sequoias,W,9-1,9,1,8,win,20150210_8dik,1,1,0,0,8.0,5.0,1.0,1.0,1.13,2.0,4.0,2015,2014-15,Cuesta,cuesta,brendanjenkins4c2j,Brendan Jenkins
Feb 14,home,Saddleback,L,11-2,11,2,9,win,20150214_5e0x,0,0,0,0,0.0,,,,0.0,,,2015,2014-15,Cuesta,cuesta,brendanjenkins4c2j,Brendan Jenkins
Feb 19,home,Allan Hancock,W,7-1,7,1,6,win,20150219_51st,1,1,0,0,8.0,3.0,1.0,0.0,0.0,0.0,9.0,2015,2014-15,Cuesta,cuesta,brendanjenkins4c2j,Brendan Jenkins
Feb 26,home,Santa Barbara,W,3-0,3,0,3,win,20150226_jkhk,1,1,0,0,9.0,3.0,0.0,0.0,0.0,2.0,5.0,2015,2014-15,Cuesta,cuesta,brendanjenkins4c2j,Brendan Jenkins
Mar 5,home,Ventura,W,3-0,3,0,3,win,20150305_mm1e,1,1,0,0,9.0,1.0,0.0,0.0,0.0,3.0,8.0,2015,2014-15,Cuesta,cuesta,brendanjenkins4c2j,Brendan Jenkins
Mar 12,home,Oxnard,W,4-0,4,0,4,win,20150312_0jpv,1,1,0,0,9.0,5.0,0.0,0.0,0.0,2.0,2.0,2015,2014-15,Cuesta,cuesta,brendanjenkins4c2j,Brendan Jenkins
Mar 19,home,Rio Hondo,W,5-2,5,2,3,win,20150319_3xvf,1,1,0,0,8.0,7.0,2.0,1.0,1.13,0.0,2.0,2015,2014-15,Cuesta,cuesta,brendanjenkins4c2j,Brendan Jenkins
Mar 27,home,Santa Barbara,L,10-1,10,1,9,win,20150327_byno,1,0,1,0,3.1,9.0,10.0,6.0,16.2,1.0,1.0,2015,2014-15,Cuesta,cuesta,brendanjenkins4c2j,Brendan Jenkins
Apr 11,home,Moorpark,W,6-4,6,4,2,win,20150411_tyka,1,1,0,0,7.0,9.0,4.0,3.0,3.86,1.0,4.0,2015,2014-15,Cuesta,cuesta,brendanjenkins4c2j,Brendan Jenkins
Apr 18,home,Oxnard,L,5-4,5,4,1,win,20150418_x1ay,1,0,1,0,7.1,9.0,5.0,2.0,2.45,2.0,4.0,2015,2014-15,Cuesta,cuesta,brendanjenkins4c2j,Brendan Jenkins
Apr 24,home,LA Pierce,L,6-5,6,5,1,win,20150424_zkiu,1,0,0,0,7.0,8.0,3.0,0.0,0.0,2.0,4.0,2015,2014-15,Cuesta,cuesta,brendanjenkins4c2j,Brendan Jenkins
May 2,home,Golden West,L,13-8,13,8,5,win,20150502_85s5,1,0,0,0,6.2,6.0,5.0,3.0,4.05,2.0,4.0,2015,2014-15,Cuesta,cuesta,brendanjenkins4c2j,Brendan Jenkins
Feb 6,home,Ohlone,L,8-3,8,3,5,win,20150206_zso5,0,0,0,0,0.0,,,,0.0,,,2015,2014-15,Porterville,porterville,roryfrenchs9nv,Rory French
Feb 6,home,Ohlone,L,11-4,11,4,7,win,20150206_nbhv,0,0,0,0,0.0,,,,0.0,,,2015,2014-15,Porterville,porterville,roryfrenchs9nv,Rory French
Feb 7,home,Ohlone,L,4-0,4,0,4,win,20150207_snaq,0,0,0,0,0.0,,,,0.0,,,2015,2014-15,Porterville,porterville,roryfrenchs9nv,Rory French
Feb 9,home,Barstow,W,9-6,9,6,3,win,20150209_4zyw,0,0,0,0,0.0,,,,0.0,,,2015,2014-15,Porterville,porterville,roryfrenchs9nv,Rory French
Feb 12,home,Antelope Valley,W,8-0,8,0,8,win,20150212_jm6v,0,0,0,0,0.0,,,,0.0,,,2015,2014-15,Porterville,porterville,roryfrenchs9nv,Rory French
Feb 14,home,Antelope Valley,L,6-4,6,4,2,win,20150214_b26n,0,0,0,0,0.0,,,,0.0,,,2015,2014-15,Porterville,porterville,roryfrenchs9nv,Rory French
Feb 19,home,Merced,L,9-0,9,0,9,win,20150219_r028,0,0,0,0,0.0,,,,0.0,,,2015,2014-15,Porterville,porterville,roryfrenchs9nv,Rory French
Feb 21,home,Merced,L,6-1,6,1,5,win,20150221_tmn5,0,0,0,0,0.0,,,,0.0,,,2015,2014-15,Porterville,porterville,roryfrenchs9nv,Rory French
Feb 24,home,Antelope Valley,L,10-2,10,2,8,win,20150224_kxia,0,0,0,0,0.0,,,,0.0,,,2015,2014-15,Porterville,porterville,roryfrenchs9nv,Rory French
Mar 3,home,Taft,L,8-7,8,7,1,win,20150303_y1uy,0,0,0,0,0.0,,,,0.0,,,2015,2014-15,Porterville,porterville,roryfrenchs9nv,Rory French
Mar 5,home,Taft,L,6-2,6,2,4,win,20150305_6h0a,0,0,0,0,0.0,,,,0.0,,,2015,2014-15,Porterville,porterville,roryfrenchs9nv,Rory French
Mar 10,home,Fresno City,L,7-0,7,0,7,win,20150310_ypgw,0,0,0,0,0.0,,,,0.0,,,2015,2014-15,Porterville,porterville,roryfrenchs9nv,Rory French
Mar 12,home,Fresno City,L,8-5,8,5,3,win,20150312_meia,0,0,0,0,0.0,,,,0.0,,,2015,2014-15,Porterville,porterville,roryfrenchs9nv,Rory French
Mar 14,home,Fresno City,L,8-1,8,1,7,win,20150314_3v67,0,0,0,0,0.0,,,,0.0,,,2015,2014-15,Porterville,porterville,roryfrenchs9nv,Rory French
Mar 17,home,West Hills Coalinga,L,4-2,4,2,2,win,20150317_4yms,0,0,0,0,0.0,,,,0.0,,,2015,2014-15,Porterville,porterville,roryfrenchs9nv,Rory French
Mar 19,home,West Hills Coalinga,L,7-1,7,1,6,win,20150319_ioi8,0,0,0,0,0.0,,,,0.0,,,2015,2014-15,Porterville,porterville,roryfrenchs9nv,Rory French
Mar 21,home,West Hills Coalinga,W,10-1,10,1,9,win,20150321_64ks,0,0,0,0,0.0,,,,0.0,,,2015,2014-15,Porterville,porterville,roryfrenchs9nv,Rory French
Mar 24,home,Sequoias,W,2-1,2,1,1,win,20150324_0mtw,0,0,0,0,0.0,,,,0.0,,,2015,2014-15,Porterville,porterville,roryfrenchs9nv,Rory French
Mar 26,home,Sequoias,L,6-4,6,4,2,win,20150326_3vto,0,0,0,0,0.0,,,,0.0,,,2015,2014-15,Porterville,porterville,roryfrenchs9nv,Rory French
Mar 28,home,Sequoias,L,6-2,6,2,4,win,20150328_qx9d,0,0,0,0,0.0,,,,0.0,,,2015,2014-15,Porterville,porterville,roryfrenchs9nv,Rory French
Apr 9,home,Reedley,L,5-2,5,2,3,win,20150409_gudn,0,0,0,0,0.0,,,,0.0,,,2015,2014-15,Porterville,porterville,roryfrenchs9nv,Rory French
Apr 10,home,Reedley,L,11-0,11,0,11,win,20150410_966u,0,0,0,0,0.0,,,,0.0,,,2015,2014-15,Porterville,porterville,roryfrenchs9nv,Rory French
Apr 11,home,Reedley,L,7-2,7,2,5,win,20150411_204e,0,0,0,0,0.0,,,,0.0,,,2015,2014-15,Porterville,porterville,roryfrenchs9nv,Rory French
Apr 14,home,Taft,L,9-4,9,4,5,win,20150414_v841,0,0,0,0,0.0,,,,0.0,,,2015,2014-15,Porterville,porterville,roryfrenchs9nv,Rory French
Apr 16,home,Reedley,L,7-4,7,4,3,win,20150416_t3eo,0,0,0,0,0.0,,,,0.0,,,2015,2014-15,Porterville,porterville,roryfrenchs9nv,Rory French
Apr 18,home,Merced,L,7-2,7,2,5,win,20150418_720n,0,0,0,0,0.0,,,,0.0,,,2015,2014-15,Porterville,porterville,roryfrenchs9nv,Rory French
Apr 19,home,Sequoias,L,16-4,16,4,12,win,20150419_t0ke,0,0,0,0,0.0,,,,0.0,,,2015,2014-15,Porterville,porterville,roryfrenchs9nv,Rory French
Apr 21,home,Fresno City,L,7-0,7,0,7,win,20150421_mgi5,0,0,0,0,0.0,,,,0.0,,,2015,2014-15,Porterville,porterville,roryfrenchs9nv,Rory French
Apr 24,home,West Hills Coalinga,L,7-4,7,4,3,win,20150424_isxx,0,0,0,0,0.0,,,,0.0,,,2015,2014-15,Porterville,porterville,roryfrenchs9nv,Rory French
Jan 27,home,Laney,L,5-4,5,4,1,win,20150127_cogz,0,0,0,0,0.0,,,,0.0,,,2015,2014-15,San Francisco,sanfrancisco,brandenoropezaaba1,Branden Oropeza
Jan 29,home,Contra Costa,W,8-6,8,6,2,win,20150129_oa78,0,0,0,0,0.0,,,,0.0,,,2015,2014-15,San Francisco,sanfrancisco,brandenoropezaaba1,Branden Oropeza
Jan 31,home,Laney,L,11-0,11,0,11,win,20150131_lmz0,0,0,0,0,0.0,,,,0.0,,,2015,2014-15,San Francisco,sanfrancisco,brandenoropezaaba1,Branden Oropeza
Feb 3,home,Gavilan,L,1-0,1,0,1,win,20150203_9t67,0,0,0,0,0.0,,,,0.0,,,2015,2014-15,San Francisco,sanfrancisco,brandenoropezaaba1,Branden Oropeza
Feb 5,home,Contra Costa,W,2-1,2,1,1,win,20150205_mfsy,0,0,0,0,0.0,,,,0.0,,,2015,2014-15,San Francisco,sanfrancisco,brandenoropezaaba1,Branden Oropeza
Feb 7,home,Contra Costa,L,9-2,9,2,7,win,20150207_wrs1,0,0,0,0,0.0,,,,0.0,,,2015,2014-15,San Francisco,sanfrancisco,brandenoropezaaba1,Branden Oropeza
Feb 12,home,Napa,L,4-3,4,3,1,win,20150212_6oi9,0,0,0,0,0.0,,,,0.0,,,2015,2014-15,San Francisco,sanfrancisco,brandenoropezaaba1,Branden Oropeza
Feb 13,home,Napa,L,10-4,10,4,6,win,20150213_xbtf,0,0,0,0,0.0,,,,0.0,,,2015,2014-15,San Francisco,sanfrancisco,brandenoropezaaba1,Branden Oropeza
Feb 13,home,Napa,L,2-0,2,0,2,win,20150213_lj6t,0,0,0,0,0.0,,,,0.0,,,2015,2014-15,San Francisco,sanfrancisco,brandenoropezaaba1,Branden Oropeza
Feb 19,home,Marin,T,2-2,2,2,0,tie,20150219_mg9d,0,0,0,0,0.0,,,,0.0,,,2015,2014-15,San Francisco,sanfrancisco,brandenoropezaaba1,Branden Oropeza
Feb 21,home,Gavilan,L,9-1,9,1,8,win,20150221_4r3t,0,0,0,0,0.0,,,,0.0,,,2015,2014-15,San Francisco,sanfrancisco,brandenoropezaaba1,Branden Oropeza
Feb 24,home,Mission,L,5-3,5,3,2,win,20150224_hnf2,0,0,0,0,0.0,,,,0.0,,,2015,2014-15,San Francisco,sanfrancisco,brandenoropezaaba1,Branden Oropeza
Feb 26,home,Canada,L,5-0,5,0,5,win,20150226_e40k,0,0,0,0,0.0,,,,0.0,,,2015,2014-15,San Francisco,sanfrancisco,brandenoropezaaba1,Branden Oropeza
Feb 27,home,Skyline,L,2-1,2,1,1,win,20150227_n3oj,0,0,0,0,0.0,,,,0.0,,,2015,2014-15,San Francisco,sanfrancisco,brandenoropezaaba1,Branden Oropeza
Mar 3,home,De Anza,L,9-0,9,0,9,win,20150303_qjos,0,0,0,0,0.0,,,,0.0,,,2015,2014-15,San Francisco,sanfrancisco,brandenoropezaaba1,Branden Oropeza
Mar 5,home,San Mateo,L,9-0,9,0,9,win,20150305_cp01,0,0,0,0,0.0,,,,0.0,,,2015,2014-15,San Francisco,sanfrancisco,brandenoropezaaba1,Branden Oropeza
Mar 7,home,West Valley,L,8-1,8,1,7,win,20150307_ioqe,0,0,0,0,0.0,,,,0.0,,,2015,2014-15,San Francisco,sanfrancisco,brandenoropezaaba1,Branden Oropeza
Mar 10,home,Ohlone,L,7-1,7,1,6,win,20150310_d7yo,0,0,0,0,0.0,,,,0.0,,,2015,2014-15,San Francisco,sanfrancisco,brandenoropezaaba1,Branden Oropeza
Mar 12,home,Chabot,W,3-2,3,2,1,win,20150312_6817,0,0,0,0,0.0,,,,0.0,,,2015,2014-15,San Francisco,sanfrancisco,brandenoropezaaba1,Branden Oropeza
Mar 13,home,San Mateo,L,9-0,9,0,9,win,20150313_iati,0,0,0,0,0.0,,,,0.0,,,2015,2014-15,San Francisco,sanfrancisco,brandenoropezaaba1,Branden Oropeza
Mar 17,home,Gavilan,W,2-1,2,1,1,win,20150317_nlfo,0,0,0,0,0.0,,,,0.0,,,2015,2014-15,San Francisco,sanfrancisco,brandenoropezaaba1,Branden Oropeza
Mar 19,home,Chabot,L,7-1,7,1,6,win,20150319_9i8v,0,0,0,0,0.0,,,,0.0,,,2015,2014-15,San Francisco,sanfrancisco,brandenoropezaaba1,Branden Oropeza
Mar 21,home,De Anza,L,5-1,5,1,4,win,20150321_vdfj,0,0,0,0,0.0,,,,0.0,,,2015,2014-15,San Francisco,sanfrancisco,brandenoropezaaba1,Branden Oropeza
Mar 24,home,Monterey,L,13-3,13,3,10,win,20150324_56qn,0,0,0,0,0.0,,,,0.0,,,2015,2014-15,San Francisco,sanfrancisco,brandenoropezaaba1,Branden Oropeza
Mar 26,home,Mission,W,16-4,16,4,12,win,20150326_3ky6,0,0,0,0,0.0,,,,0.0,,,2015,2014-15,San Francisco,sanfrancisco,brandenoropezaaba1,Branden Oropeza
Mar 27,home,De Anza,L,3-2,3,2,1,win,20150327_8ipu,0,0,0,0,0.0,,,,0.0,,,2015,2014-15,San Francisco,sanfrancisco,brandenoropezaaba1,Branden Oropeza
Mar 31,home,Cabrillo,L,4-1,4,1,3,win,20150331_h45c,0,0,0,0,0.0,,,,0.0,,,2015,2014-15,San Francisco,sanfrancisco,brandenoropezaaba1,Branden Oropeza
Apr 2,home,San Mateo,L,8-0,8,0,8,win,20150402_f3zr,0,0,0,0,0.0,,,,0.0,,,2015,2014-15,San Francisco,sanfrancisco,brandenoropezaaba1,Branden Oropeza
Apr 4,home,West Valley,L,7-5,7,5,2,win,20150404_mfh5,0,0,0,0,0.0,,,,0.0,,,2015,2014-15,San Francisco,sanfrancisco,brandenoropezaaba1,Branden Oropeza
Apr 7,home,Skyline,L,11-4,11,4,7,win,20150407_e81i,0,0,0,0,0.0,,,,0.0,,,2015,2014-15,San Francisco,sanfrancisco,brandenoropezaaba1,Branden Oropeza
Apr 9,home,Hartnell,W,5-2,5,2,3,win,20150409_ybhz,0,0,0,0,0.0,,,,0.0,,,2015,2014-15,San Francisco,sanfrancisco,brandenoropezaaba1,Branden Oropeza
Apr 14,home,San Mateo,L,5-3,5,3,2,win,20150414_7tpy,0,0,0,0,0.0,,,,0.0,,,2015,2014-15,San Francisco,sanfrancisco,brandenoropezaaba1,Branden Oropeza
Apr 16,home,West Valley,L,8-1,8,1,7,win,20150416_bcwi,0,0,0,0,0.0,,,,0.0,,,2015,2014-15,San Francisco,sanfrancisco,brandenoropezaaba1,Branden Oropeza
Apr 18,home,De Anza,L,7-0,7,0,7,win,20150418_k8kg,0,0,0,0,0.0,,,,0.0,,,2015,2014-15,San Francisco,sanfrancisco,brandenoropezaaba1,Branden Oropeza
Apr 21,home,Chabot,L,9-3,9,3,6,win,20150421_5s6h,0,0,0,0,0.0,,,,0.0,,,2015,2014-15,San Francisco,sanfrancisco,brandenoropezaaba1,Branden Oropeza
Jan 30,home,Folsom Lake,L,14-9,14,9,5,win,20150130_cke7,0,0,0,0,0.0,,,,0.0,,,2015,2014-15,Butte,butte,justinbeattydnk9,Justin Beatty
Jan 31,home,Folsom Lake,L,7-2,7,2,5,win,20150131_nt7f,0,0,0,0,0.0,,,,0.0,,,2015,2014-15,Butte,butte,justinbeattydnk9,Justin Beatty
Feb 5,home,Napa,L,6-5,6,5,1,win,20150205_of3h,0,0,0,0,0.0,,,,0.0,,,2015,2014-15,Butte,butte,justinbeattydnk9,Justin Beatty
Feb 13,home,Mendocino,W,12-2,12,2,10,win,20150213_55u9,0,0,0,0,0.0,,,,0.0,,,2015,2014-15,Butte,butte,justinbeattydnk9,Justin Beatty
Feb 14,home,Mendocino,W,11-3,11,3,8,win,20150214_o7j7,0,0,0,0,0.0,,,,0.0,,,2015,2014-15,Butte,butte,justinbeattydnk9,Justin Beatty
Feb 14,home,Mendocino,W,6-5,6,5,1,win,20150214_18a8,0,0,0,0,0.0,,,,0.0,,,2015,2014-15,Butte,butte,justinbeattydnk9,Justin Beatty
Feb 19,home,Sacramento City,L,10-2,10,2,8,win,20150219_cefi,0,0,0,0,0.0,,,,0.0,,,2015,2014-15,Butte,butte,justinbeattydnk9,Justin Beatty
Feb 20,home,Sacramento City,L,4-2,4,2,2,win,20150220_a6gb,0,0,0,0,0.0,,,,0.0,,,2015,2014-15,Butte,butte,justinbeattydnk9,Justin Beatty
Feb 21,home,Sacramento City,L,9-3,9,3,6,win,20150221_hv9f,0,0,0,0,0.0,,,,0.0,,,2015,2014-15,Butte,butte,justinbeattydnk9,Justin Beatty
Feb 27,home,Redwoods,W,11-3,11,3,8,win,20150227_nf32,0,0,0,0,0.0,,,,0.0,,,2015,2014-15,Butte,butte,justinbeattydnk9,Justin Beatty
Feb 28,home,Redwoods,W,10-0,10,0,10,win,20150228_rskn,0,0,0,0,0.0,,,,0.0,,,2015,2014-15,Butte,butte,justinbeattydnk9,Justin Beatty
Feb 28,home,Redwoods,W,15-10,15,10,5,win,20150228_5nxe,0,0,0,0,0.0,,,,0.0,,,2015,2014-15,Butte,butte,justinbeattydnk9,Justin Beatty
Mar 6,home,Lassen,W,10-4,10,4,6,win,20150306_psik,0,0,0,0,0.0,,,,0.0,,,2015,2014-15,Butte,butte,justinbeattydnk9,Justin Beatty
Mar 7,home,Lassen,W,15-1,15,1,14,win,20150307_zrjh,0,0,0,0,0.0,,,,0.0,,,2015,2014-15,Butte,butte,justinbeattydnk9,Justin Beatty
Mar 7,home,Lassen,L,7-5,7,5,2,win,20150307_0f88,0,0,0,0,0.0,,,,0.0,,,2015,2014-15,Butte,butte,justinbeattydnk9,Justin Beatty
Mar 13,home,Shasta,L,7-6,7,6,1,win,20150313_zdls,0,0,0,0,0.0,,,,0.0,,,2015,2014-15,Butte,butte,justinbeattydnk9,Justin Beatty
Mar 14,home,Shasta,W,11-4,11,4,7,win,20150314_89jr,0,0,0,0,0.0,,,,0.0,,,2015,2014-15,Butte,butte,justinbeattydnk9,Justin Beatty
Mar 14,home,Shasta,L,12-4,12,4,8,win,20150314_fqcm,0,0,0,0,0.0,,,,0.0,,,2015,2014-15,Butte,butte,justinbeattydnk9,Justin Beatty
Mar 20,home,Feather River,W,13-10,13,10,3,win,20150320_gepq,0,0,0,0,0.0,,,,0.0,,,2015,2014-15,Butte,butte,justinbeattydnk9,Justin Beatty
Mar 21,home,Feather River,L,7-1,7,1,6,win,20150321_ybt5,0,0,0,0,0.0,,,,0.0,,,2015,2014-15,Butte,butte,justinbeattydnk9,Justin Beatty
Mar 21,home,Feather River,L,6-2,6,2,4,win,20150321_w3ya,0,0,0,0,0.0,,,,0.0,,,2015,2014-15,Butte,butte,justinbeattydnk9,Justin Beatty
Mar 26,home,Siskiyous,W,21-8,21,8,13,win,20150326_7s2i,0,0,0,0,0.0,,,,0.0,,,2015,2014-15,Butte,butte,justinbeattydnk9,Justin Beatty
Mar 28,home,Siskiyous,W,10-1,10,1,9,win,20150328_43uk,0,0,0,0,0.0,,,,0.0,,,2015,2014-15,Butte,butte,justinbeattydnk9,Justin Beatty
Apr 3,home,Redwoods,W,7-0,7,0,7,win,20150403_ibj9,0,0,0,0,0.0,,,,0.0,,,2015,2014-15,Butte,butte,justinbeattydnk9,Justin Beatty
Apr 8,home,Lassen,W,6-4,6,4,2,win,20150408_s6uz,0,0,0,0,0.0,,,,0.0,,,2015,2014-15,Butte,butte,justinbeattydnk9,Justin Beatty
Apr 8,home,Lassen,W,3-1,3,1,2,win,20150408_8iam,0,0,0,0,0.0,,,,0.0,,,2015,2014-15,Butte,butte,justinbeattydnk9,Justin Beatty
Apr 11,home,Shasta,W,6-5,6,5,1,win,20150411_5e12,0,0,0,0,0.0,,,,0.0,,,2015,2014-15,Butte,butte,justinbeattydnk9,Justin Beatty
Apr 11,home,Shasta,W,11-7,11,7,4,win,20150411_i06c,0,0,0,0,0.0,,,,0.0,,,2015,2014-15,Butte,butte,justinbeattydnk9,Justin Beatty
Apr 13,home,Napa,W,17-14,17,14,3,win,20150413_e2kk,0,0,0,0,0.0,,,,0.0,,,2015,2014-15,Butte,butte,justinbeattydnk9,Justin Beatty
Apr 18,home,Feather River,W,4-1,4,1,3,win,20150418_77xo,0,0,0,0,0.0,,,,0.0,,,2015,2014-15,Butte,butte,justinbeattydnk9,Justin Beatty
Apr 18,home,Feather River,L,5-3,5,3,2,win,20150418_up5q,0,0,0,0,0.0,,,,0.0,,,2015,2014-15,Butte,butte,justinbeattydnk9,Justin Beatty
Apr 23,home,Siskiyous,W,4-2,4,2,2,win,20150423_ak0b,0,0,0,0,0.0,,,,0.0,,,2015,2014-15,Butte,butte,justinbeattydnk9,Justin Beatty
Apr 23,home,Siskiyous,W,3-2,3,2,1,win,20150423_h1kn,0,0,0,0,0.0,,,,0.0,,,2015,2014-15,Butte,butte,justinbeattydnk9,Justin Beatty
May 1,home,Santa Rosa,L,8-0,8,0,8,win,20150501_kvqv,0,0,0,0,0.0,,,,0.0,,,2015,2014-15,Butte,butte,justinbeattydnk9,Justin Beatty
May 2,home,Santa Rosa,L,5-1,5,1,4,win,20150502_hk7t,0,0,0,0,0.0,,,,0.0,,,2015,2014-15,Butte,butte,justinbeattydnk9,Justin Beatty
Jan 27,home,Folsom Lake,L,5-4,5,4,1,win,20150127_hrxj,0,0,0,0,0.0,,,,0.0,,,2015,2014-15,Shasta,shasta,austincolemansxyp,Austin Coleman
Feb 4,home,American River,L,9-1,9,1,8,win,20150204_f3vd,0,0,0,0,0.0,,,,0.0,,,2015,2014-15,Shasta,shasta,austincolemansxyp,Austin Coleman
Feb 5,home,Sierra,W,8-0,8,0,8,win,20150205_zm8n,0,0,0,0,0.0,,,,0.0,,,2015,2014-15,Shasta,shasta,austincolemansxyp,Austin Coleman
Feb 12,home,Skyline,L,14-7,14,7,7,win,20150212_nr7o,0,0,0,0,0.0,,,,0.0,,,2015,2014-15,Shasta,shasta,austincolemansxyp,Austin Coleman
Feb 13,home,Skyline,W,11-7,11,7,4,win,20150213_6du8,0,0,0,0,0.0,,,,0.0,,,2015,2014-15,Shasta,shasta,austincolemansxyp,Austin Coleman
Feb 14,home,Skyline,L,7-2,7,2,5,win,20150214_awn9,0,0,0,0,0.0,,,,0.0,,,2015,2014-15,Shasta,shasta,austincolemansxyp,Austin Coleman
Feb 18,home,American River,L,17-6,17,6,11,win,20150218_ppf0,0,0,0,0,0.0,,,,0.0,,,2015,2014-15,Shasta,shasta,austincolemansxyp,Austin Coleman
Feb 19,home,Napa,W,5-3,5,3,2,win,20150219_8ec2,0,0,0,0,0.0,,,,0.0,,,2015,2014-15,Shasta,shasta,austincolemansxyp,Austin Coleman
Feb 20,home,Napa,L,11-6,11,6,5,win,20150220_og3o,0,0,0,0,0.0,,,,0.0,,,2015,2014-15,Shasta,shasta,austincolemansxyp,Austin Coleman
Feb 21,home,Napa,L,6-0,6,0,6,win,20150221_hfhn,0,0,0,0,0.0,,,,0.0,,,2015,2014-15,Shasta,shasta,austincolemansxyp,Austin Coleman
Feb 24,home,Cosumnes River,L,20-13,20,13,7,win,20150224_yrwb,0,0,0,0,0.0,,,,0.0,,,2015,2014-15,Shasta,shasta,austincolemansxyp,Austin Coleman
Feb 27,home,Lassen,L,14-2,14,2,12,win,20150227_ig47,0,0,0,0,0.0,,,,0.0,,,2015,2014-15,Shasta,shasta,austincolemansxyp,Austin Coleman
Feb 28,home,Lassen,W,12-2,12,2,10,win,20150228_46cl,0,0,0,0,0.0,,,,0.0,,,2015,2014-15,Shasta,shasta,austincolemansxyp,Austin Coleman
Feb 28,home,Lassen,L,6-2,6,2,4,win,20150228_l0uq,0,0,0,0,0.0,,,,0.0,,,2015,2014-15,Shasta,shasta,austincolemansxyp,Austin Coleman
Mar 4,home,Siskiyous,L,4-3,4,3,1,win,20150304_tvjv,0,0,0,0,0.0,,,,0.0,,,2015,2014-15,Shasta,shasta,austincolemansxyp,Austin Coleman
Mar 7,home,Siskiyous,W,6-5,6,5,1,win,20150307_xlxp,0,0,0,0,0.0,,,,0.0,,,2015,2014-15,Shasta,shasta,austincolemansxyp,Austin Coleman
Mar 7,home,Siskiyous,L,5-4,5,4,1,win,20150307_0ebw,0,0,0,0,0.0,,,,0.0,,,2015,2014-15,Shasta,shasta,austincolemansxyp,Austin Coleman
Mar 13,home,Butte,W,7-6,7,6,1,win,20150313_zdls,0,0,0,0,0.0,,,,0.0,,,2015,2014-15,Shasta,shasta,austincolemansxyp,Austin Coleman
Mar 14,home,Butte,L,11-4,11,4,7,win,20150314_89jr,0,0,0,0,0.0,,,,0.0,,,2015,2014-15,Shasta,shasta,austincolemansxyp,Austin Coleman
Mar 14,home,Butte,W,12-4,12,4,8,win,20150314_fqcm,0,0,0,0,0.0,,,,0.0,,,2015,2014-15,Shasta,shasta,austincolemansxyp,Austin Coleman
Mar 20,home,Redwoods,W,8-0,8,0,8,win,20150320_7eu9,0,0,0,0,0.0,,,,0.0,,,2015,2014-15,Shasta,shasta,austincolemansxyp,Austin Coleman
Mar 20,home,Redwoods,W,5-1,5,1,4,win,20150320_zxrh,0,0,0,0,0.0,,,,0.0,,,2015,2014-15,Shasta,shasta,austincolemansxyp,Austin Coleman
Mar 28,home,Feather River,L,7-2,7,2,5,win,20150328_th3d,0,0,0,0,0.0,,,,0.0,,,2015,2014-15,Shasta,shasta,austincolemansxyp,Austin Coleman
Mar 28,home,Feather River,L,11-5,11,5,6,win,20150328_m805,0,0,0,0,0.0,,,,0.0,,,2015,2014-15,Shasta,shasta,austincolemansxyp,Austin Coleman
Mar 29,home,Feather River,W,3-2,3,2,1,win,20150329_6n73,0,0,0,0,0.0,,,,0.0,,,2015,2014-15,Shasta,shasta,austincolemansxyp,Austin Coleman
Apr 3,home,Lassen,L,1-0,1,0,1,win,20150403_lxe5,0,0,0,0,0.0,,,,0.0,,,2015,2014-15,Shasta,shasta,austincolemansxyp,Austin Coleman
Apr 3,home,Lassen,L,9-4,9,4,5,win,20150403_ikuh,0,0,0,0,0.0,,,,0.0,,,2015,2014-15,Shasta,shasta,austincolemansxyp,Austin Coleman
Apr 9,home,Siskiyous,L,8-3,8,3,5,win,20150409_91jp,0,0,0,0,0.0,,,,0.0,,,2015,2014-15,Shasta,shasta,austincolemansxyp,Austin Coleman
Apr 11,home,Butte,L,6-5,6,5,1,win,20150411_5e12,0,0,0,0,0.0,,,,0.0,,,2015,2014-15,Shasta,shasta,austincolemansxyp,Austin Coleman
Apr 11,home,Butte,L,11-7,11,7,4,win,20150411_i06c,0,0,0,0,0.0,,,,0.0,,,2015,2014-15,Shasta,shasta,austincolemansxyp,Austin Coleman
Apr 17,home,Redwoods,L,4-3,4,3,1,win,20150417_dgyt,0,0,0,0,0.0,,,,0.0,,,2015,2014-15,Shasta,shasta,austincolemansxyp,Austin Coleman
Apr 18,home,Redwoods,W,15-5,15,5,10,win,20150418_uj76,0,0,0,0,0.0,,,,0.0,,,2015,2014-15,Shasta,shasta,austincolemansxyp,Austin Coleman
Apr 18,home,Redwoods,W,3-2,3,2,1,win,20150418_f31f,0,0,0,0,0.0,,,,0.0,,,2015,2014-15,Shasta,shasta,austincolemansxyp,Austin Coleman
Apr 23,home,Feather River,L,15-4,15,4,11,win,20150423_j2ve,0,0,0,0,0.0,,,,0.0,,,2015,2014-15,Shasta,shasta,austincolemansxyp,Austin Coleman
Apr 23,home,Feather River,L,11-4,11,4,7,win,20150423_nfig,0,0,0,0,0.0,,,,0.0,,,2015,2014-15,Shasta,shasta,austincolemansxyp,Austin Coleman
Feb 19,home,Laney,L,8-3,8,3,5,win,20150219_4t76,0,0,0,0,0.0,,,,0.0,,,2015,2014-15,Canada,canada,tylerlearycjk6,Tyler Leary
Mar 5,home,Monterey,W,7-1,7,1,6,win,20150305_vcue,0,0,0,0,0.0,,,,0.0,,,2015,2014-15,Canada,canada,tylerlearycjk6,Tyler Leary
Mar 7,home,Hartnell,W,9-1,9,1,8,win,20150307_203t,0,0,0,0,0.0,,,,0.0,,,2015,2014-15,Canada,canada,tylerlearycjk6,Tyler Leary
Mar 24,home,Skyline,W,3-0,3,0,3,win,20150324_6e1k,0,0,0,0,0.0,,,,0.0,,,2015,2014-15,Canada,canada,tylerlearycjk6,Tyler Leary
Mar 26,home,Ohlone,L,2-0,2,0,2,win,20150326_328r,0,0,0,0,0.0,,,,0.0,,,2015,2014-15,Canada,canada,tylerlearycjk6,Tyler Leary
Mar 31,home,De Anza,L,1-0,1,0,1,win,20150331_q14r,0,0,0,0,0.0,,,,0.0,,,2015,2014-15,Canada,canada,tylerlearycjk6,Tyler Leary
Apr 21,home,Monterey,L,5-2,5,2,3,win,20150421_a2v7,0,0,0,0,0.0,,,,0.0,,,2015,2014-15,Canada,canada,tylerlearycjk6,Tyler Leary
Apr 23,home,Ohlone,L,12-2,12,2,10,win,20150423_erb7,0,0,0,0,0.0,,,,0.0,,,2015,2014-15,Canada,canada,tylerlearycjk6,Tyler Leary
Jan 29,home,Glendale,W,9-2,9,2,7,win,20150129_5bve,0,0,0,0,0.0,,,,0.0,,,2015,2014-15,Mt. San Antonio,mtsanantonio,dustinfrailey4vt0,Dustin Frailey
Jan 30,home,Mt. San Jacinto,W,6-4,6,4,2,win,20150130_3x10,0,0,0,0,0.0,,,,0.0,,,2015,2014-15,Mt. San Antonio,mtsanantonio,dustinfrailey4vt0,Dustin Frailey
Jan 31,home,Canyons,W,6-5,6,5,1,win,20150131_sqg3,0,0,0,0,0.0,,,,0.0,,,2015,2014-15,Mt. San Antonio,mtsanantonio,dustinfrailey4vt0,Dustin Frailey
Feb 5,home,LA Pierce,L,12-11,12,11,1,win,20150205_1j5k,0,0,0,0,0.0,,,,0.0,,,2015,2014-15,Mt. San Antonio,mtsanantonio,dustinfrailey4vt0,Dustin Frailey
Feb 7,home,Fullerton,L,6-5,6,5,1,win,20150207_8559,0,0,0,0,0.0,,,,0.0,,,2015,2014-15,Mt. San Antonio,mtsanantonio,dustinfrailey4vt0,Dustin Frailey
Feb 10,home,Mt. San Jacinto,W,10-2,10,2,8,win,20150210_1xal,0,0,0,0,0.0,,,,0.0,,,2015,2014-15,Mt. San Antonio,mtsanantonio,dustinfrailey4vt0,Dustin Frailey
Feb 12,home,Ventura,W,7-4,7,4,3,win,20150212_vx18,0,0,0,0,0.0,,,,0.0,,,2015,2014-15,Mt. San Antonio,mtsanantonio,dustinfrailey4vt0,Dustin Frailey
Feb 17,home,Riverside,W,13-4,13,4,9,win,20150217_pmed,0,0,0,0,0.0,,,,0.0,,,2015,2014-15,Mt. San Antonio,mtsanantonio,dustinfrailey4vt0,Dustin Frailey
Feb 18,home,Rio Hondo,W,7-0,7,0,7,win,20150218_ywqz,0,0,0,0,0.0,,,,0.0,,,2015,2014-15,Mt. San Antonio,mtsanantonio,dustinfrailey4vt0,Dustin Frailey
Feb 21,home,Santa Ana,L,5-4,5,4,1,win,20150221_yaeg,0,0,0,0,0.0,,,,0.0,,,2015,2014-15,Mt. San Antonio,mtsanantonio,dustinfrailey4vt0,Dustin Frailey
Feb 23,home,Fullerton,L,5-1,5,1,4,win,20150223_imq0,0,0,0,0,0.0,,,,0.0,,,2015,2014-15,Mt. San Antonio,mtsanantonio,dustinfrailey4vt0,Dustin Frailey
Feb 24,home,Riverside,L,11-4,11,4,7,win,20150224_rv5x,0,0,0,0,0.0,,,,0.0,,,2015,2014-15,Mt. San Antonio,mtsanantonio,dustinfrailey4vt0,Dustin Frailey
Mar 4,home,LA Harbor,L,7-2,7,2,5,win,20150304_4a7r,0,0,0,0,0.0,,,,0.0,,,2015,2014-15,Mt. San Antonio,mtsanantonio,dustinfrailey4vt0,Dustin Frailey
Mar 5,home,LA Harbor,W,9-5,9,5,4,win,20150305_u2v9,0,0,0,0,0.0,,,,0.0,,,2015,2014-15,Mt. San Antonio,mtsanantonio,dustinfrailey4vt0,Dustin Frailey
Mar 7,home,LA Harbor,W,7-4,7,4,3,win,20150307_gzqp,0,0,0,0,0.0,,,,0.0,,,2015,2014-15,Mt. San Antonio,mtsanantonio,dustinfrailey4vt0,Dustin Frailey
Mar 10,home,Cerritos,W,4-1,4,1,3,win,20150310_6krv,0,0,0,0,0.0,,,,0.0,,,2015,2014-15,Mt. San Antonio,mtsanantonio,dustinfrailey4vt0,Dustin Frailey
Mar 12,home,Cerritos,L,1-0,1,0,1,win,20150312_f5ok,0,0,0,0,0.0,,,,0.0,,,2015,2014-15,Mt. San Antonio,mtsanantonio,dustinfrailey4vt0,Dustin Frailey
Mar 14,home,Cerritos,L,4-1,4,1,3,win,20150314_e09f,0,0,0,0,0.0,,,,0.0,,,2015,2014-15,Mt. San Antonio,mtsanantonio,dustinfrailey4vt0,Dustin Frailey
Mar 17,home,East Los Angeles,L,3-2,3,2,1,win,20150317_z9g7,0,0,0,0,0.0,,,,0.0,,,2015,2014-15,Mt. San Antonio,mtsanantonio,dustinfrailey4vt0,Dustin Frailey
Mar 19,home,East Los Angeles,W,12-4,12,4,8,win,20150319_f06b,0,0,0,0,0.0,,,,0.0,,,2015,2014-15,Mt. San Antonio,mtsanantonio,dustinfrailey4vt0,Dustin Frailey
Mar 21,home,East Los Angeles,L,1-0,1,0,1,win,20150321_g55p,0,0,0,0,0.0,,,,0.0,,,2015,2014-15,Mt. San Antonio,mtsanantonio,dustinfrailey4vt0,Dustin Frailey
Mar 24,home,El Camino,L,6-5,6,5,1,win,20150324_8nom,0,0,0,0,0.0,,,,0.0,,,2015,2014-15,Mt. San Antonio,mtsanantonio,dustinfrailey4vt0,Dustin Frailey
Mar 26,home,El Camino,W,4-3,4,3,1,win,20150326_qgjm,0,0,0,0,0.0,,,,0.0,,,2015,2014-15,Mt. San Antonio,mtsanantonio,dustinfrailey4vt0,Dustin Frailey
Mar 28,home,El Camino,L,6-1,6,1,5,win,20150328_d9ru,0,0,0,0,0.0,,,,0.0,,,2015,2014-15,Mt. San Antonio,mtsanantonio,dustinfrailey4vt0,Dustin Frailey
Mar 31,home,Citrus,L,4-2,4,2,2,win,20150331_z0sv,0,0,0,0,0.0,,,,0.0,,,2015,2014-15,Mt. San Antonio,mtsanantonio,dustinfrailey4vt0,Dustin Frailey
Apr 2,home,Citrus,W,4-3,4,3,1,win,20150402_19cl,0,0,0,0,0.0,,,,0.0,,,2015,2014-15,Mt. San Antonio,mtsanantonio,dustinfrailey4vt0,Dustin Frailey
Apr 4,home,Santa Ana,W,5-1,5,1,4,win,20150404_7l0l,0,0,0,0,0.0,,,,0.0,,,2015,2014-15,Mt. San Antonio,mtsanantonio,dustinfrailey4vt0,Dustin Frailey
Apr 7,home,Long Beach,L,5-2,5,2,3,win,20150407_wo0f,0,0,0,0,0.0,,,,0.0,,,2015,2014-15,Mt. San Antonio,mtsanantonio,dustinfrailey4vt0,Dustin Frailey
Apr 9,home,Long Beach,L,1-0,1,0,1,win,20150409_wdo5,0,0,0,0,0.0,,,,0.0,,,2015,2014-15,Mt. San Antonio,mtsanantonio,dustinfrailey4vt0,Dustin Frailey
Apr 11,home,Long Beach,W,10-8,10,8,2,win,20150411_jyee,0,0,0,0,0.0,,,,0.0,,,2015,2014-15,Mt. San Antonio,mtsanantonio,dustinfrailey4vt0,Dustin Frailey
Apr 14,home,El Camino-Compton Center,W,10-6,10,6,4,win,20150414_tecz,0,0,0,0,0.0,,,,0.0,,,2015,2014-15,Mt. San Antonio,mtsanantonio,dustinfrailey4vt0,Dustin Frailey
Apr 16,home,El Camino-Compton Center,W,7-3,7,3,4,win,20150416_7bjj,0,0,0,0,0.0,,,,0.0,,,2015,2014-15,Mt. San Antonio,mtsanantonio,dustinfrailey4vt0,Dustin Frailey
Apr 18,home,El Camino-Compton Center,L,8-7,8,7,1,win,20150418_ndf8,0,0,0,0,0.0,,,,0.0,,,2015,2014-15,Mt. San Antonio,mtsanantonio,dustinfrailey4vt0,Dustin Frailey
Apr 21,home,Pasadena,L,2-0,2,0,2,win,20150421_6z6p,0,0,0,0,0.0,,,,0.0,,,2015,2014-15,Mt. San Antonio,mtsanantonio,dustinfrailey4vt0,Dustin Frailey
Apr 23,home,Pasadena,L,11-4,11,4,7,win,20150423_x1jh,0,0,0,0,0.0,,,,0.0,,,2015,2014-15,Mt. San Antonio,mtsanantonio,dustinfrailey4vt0,Dustin Frailey
Apr 24,home,Pasadena,W,5-4,5,4,1,win,20150424_0lry,0,0,0,0,0.0,,,,0.0,,,2015,2014-15,Mt. San Antonio,mtsanantonio,dustinfrailey4vt0,Dustin Frailey
Jan 31,home,Canada,L,17-6,17,6,11,win,20150131_kf6f,0,0,0,0,0.0,,,,0.0,,,2015,2014-15,Sierra,sierra,mikephelano5kg,Mike Phelan
Feb 5,home,Feather River,L,6-4,6,4,2,win,20150205_zkth,0,0,0,0,0.0,,,,0.0,,,2015,2014-15,Sierra,sierra,mikephelano5kg,Mike Phelan
Feb 5,home,Shasta,L,8-0,8,0,8,win,20150205_zm8n,0,0,0,0,0.0,,,,0.0,,,2015,2014-15,Sierra,sierra,mikephelano5kg,Mike Phelan
Feb 12,home,Folsom Lake,L,3-2,3,2,1,win,20150212_hgh9,0,0,0,0,0.0,,,,0.0,,,2015,2014-15,Sierra,sierra,mikephelano5kg,Mike Phelan
Feb 14,home,San Mateo,L,15-5,15,5,10,win,20150214_xh9g,0,0,0,0,0.0,,,,0.0,,,2015,2014-15,Sierra,sierra,mikephelano5kg,Mike Phelan
Feb 19,home,Chabot,W,5-3,5,3,2,win,20150219_ywgg,0,0,0,0,0.0,,,,0.0,,,2015,2014-15,Sierra,sierra,mikephelano5kg,Mike Phelan
Mar 5,home,Sacramento City,W,10-6,10,6,4,win,20150305_q4cf,0,0,0,0,0.0,,,,0.0,,,2015,2014-15,Sierra,sierra,mikephelano5kg,Mike Phelan
Mar 10,home,Cosumnes River,L,8-5,8,5,3,win,20150310_q844,0,0,0,0,0.0,,,,0.0,,,2015,2014-15,Sierra,sierra,mikephelano5kg,Mike Phelan
Mar 12,home,Cosumnes River,L,7-1,7,1,6,win,20150312_1qp3,0,0,0,0,0.0,,,,0.0,,,2015,2014-15,Sierra,sierra,mikephelano5kg,Mike Phelan
Mar 14,home,Cosumnes River,W,6-5,6,5,1,win,20150314_rzuy,0,0,0,0,0.0,,,,0.0,,,2015,2014-15,Sierra,sierra,mikephelano5kg,Mike Phelan
Mar 17,home,Diablo Valley,W,7-3,7,3,4,win,20150317_da0f,0,0,0,0,0.0,,,,0.0,,,2015,2014-15,Sierra,sierra,mikephelano5kg,Mike Phelan
Mar 19,home,Diablo Valley,L,4-2,4,2,2,win,20150319_t8vw,0,0,0,0,0.0,,,,0.0,,,2015,2014-15,Sierra,sierra,mikephelano5kg,Mike Phelan
Mar 20,home,Diablo Valley,W,3-0,3,0,3,win,20150320_5klk,0,0,0,0,0.0,,,,0.0,,,2015,2014-15,Sierra,sierra,mikephelano5kg,Mike Phelan
Mar 24,home,Sacramento City,L,6-5,6,5,1,win,20150324_xeyz,0,0,0,0,0.0,,,,0.0,,,2015,2014-15,Sierra,sierra,mikephelano5kg,Mike Phelan
Mar 26,home,Sacramento City,W,2-1,2,1,1,win,20150326_ivv6,0,0,0,0,0.0,,,,0.0,,,2015,2014-15,Sierra,sierra,mikephelano5kg,Mike Phelan
Mar 28,home,Sacramento City,W,5-4,5,4,1,win,20150328_wk3h,0,0,0,0,0.0,,,,0.0,,,2015,2014-15,Sierra,sierra,mikephelano5kg,Mike Phelan
Mar 31,home,San Joaquin  Delta,L,7-3,7,3,4,win,20150331_5vvs,0,0,0,0,0.0,,,,0.0,,,2015,2014-15,Sierra,sierra,mikephelano5kg,Mike Phelan
Apr 2,home,San Joaquin  Delta,L,7-1,7,1,6,win,20150402_mf2n,0,0,0,0,0.0,,,,0.0,,,2015,2014-15,Sierra,sierra,mikephelano5kg,Mike Phelan
Apr 9,home,Modesto,W,5-4,5,4,1,win,20150409_40tk,0,0,0,0,0.0,,,,0.0,,,2015,2014-15,Sierra,sierra,mikephelano5kg,Mike Phelan
Apr 11,home,Modesto,L,3-0,3,0,3,win,20150411_xn8j,0,0,0,0,0.0,,,,0.0,,,2015,2014-15,Sierra,sierra,mikephelano5kg,Mike Phelan
Apr 16,home,American River,L,7-1,7,1,6,win,20150416_ouxq,0,0,0,0,0.0,,,,0.0,,,2015,2014-15,Sierra,sierra,mikephelano5kg,Mike Phelan
Apr 17,home,American River,W,4-2,4,2,2,win,20150417_xe75,0,0,0,0,0.0,,,,0.0,,,2015,2014-15,Sierra,sierra,mikephelano5kg,Mike Phelan
Apr 21,home,Santa Rosa,L,10-1,10,1,9,win,20150421_2o4x,0,0,0,0,0.0,,,,0.0,,,2015,2014-15,Sierra,sierra,mikephelano5kg,Mike Phelan
Apr 24,home,Santa Rosa,L,2-1,2,1,1,win,20150424_8zmq,0,0,0,0,0.0,,,,0.0,,,2015,2014-15,Sierra,sierra,mikephelano5kg,Mike Phelan
Feb 3,home,Bakersfield,W,4-3,4,3,1,win,20150203_1uut,0,0,0,0,0.0,,,,0.0,,,2015,2014-15,Fullerton,fullerton,joshbalbuenawq4j,Josh Balbuena
Feb 5,home,Grossmont,W,22-3,22,3,19,win,20150205_r1ib,0,0,0,0,0.0,,,,0.0,,,2015,2014-15,Fullerton,fullerton,joshbalbuenawq4j,Josh Balbuena
Feb 12,home,Palomar,L,8-1,8,1,7,win,20150212_nij7,0,0,0,0,0.0,,,,0.0,,,2015,2014-15,Fullerton,fullerton,joshbalbuenawq4j,Josh Balbuena
Mar 3,home,Orange Coast,L,5-3,5,3,2,win,20150303_dn0r,0,0,0,0,0.0,,,,0.0,,,2015,2014-15,Fullerton,fullerton,joshbalbuenawq4j,Josh Balbuena
Mar 10,home,Riverside,W,3-2,3,2,1,win,20150310_d493,0,0,0,0,0.0,,,,0.0,,,2015,2014-15,Fullerton,fullerton,joshbalbuenawq4j,Josh Balbuena
Mar 12,home,Cypress,W,6-5,6,5,1,win,20150312_y0g2,0,0,0,0,0.0,,,,0.0,,,2015,2014-15,Fullerton,fullerton,joshbalbuenawq4j,Josh Balbuena
Mar 17,home,Irvine Valley,W,5-1,5,1,4,win,20150317_9uul,0,0,0,0,0.0,,,,0.0,,,2015,2014-15,Fullerton,fullerton,joshbalbuenawq4j,Josh Balbuena
Mar 26,home,Orange Coast,L,7-1,7,1,6,win,20150326_w19a,0,0,0,0,0.0,,,,0.0,,,2015,2014-15,Fullerton,fullerton,joshbalbuenawq4j,Josh Balbuena
Apr 14,home,Saddleback,L,4-3,4,3,1,win,20150414_76hh,0,0,0,0,0.0,,,,0.0,,,2015,2014-15,Fullerton,fullerton,joshbalbuenawq4j,Josh Balbuena
Jan 30,home,Southwestern,L,9-3,9,3,6,win,20150130_6o3o,0,0,0,0,0.0,,,,0.0,,,2015,2014-15,Orange Coast,orangecoast,tylerrios23ji,Tyler Rios
Jan 31,home,Desert,L,5-4,5,4,1,win,20150131_7b4w,0,0,0,0,0.0,,,,0.0,,,2015,2014-15,Orange Coast,orangecoast,tylerrios23ji,Tyler Rios
Feb 3,home,Palomar,L,4-3,4,3,1,win,20150203_inmu,0,0,0,0,0.0,,,,0.0,,,2015,2014-15,Orange Coast,orangecoast,tylerrios23ji,Tyler Rios
Feb 5,home,Cuesta,W,9-1,9,1,8,win,20150205_c9df,0,0,0,0,0.0,,,,0.0,,,2015,2014-15,Orange Coast,orangecoast,tylerrios23ji,Tyler Rios
Feb 6,home,Cuesta,W,14-8,14,8,6,win,20150206_m0a8,0,0,0,0,0.0,,,,0.0,,,2015,2014-15,Orange Coast,orangecoast,tylerrios23ji,Tyler Rios
Feb 10,home,Long Beach,W,6-5,6,5,1,win,20150210_55d0,0,0,0,0,0.0,,,,0.0,,,2015,2014-15,Orange Coast,orangecoast,tylerrios23ji,Tyler Rios
Feb 12,home,Long Beach,L,6-2,6,2,4,win,20150212_wnl8,0,0,0,0,0.0,,,,0.0,,,2015,2014-15,Orange Coast,orangecoast,tylerrios23ji,Tyler Rios
Feb 14,home,Long Beach,W,8-1,8,1,7,win,20150214_r7lv,0,0,0,0,0.0,,,,0.0,,,2015,2014-15,Orange Coast,orangecoast,tylerrios23ji,Tyler Rios
Apr 7,home,Cypress,L,15-9,15,9,6,win,20150407_2385,0,0,0,0,0.0,,,,0.0,,,2015,2014-15,Orange Coast,orangecoast,tylerrios23ji,Tyler Rios
Apr 14,home,Irvine Valley,W,2-0,2,0,2,win,20150414_gdpa,0,0,0,0,0.0,,,,0.0,,,2015,2014-15,Orange Coast,orangecoast,tylerrios23ji,Tyler Rios
May 1,home,Long Beach,W,18-3,18,3,15,win,20150501_jfaw,0,0,0,0,0.0,,,,0.0,,,2015,2014-15,Orange Coast,orangecoast,tylerrios23ji,Tyler Rios
May 8,home,Glendale,L,13-0,13,0,13,win,20150508_yu00,0,0,0,0,0.0,,,,0.0,,,2015,2014-15,Orange Coast,orangecoast,tylerrios23ji,Tyler Rios
Jan 29,home,West Hills Coalinga,L,8-3,8,3,5,win,20150129_mubq,0,0,0,0,0.2,3.0,2.0,2.0,27.0,2.0,,2015,2014-15,Siskiyous,siskiyous,davidrowleyet75,David Rowley
Feb 6,home,Folsom Lake,L,9-6,9,6,3,win,20150206_d87l,0,0,0,0,0.0,1.0,1.0,1.0,inf,,,2015,2014-15,Siskiyous,siskiyous,davidrowleyet75,David Rowley
Feb 25,home,Feather River,L,13-3,13,3,10,win,20150225_gwxy,0,0,0,0,0.1,2.0,3.0,3.0,81.0,1.0,,2015,2014-15,Siskiyous,siskiyous,davidrowleyet75,David Rowley
Feb 26,home,Feather River,L,23-3,23,3,20,win,20150226_jplh,0,0,0,0,0.2,4.0,6.0,3.0,40.5,2.0,1.0,2015,2014-15,Siskiyous,siskiyous,davidrowleyet75,David Rowley
Mar 7,home,Shasta,L,6-5,6,5,1,win,20150307_xlxp,0,0,0,0,0.0,,,,0.0,,,2015,2014-15,Siskiyous,siskiyous,davidrowleyet75,David Rowley
Mar 21,home,Lassen,L,15-6,15,6,9,win,20150321_fg3m,0,0,0,0,0.0,,,,0.0,,,2015,2014-15,Siskiyous,siskiyous,davidrowleyet75,David Rowley
Mar 26,home,Butte,L,21-8,21,8,13,win,20150326_7s2i,0,0,0,0,0.0,,,,0.0,,,2015,2014-15,Siskiyous,siskiyous,davidrowleyet75,David Rowley
Mar 28,home,Butte,L,10-1,10,1,9,win,20150328_43uk,0,0,0,0,0.0,,,,0.0,,,2015,2014-15,Siskiyous,siskiyous,davidrowleyet75,David Rowley
Mar 28,home,Butte,L,11-1,11,1,10,win,20150328_8w6x,0,0,0,0,0.0,,,,0.0,,,2015,2014-15,Siskiyous,siskiyous,davidrowleyet75,David Rowley
Apr 3,home,Feather River,L,5-2,5,2,3,win,20150403_02cw,0,0,0,0,0.0,,,,0.0,,,2015,2014-15,Siskiyous,siskiyous,davidrowleyet75,David Rowley
Apr 3,home,Feather River,L,9-0,9,0,9,win,20150403_iwlx,0,0,0,0,0.0,,,,0.0,,,2015,2014-15,Siskiyous,siskiyous,davidrowleyet75,David Rowley
Apr 9,home,Shasta,W,8-3,8,3,5,win,20150409_91jp,0,0,0,0,0.0,,,,0.0,,,2015,2014-15,Siskiyous,siskiyous,davidrowleyet75,David Rowley
Apr 9,home,Shasta,W,6-5,6,5,1,win,20150409_zgpd,0,0,0,0,0.0,,,,0.0,,,2015,2014-15,Siskiyous,siskiyous,davidrowleyet75,David Rowley
Apr 13,home,Redwoods,W,3-0,3,0,3,win,20150413_nr2s,0,0,0,0,0.0,,,,0.0,,,2015,2014-15,Siskiyous,siskiyous,davidrowleyet75,David Rowley
Apr 13,home,Redwoods,L,10-4,10,4,6,win,20150413_txey,0,0,0,0,0.0,,,,0.0,,,2015,2014-15,Siskiyous,siskiyous,davidrowleyet75,David Rowley
Apr 18,home,Lassen,W,5-3,5,3,2,win,20150418_4k3u,0,0,0,0,0.0,,,,0.0,,,2015,2014-15,Siskiyous,siskiyous,davidrowleyet75,David Rowley
Apr 18,home,Lassen,L,14-4,14,4,10,win,20150418_dsbv,0,0,0,0,0.0,,,,0.0,,,2015,2014-15,Siskiyous,siskiyous,davidrowleyet75,David Rowley
Apr 23,home,Butte,L,4-2,4,2,2,win,20150423_ak0b,0,0,0,0,0.0,,,,0.0,,,2015,2014-15,Siskiyous,siskiyous,davidrowleyet75,David Rowley
Apr 23,home,Butte,L,3-2,3,2,1,win,20150423_h1kn,0,0,0,0,0.0,,,,0.0,,,2015,2014-15,Siskiyous,siskiyous,davidrowleyet75,David Rowley
Jan 27,home,Gavilan,W,3-2,3,2,1,win,20150127_x6vg,0,0,0,0,0.0,,,,0.0,,,2015,2014-15,San Joaquin  Delta,sanjoaquindelta,jacobthomasq8e9,Jacob Thomas
Jan 30,home,Monterey,W,13-1,13,1,12,win,20150130_t8xt,0,0,0,0,0.0,,,,0.0,,,2015,2014-15,San Joaquin  Delta,sanjoaquindelta,jacobthomasq8e9,Jacob Thomas
Feb 10,home,San Mateo,W,8-2,8,2,6,win,20150210_m7wq,0,0,0,0,0.0,,,,0.0,,,2015,2014-15,San Joaquin  Delta,sanjoaquindelta,jacobthomasq8e9,Jacob Thomas
Feb 12,home,Solano,W,5-1,5,1,4,win,20150212_4hfu,0,0,0,0,0.0,,,,0.0,,,2015,2014-15,San Joaquin  Delta,sanjoaquindelta,jacobthomasq8e9,Jacob Thomas
Feb 14,home,Solano,W,3-2,3,2,1,win,20150214_s2d3,0,0,0,0,0.0,,,,0.0,,,2015,2014-15,San Joaquin  Delta,sanjoaquindelta,jacobthomasq8e9,Jacob Thomas
Feb 19,home,Cabrillo,W,4-3,4,3,1,win,20150219_tuxo,0,0,0,0,0.0,,,,0.0,,,2015,2014-15,San Joaquin  Delta,sanjoaquindelta,jacobthomasq8e9,Jacob Thomas
Feb 21,home,Cabrillo,W,14-1,14,1,13,win,20150221_v8kd,0,0,0,0,0.0,,,,0.0,,,2015,2014-15,San Joaquin  Delta,sanjoaquindelta,jacobthomasq8e9,Jacob Thomas
Feb 27,home,Chabot,W,5-3,5,3,2,win,20150227_26ak,0,0,0,0,0.0,,,,0.0,,,2015,2014-15,San Joaquin  Delta,sanjoaquindelta,jacobthomasq8e9,Jacob Thomas
Mar 3,home,Sierra,W,16-5,16,5,11,win,20150303_gd2o,0,0,0,0,0.0,,,,0.0,,,2015,2014-15,San Joaquin  Delta,sanjoaquindelta,jacobthomasq8e9,Jacob Thomas
Mar 5,home,Modesto,W,3-0,3,0,3,win,20150305_0qyx,0,0,0,0,0.0,,,,0.0,,,2015,2014-15,San Joaquin  Delta,sanjoaquindelta,jacobthomasq8e9,Jacob Thomas
Mar 7,home,Cosumnes River,W,5-0,5,0,5,win,20150307_78iu,0,0,0,0,0.0,,,,0.0,,,2015,2014-15,San Joaquin  Delta,sanjoaquindelta,jacobthomasq8e9,Jacob Thomas
Mar 10,home,Santa Rosa,W,4-0,4,0,4,win,20150310_fmx4,0,0,0,0,0.0,,,,0.0,,,2015,2014-15,San Joaquin  Delta,sanjoaquindelta,jacobthomasq8e9,Jacob Thomas
Mar 12,home,Santa Rosa,W,5-1,5,1,4,win,20150312_rxbw,0,0,0,0,0.0,,,,0.0,,,2015,2014-15,San Joaquin  Delta,sanjoaquindelta,jacobthomasq8e9,Jacob Thomas
Mar 14,home,Santa Rosa,W,10-4,10,4,6,win,20150314_1m79,0,0,0,0,0.0,,,,0.0,,,2015,2014-15,San Joaquin  Delta,sanjoaquindelta,jacobthomasq8e9,Jacob Thomas
Mar 17,home,American River,W,8-5,8,5,3,win,20150317_rkw8,0,0,0,0,0.0,,,,0.0,,,2015,2014-15,San Joaquin  Delta,sanjoaquindelta,jacobthomasq8e9,Jacob Thomas
Mar 19,home,American River,W,10-1,10,1,9,win,20150319_c7n5,0,0,0,0,0.0,,,,0.0,,,2015,2014-15,San Joaquin  Delta,sanjoaquindelta,jacobthomasq8e9,Jacob Thomas
Mar 21,home,American River,W,5-4,5,4,1,win,20150321_vecm,0,0,0,0,0.0,,,,0.0,,,2015,2014-15,San Joaquin  Delta,sanjoaquindelta,jacobthomasq8e9,Jacob Thomas
Mar 24,home,Modesto,W,1-0,1,0,1,win,20150324_7h5o,0,0,0,0,0.0,,,,0.0,,,2015,2014-15,San Joaquin  Delta,sanjoaquindelta,jacobthomasq8e9,Jacob Thomas
Mar 26,home,Modesto,W,10-4,10,4,6,win,20150326_k1ue,0,0,0,0,0.0,,,,0.0,,,2015,2014-15,San Joaquin  Delta,sanjoaquindelta,jacobthomasq8e9,Jacob Thomas
Mar 28,home,Modesto,W,3-1,3,1,2,win,20150328_iubq,0,0,0,0,0.0,,,,0.0,,,2015,2014-15,San Joaquin  Delta,sanjoaquindelta,jacobthomasq8e9,Jacob Thomas
Mar 31,home,Sierra,W,7-3,7,3,4,win,20150331_5vvs,0,0,0,0,0.0,,,,0.0,,,2015,2014-15,San Joaquin  Delta,sanjoaquindelta,jacobthomasq8e9,Jacob Thomas
Apr 2,home,Sierra,W,7-1,7,1,6,win,20150402_mf2n,0,0,0,0,0.0,,,,0.0,,,2015,2014-15,San Joaquin  Delta,sanjoaquindelta,jacobthomasq8e9,Jacob Thomas
Apr 4,home,Sierra,W,7-0,7,0,7,win,20150404_yz8o,0,0,0,0,0.0,,,,0.0,,,2015,2014-15,San Joaquin  Delta,sanjoaquindelta,jacobthomasq8e9,Jacob Thomas
Apr 8,home,Sacramento City,W,2-1,2,1,1,win,20150408_vtcy,0,0,0,0,0.0,,,,0.0,,,2015,2014-15,San Joaquin  Delta,sanjoaquindelta,jacobthomasq8e9,Jacob Thomas
Apr 9,home,Sacramento City,W,7-1,7,1,6,win,20150409_0xv5,0,0,0,0,0.0,,,,0.0,,,2015,2014-15,San Joaquin  Delta,sanjoaquindelta,jacobthomasq8e9,Jacob Thomas
Apr 11,home,Sacramento City,L,7-5,7,5,2,win,20150411_s9wt,0,0,0,0,0.0,,,,0.0,,,2015,2014-15,San Joaquin  Delta,sanjoaquindelta,jacobthomasq8e9,Jacob Thomas
Apr 14,home,Diablo Valley,W,8-2,8,2,6,win,20150414_as94,0,0,0,0,0.0,,,,0.0,,,2015,2014-15,San Joaquin  Delta,sanjoaquindelta,jacobthomasq8e9,Jacob Thomas
Apr 16,home,Diablo Valley,W,7-0,7,0,7,win,20150416_tl2k,0,0,0,0,0.0,,,,0.0,,,2015,2014-15,San Joaquin  Delta,sanjoaquindelta,jacobthomasq8e9,Jacob Thomas
Apr 17,home,Diablo Valley,W,1-0,1,0,1,win,20150417_ftss,0,0,0,0,0.0,,,,0.0,,,2015,2014-15,San Joaquin  Delta,sanjoaquindelta,jacobthomasq8e9,Jacob Thomas
Apr 21,home,Cosumnes River,L,8-1,8,1,7,win,20150421_km5k,0,0,0,0,0.0,,,,0.0,,,2015,2014-15,San Joaquin  Delta,sanjoaquindelta,jacobthomasq8e9,Jacob Thomas
Apr 23,home,Cosumnes River,W,8-3,8,3,5,win,20150423_tq2s,0,0,0,0,0.0,,,,0.0,,,2015,2014-15,San Joaquin  Delta,sanjoaquindelta,jacobthomasq8e9,Jacob Thomas
Apr 24,home,Cosumnes River,W,3-1,3,1,2,win,20150424_4qrw,0,0,0,0,0.0,,,,0.0,,,2015,2014-15,San Joaquin  Delta,sanjoaquindelta,jacobthomasq8e9,Jacob Thomas
May 1,home,Sequoias,W,5-2,5,2,3,win,20150501_2gbp,0,0,0,0,0.0,,,,0.0,,,2015,2014-15,San Joaquin  Delta,sanjoaquindelta,jacobthomasq8e9,Jacob Thomas
May 2,home,Sequoias,L,8-4,8,4,4,win,20150502_pbeg,0,0,0,0,0.0,,,,0.0,,,2015,2014-15,San Joaquin  Delta,sanjoaquindelta,jacobthomasq8e9,Jacob Thomas
May 2,home,Sequoias,W,5-1,5,1,4,win,20150502_hskg,0,0,0,0,0.0,,,,0.0,,,2015,2014-15,San Joaquin  Delta,sanjoaquindelta,jacobthomasq8e9,Jacob Thomas
May 8,home,Cabrillo,W,11-0,11,0,11,win,20150508_1q9i,0,0,0,0,0.0,,,,0.0,,,2015,2014-15,San Joaquin  Delta,sanjoaquindelta,jacobthomasq8e9,Jacob Thomas
May 9,home,Cabrillo,W,8-2,8,2,6,win,20150509_7yq3,0,0,0,0,0.0,,,,0.0,,,2015,2014-15,San Joaquin  Delta,sanjoaquindelta,jacobthomasq8e9,Jacob Thomas
May 15,home,San Mateo,L,8-2,8,2,6,win,20150515_60an,0,0,0,0,0.0,,,,0.0,,,2015,2014-15,San Joaquin  Delta,sanjoaquindelta,jacobthomasq8e9,Jacob Thomas
May 16,home,San Mateo,W,8-5,8,5,3,win,20150516_npf0,0,0,0,0,0.0,,,,0.0,,,2015,2014-15,San Joaquin  Delta,sanjoaquindelta,jacobthomasq8e9,Jacob Thomas
May 17,home,San Mateo,W,7-2,7,2,5,win,20150517_88lb,0,0,0,0,0.0,,,,0.0,,,2015,2014-15,San Joaquin  Delta,sanjoaquindelta,jacobthomasq8e9,Jacob Thomas
May 23,home,Orange Coast,L,5-0,5,0,5,win,20150523_nn8n,0,0,0,0,0.0,,,,0.0,,,2015,2014-15,San Joaquin  Delta,sanjoaquindelta,jacobthomasq8e9,Jacob Thomas
May 24,home,Fresno City,W,13-2,13,2,11,win,20150524_fk8o,0,0,0,0,0.0,,,,0.0,,,2015,2014-15,San Joaquin  Delta,sanjoaquindelta,jacobthomasq8e9,Jacob Thomas
May 24,home,Palomar,W,14-7,14,7,7,win,20150524_a76s,0,0,0,0,0.0,,,,0.0,,,2015,2014-15,San Joaquin  Delta,sanjoaquindelta,jacobthomasq8e9,Jacob Thomas
May 25,home,Orange Coast,L,9-4,9,4,5,win,20150525_n47j,0,0,0,0,0.0,,,,0.0,,,2015,2014-15,San Joaquin  Delta,sanjoaquindelta,jacobthomasq8e9,Jacob Thomas
Jan 31,home,Chabot,W,4-3,4,3,1,win,20150131_mzgs,0,0,0,0,0.0,,,,0.0,,,2015,2014-15,Santa Rosa,santarosa,mattbone3wrr,Matt Bone
Feb 2,home,De Anza,W,9-1,9,1,8,win,20150202_v2ar,0,0,0,0,0.0,,,,0.0,,,2015,2014-15,Santa Rosa,santarosa,mattbone3wrr,Matt Bone
Feb 5,home,De Anza,W,10-0,10,0,10,win,20150205_xcfp,0,0,0,0,0.0,,,,0.0,,,2015,2014-15,Santa Rosa,santarosa,mattbone3wrr,Matt Bone
Feb 7,home,Alumni,W,3-2,3,2,1,win,20150207_9yl9,0,0,0,0,0.0,,,,0.0,,,2015,2014-15,Santa Rosa,santarosa,mattbone3wrr,Matt Bone
Feb 12,home,Los Medanos,W,7-5,7,5,2,win,20150212_6kxf,0,0,0,0,0.0,,,,0.0,,,2015,2014-15,Santa Rosa,santarosa,mattbone3wrr,Matt Bone
Feb 14,home,Los Medanos,W,11-1,11,1,10,win,20150214_2sh8,0,0,0,0,0.0,,,,0.0,,,2015,2014-15,Santa Rosa,santarosa,mattbone3wrr,Matt Bone
Feb 17,home,Contra Costa,W,4-0,4,0,4,win,20150217_w8ao,0,0,0,0,0.0,,,,0.0,,,2015,2014-15,Santa Rosa,santarosa,mattbone3wrr,Matt Bone
Feb 19,home,Solano,W,7-2,7,2,5,win,20150219_wf6q,0,0,0,0,0.0,,,,0.0,,,2015,2014-15,Santa Rosa,santarosa,mattbone3wrr,Matt Bone
Mar 3,home,Cosumnes River,L,5-4,5,4,1,win,20150303_mecu,0,0,0,0,0.0,,,,0.0,,,2015,2014-15,Santa Rosa,santarosa,mattbone3wrr,Matt Bone
Mar 5,home,Diablo Valley,W,4-1,4,1,3,win,20150305_2pts,0,0,0,0,0.0,,,,0.0,,,2015,2014-15,Santa Rosa,santarosa,mattbone3wrr,Matt Bone
Mar 6,home,Sierra,W,2-0,2,0,2,win,20150306_shmr,0,0,0,0,0.0,,,,0.0,,,2015,2014-15,Santa Rosa,santarosa,mattbone3wrr,Matt Bone
Mar 10,home,San Joaquin  Delta,L,4-0,4,0,4,win,20150310_fmx4,0,0,0,0,0.0,,,,0.0,,,2015,2014-15,Santa Rosa,santarosa,mattbone3wrr,Matt Bone
Jan 27,home,Oxnard,L,7-0,7,0,7,win,20150127_6e3x,0,0,0,0,0.0,,,,0.0,,,2015,2014-15,Pasadena,pasadena,daviddominguez4m7b,David Dominguez
Jan 31,home,Antelope Valley,W,4-3,4,3,1,win,20150131_s3lk,0,0,0,0,0.0,,,,0.0,,,2015,2014-15,Pasadena,pasadena,daviddominguez4m7b,David Dominguez
Jan 31,home,Antelope Valley,W,5-0,5,0,5,win,20150131_54rn,0,0,0,0,0.0,,,,0.0,,,2015,2014-15,Pasadena,pasadena,daviddominguez4m7b,David Dominguez
Feb 3,home,Oxnard,L,4-3,4,3,1,win,20150203_40wi,0,0,0,0,0.0,,,,0.0,,,2015,2014-15,Pasadena,pasadena,daviddominguez4m7b,David Dominguez
Feb 7,home,West LA,W,5-3,5,3,2,win,20150207_0ald,0,0,0,0,0.0,,,,0.0,,,2015,2014-15,Pasadena,pasadena,daviddominguez4m7b,David Dominguez
Feb 13,home,LA Valley,L,11-2,11,2,9,win,20150213_qzk7,0,0,0,0,0.0,,,,0.0,,,2015,2014-15,Pasadena,pasadena,daviddominguez4m7b,David Dominguez
Feb 14,home,Rio Hondo,L,9-4,9,4,5,win,20150214_hg0z,0,0,0,0,0.0,,,,0.0,,,2015,2014-15,Pasadena,pasadena,daviddominguez4m7b,David Dominguez
Feb 20,home,Ventura,L,2-1,2,1,1,win,20150220_x4sf,0,0,0,0,0.0,,,,0.0,,,2015,2014-15,Pasadena,pasadena,daviddominguez4m7b,David Dominguez
Feb 25,home,LA Mission,L,7-0,7,0,7,win,20150225_z2gz,0,0,0,0,0.0,,,,0.0,,,2015,2014-15,Pasadena,pasadena,daviddominguez4m7b,David Dominguez
Feb 28,home,West LA,L,8-3,8,3,5,win,20150228_pw47,0,0,0,0,0.0,,,,0.0,,,2015,2014-15,Pasadena,pasadena,daviddominguez4m7b,David Dominguez
Mar 4,home,Cerritos,L,5-4,5,4,1,win,20150304_2ge6,0,0,0,0,0.0,,,,0.0,,,2015,2014-15,Pasadena,pasadena,daviddominguez4m7b,David Dominguez
Mar 5,home,Cerritos,L,14-3,14,3,11,win,20150305_q9yo,0,0,0,0,0.0,,,,0.0,,,2015,2014-15,Pasadena,pasadena,daviddominguez4m7b,David Dominguez
Mar 10,home,East Los Angeles,W,8-7,8,7,1,win,20150310_18as,0,0,0,0,0.0,,,,0.0,,,2015,2014-15,Pasadena,pasadena,daviddominguez4m7b,David Dominguez
Mar 12,home,East Los Angeles,W,5-4,5,4,1,win,20150312_trzc,0,0,0,0,0.0,,,,0.0,,,2015,2014-15,Pasadena,pasadena,daviddominguez4m7b,David Dominguez
Mar 14,home,East Los Angeles,L,14-0,14,0,14,win,20150314_ei8a,0,0,0,0,0.0,,,,0.0,,,2015,2014-15,Pasadena,pasadena,daviddominguez4m7b,David Dominguez
Mar 19,home,El Camino,L,10-2,10,2,8,win,20150319_p5xk,0,0,0,0,0.0,,,,0.0,,,2015,2014-15,Pasadena,pasadena,daviddominguez4m7b,David Dominguez
Mar 21,home,El Camino,L,14-4,14,4,10,win,20150321_mllw,0,0,0,0,0.0,,,,0.0,,,2015,2014-15,Pasadena,pasadena,daviddominguez4m7b,David Dominguez
Mar 24,home,LA Harbor,W,11-3,11,3,8,win,20150324_umtk,0,0,0,0,0.0,,,,0.0,,,2015,2014-15,Pasadena,pasadena,daviddominguez4m7b,David Dominguez
Mar 28,home,LA Harbor,L,9-1,9,1,8,win,20150328_kvqi,0,0,0,0,0.0,,,,0.0,,,2015,2014-15,Pasadena,pasadena,daviddominguez4m7b,David Dominguez
Apr 21,home,Mt. San Antonio,W,2-0,2,0,2,win,20150421_6z6p,0,0,0,0,0.0,,,,0.0,,,2015,2014-15,Pasadena,pasadena,daviddominguez4m7b,David Dominguez
Jan 30,home,Santa Barbara,L,16-3,16,3,13,win,20150130_xre5,0,0,0,0,0.0,,,,0.0,,,2015,2014-15,Napa,napa,justinvoshallcqz6,Justin Voshall
Feb 13,home,San Francisco,W,10-4,10,4,6,win,20150213_xbtf,0,0,0,0,0.0,,,,0.0,,,2015,2014-15,Napa,napa,justinvoshallcqz6,Justin Voshall
Feb 19,home,Shasta,L,5-3,5,3,2,win,20150219_8ec2,0,0,0,0,0.0,,,,0.0,,,2015,2014-15,Napa,napa,justinvoshallcqz6,Justin Voshall
Feb 28,home,Laney,W,10-9,10,9,1,win,20150228_yhrx,0,0,0,0,0.0,,,,0.0,,,2015,2014-15,Napa,napa,justinvoshallcqz6,Justin Voshall
Mar 19,home,Marin,L,15-0,15,0,15,win,20150319_63zh,0,0,0,0,0.0,,,,0.0,,,2015,2014-15,Napa,napa,justinvoshallcqz6,Justin Voshall
Apr 3,home,Yuba,L,17-7,17,7,10,win,20150403_gco0,0,0,0,0,0.0,,,,0.0,,,2015,2014-15,Napa,napa,justinvoshallcqz6,Justin Voshall
Feb 5,home,Mission,W,12-4,12,4,8,win,20150205_hyj0,0,0,0,0,0.0,,,,0.0,,,2015,2014-15,Canada,canada,anthonyramirezw892,Anthony Ramirez
Feb 19,home,Laney,L,8-3,8,3,5,win,20150219_4t76,0,0,0,0,0.0,,,,0.0,,,2015,2014-15,Canada,canada,anthonyramirezw892,Anthony Ramirez
Mar 10,home,West Valley,L,8-1,8,1,7,win,20150310_2als,0,0,0,0,0.0,,,,0.0,,,2015,2014-15,Canada,canada,anthonyramirezw892,Anthony Ramirez
Mar 19,home,Hartnell,L,5-4,5,4,1,win,20150319_qx9c,0,0,0,0,0.0,,,,0.0,,,2015,2014-15,Canada,canada,anthonyramirezw892,Anthony Ramirez
Mar 20,home,Gavilan,L,8-7,8,7,1,win,20150320_ftp4,0,0,0,0,0.0,,,,0.0,,,2015,2014-15,Canada,canada,anthonyramirezw892,Anthony Ramirez
Mar 31,home,De Anza,L,1-0,1,0,1,win,20150331_q14r,0,0,0,0,0.0,,,,0.0,,,2015,2014-15,Canada,canada,anthonyramirezw892,Anthony Ramirez
Apr 9,home,Skyline,W,3-2,3,2,1,win,20150409_wear,0,0,0,0,0.0,,,,0.0,,,2015,2014-15,Canada,canada,anthonyramirezw892,Anthony Ramirez
Apr 11,home,Cabrillo,W,6-3,6,3,3,win,20150411_nc9h,0,0,0,0,0.0,,,,0.0,,,2015,2014-15,Canada,canada,anthonyramirezw892,Anthony Ramirez
Apr 14,home,Gavilan,L,10-5,10,5,5,win,20150414_7q0s,0,0,0,0,0.0,,,,0.0,,,2015,2014-15,Canada,canada,anthonyramirezw892,Anthony Ramirez
Apr 16,home,Hartnell,W,6-2,6,2,4,win,20150416_vz4a,0,0,0,0,0.0,,,,0.0,,,2015,2014-15,Canada,canada,anthonyramirezw892,Anthony Ramirez
Apr 21,home,Monterey,L,5-2,5,2,3,win,20150421_a2v7,0,0,0,0,0.0,,,,0.0,,,2015,2014-15,Canada,canada,anthonyramirezw892,Anthony Ramirez
Apr 23,home,Ohlone,L,12-2,12,2,10,win,20150423_erb7,0,0,0,0,0.0,,,,0.0,,,2015,2014-15,Canada,canada,anthonyramirezw892,Anthony Ramirez
Jan 27,home,Laney,L,5-4,5,4,1,win,20150127_cogz,0,0,0,0,1.0,1.0,1.0,1.0,9.0,1.0,2.0,2015,2014-15,San Francisco,sanfrancisco,michaelcastillo2hr2,Michael Castillo
Jan 29,home,Contra Costa,W,8-6,8,6,2,win,20150129_oa78,0,0,0,1,1.2,1.0,0.0,0.0,0.0,1.0,4.0,2015,2014-15,San Francisco,sanfrancisco,michaelcastillo2hr2,Michael Castillo
Feb 3,home,Gavilan,L,1-0,1,0,1,win,20150203_9t67,0,0,0,0,1.0,0.0,0.0,0.0,0.0,0.0,2.0,2015,2014-15,San Francisco,sanfrancisco,michaelcastillo2hr2,Michael Castillo
Feb 5,home,Contra Costa,W,2-1,2,1,1,win,20150205_mfsy,0,1,0,0,4.0,1.0,0.0,0.0,0.0,1.0,3.0,2015,2014-15,San Francisco,sanfrancisco,michaelcastillo2hr2,Michael Castillo
Feb 12,home,Napa,L,4-3,4,3,1,win,20150212_6oi9,0,0,1,0,4.0,2.0,2.0,2.0,4.5,2.0,4.0,2015,2014-15,San Francisco,sanfrancisco,michaelcastillo2hr2,Michael Castillo
Feb 19,home,Marin,T,2-2,2,2,0,tie,20150219_mg9d,0,0,0,0,5.0,4.0,1.0,1.0,1.8,5.0,5.0,2015,2014-15,San Francisco,sanfrancisco,michaelcastillo2hr2,Michael Castillo
Feb 24,home,Mission,L,5-3,5,3,2,win,20150224_hnf2,0,0,0,0,2.0,0.0,0.0,0.0,0.0,1.0,1.0,2015,2014-15,San Francisco,sanfrancisco,michaelcastillo2hr2,Michael Castillo
Feb 27,home,Skyline,L,2-1,2,1,1,win,20150227_n3oj,0,0,1,0,2.1,2.0,1.0,1.0,3.86,1.0,2.0,2015,2014-15,San Francisco,sanfrancisco,michaelcastillo2hr2,Michael Castillo
Mar 7,home,West Valley,L,8-1,8,1,7,win,20150307_ioqe,0,0,0,0,2.2,6.0,4.0,2.0,6.75,2.0,1.0,2015,2014-15,San Francisco,sanfrancisco,michaelcastillo2hr2,Michael Castillo
Mar 12,home,Chabot,W,3-2,3,2,1,win,20150312_6817,0,1,0,0,1.2,1.0,1.0,0.0,0.0,0.0,1.0,2015,2014-15,San Francisco,sanfrancisco,michaelcastillo2hr2,Michael Castillo
Mar 17,home,Gavilan,W,2-1,2,1,1,win,20150317_nlfo,1,1,0,0,6.0,1.0,0.0,0.0,0.0,4.0,3.0,2015,2014-15,San Francisco,sanfrancisco,michaelcastillo2hr2,Michael Castillo
Mar 24,home,Monterey,L,13-3,13,3,10,win,20150324_56qn,1,0,0,0,6.0,3.0,2.0,2.0,3.0,2.0,3.0,2015,2014-15,San Francisco,sanfrancisco,michaelcastillo2hr2,Michael Castillo
Mar 31,home,Cabrillo,L,4-1,4,1,3,win,20150331_h45c,1,0,1,0,5.1,6.0,4.0,3.0,5.06,2.0,2.0,2015,2014-15,San Francisco,sanfrancisco,michaelcastillo2hr2,Michael Castillo
Apr 7,home,Skyline,L,11-4,11,4,7,win,20150407_e81i,1,0,1,0,3.1,8.0,8.0,8.0,21.6,1.0,0.0,2015,2014-15,San Francisco,sanfrancisco,michaelcastillo2hr2,Michael Castillo
Apr 14,home,San Mateo,L,5-3,5,3,2,win,20150414_7tpy,0,0,0,0,3.0,2.0,0.0,0.0,0.0,0.0,1.0,2015,2014-15,San Francisco,sanfrancisco,michaelcastillo2hr2,Michael Castillo
Apr 23,home,Mission,L,3-2,3,2,1,win,20150423_uhyi,1,0,0,0,7.1,6.0,2.0,2.0,2.45,5.0,7.0,2015,2014-15,San Francisco,sanfrancisco,michaelcastillo2hr2,Michael Castillo
Jan 29,home,San Diego Mesa,L,8-1,8,1,7,win,20150129_2v4m,0,0,0,0,0.0,,,,0.0,,,2015,2014-15,Ventura,ventura,carlossanchez659f,Carlos Sanchez
Jan 30,home,Cypress,L,4-3,4,3,1,win,20150130_gopd,0,0,0,0,0.0,,,,0.0,,,2015,2014-15,Ventura,ventura,carlossanchez659f,Carlos Sanchez
Jan 31,home,Cypress,L,11-4,11,4,7,win,20150131_q00k,0,0,0,0,0.0,,,,0.0,,,2015,2014-15,Ventura,ventura,carlossanchez659f,Carlos Sanchez
Feb 10,home,Citrus,L,4-2,4,2,2,win,20150210_nn81,0,0,0,0,0.0,,,,0.0,,,2015,2014-15,Ventura,ventura,carlossanchez659f,Carlos Sanchez
Feb 12,home,Mt. San Antonio,L,7-4,7,4,3,win,20150212_vx18,0,0,0,0,0.0,,,,0.0,,,2015,2014-15,Ventura,ventura,carlossanchez659f,Carlos Sanchez
Feb 14,home,Allan Hancock,L,5-1,5,1,4,win,20150214_2rav,0,0,0,0,0.0,,,,0.0,,,2015,2014-15,Ventura,ventura,carlossanchez659f,Carlos Sanchez
Feb 17,home,Allan Hancock,L,4-0,4,0,4,win,20150217_tdsh,0,0,0,0,0.0,,,,0.0,,,2015,2014-15,Ventura,ventura,carlossanchez659f,Carlos Sanchez
Feb 20,home,Pasadena,W,2-1,2,1,1,win,20150220_x4sf,0,0,0,0,0.0,,,,0.0,,,2015,2014-15,Ventura,ventura,carlossanchez659f,Carlos Sanchez
Feb 21,home,Citrus,W,6-2,6,2,4,win,20150221_89xb,0,0,0,0,0.0,,,,0.0,,,2015,2014-15,Ventura,ventura,carlossanchez659f,Carlos Sanchez
Feb 24,home,Moorpark,L,5-0,5,0,5,win,20150224_bz0q,0,0,0,0,0.0,,,,0.0,,,2015,2014-15,Ventura,ventura,carlossanchez659f,Carlos Sanchez
Mar 3,home,LA Pierce,L,3-2,3,2,1,win,20150303_3vcl,0,0,0,0,0.0,,,,0.0,,,2015,2014-15,Ventura,ventura,carlossanchez659f,Carlos Sanchez
Mar 5,home,Cuesta,L,3-0,3,0,3,win,20150305_mm1e,0,0,0,0,0.0,,,,0.0,,,2015,2014-15,Ventura,ventura,carlossanchez659f,Carlos Sanchez
Mar 12,home,Santa Barbara,L,12-1,12,1,11,win,20150312_p7ux,0,0,0,0,0.0,,,,0.0,,,2015,2014-15,Ventura,ventura,carlossanchez659f,Carlos Sanchez
Mar 14,home,Oxnard,L,9-4,9,4,5,win,20150314_gi3u,0,0,0,0,0.0,,,,0.0,,,2015,2014-15,Ventura,ventura,carlossanchez659f,Carlos Sanchez
Mar 17,home,Oxnard,L,7-3,7,3,4,win,20150317_9ss6,0,0,0,0,0.0,,,,0.0,,,2015,2014-15,Ventura,ventura,carlossanchez659f,Carlos Sanchez
Mar 21,home,Allan Hancock,L,2-1,2,1,1,win,20150321_1h58,0,0,0,0,0.0,,,,0.0,,,2015,2014-15,Ventura,ventura,carlossanchez659f,Carlos Sanchez
Apr 2,home,Pasadena,W,8-5,8,5,3,win,20150402_2idy,0,0,0,0,0.0,,,,0.0,,,2015,2014-15,Ventura,ventura,carlossanchez659f,Carlos Sanchez
Apr 9,home,LA Pierce,L,8-1,8,1,7,win,20150409_3wm1,0,0,0,0,0.0,,,,0.0,,,2015,2014-15,Ventura,ventura,carlossanchez659f,Carlos Sanchez
Apr 10,home,Moorpark,W,10-5,10,5,5,win,20150410_a88y,0,0,0,0,0.0,,,,0.0,,,2015,2014-15,Ventura,ventura,carlossanchez659f,Carlos Sanchez
Apr 11,home,LA Pierce,L,9-8,9,8,1,win,20150411_28v7,0,0,0,0,0.0,,,,0.0,,,2015,2014-15,Ventura,ventura,carlossanchez659f,Carlos Sanchez
Apr 14,home,Cuesta,L,5-1,5,1,4,win,20150414_b5s3,0,0,0,0,0.0,,,,0.0,,,2015,2014-15,Ventura,ventura,carlossanchez659f,Carlos Sanchez
Apr 24,home,Oxnard,L,12-7,12,7,5,win,20150424_b3lg,0,0,0,0,0.0,,,,0.0,,,2015,2014-15,Ventura,ventura,carlossanchez659f,Carlos Sanchez
Jan 27,home,Glendale,W,6-5,6,5,1,win,20150127_bqi7,0,0,0,0,0.0,,,,0.0,,,2015,2014-15,Cerritos,cerritos,bennyarcepjlg,Benny Arce
Jan 29,home,Canyons,L,2-0,2,0,2,win,20150129_q9u1,0,0,0,0,0.0,,,,0.0,,,2015,2014-15,Cerritos,cerritos,bennyarcepjlg,Benny Arce
Feb 12,home,Mt. San Jacinto,L,5-3,5,3,2,win,20150212_aa3a,0,0,0,0,0.0,,,,0.0,,,2015,2014-15,Cerritos,cerritos,bennyarcepjlg,Benny Arce
Feb 14,home,Mt. San Jacinto,W,5-4,5,4,1,win,20150214_f9eu,0,0,0,0,0.0,,,,0.0,,,2015,2014-15,Cerritos,cerritos,bennyarcepjlg,Benny Arce
Feb 17,home,Santa Ana,L,7-2,7,2,5,win,20150217_r7yr,0,0,0,0,0.0,,,,0.0,,,2015,2014-15,Cerritos,cerritos,bennyarcepjlg,Benny Arce
Feb 20,home,Fullerton,L,5-1,5,1,4,win,20150220_d0sc,0,0,0,0,0.0,,,,0.0,,,2015,2014-15,Cerritos,cerritos,bennyarcepjlg,Benny Arce
Feb 24,home,Golden West,W,3-2,3,2,1,win,20150224_iydm,0,0,0,0,0.0,,,,0.0,,,2015,2014-15,Cerritos,cerritos,bennyarcepjlg,Benny Arce
Mar 4,home,Pasadena,W,5-4,5,4,1,win,20150304_2ge6,0,0,0,0,0.0,,,,0.0,,,2015,2014-15,Cerritos,cerritos,bennyarcepjlg,Benny Arce
Mar 5,home,Pasadena,W,14-3,14,3,11,win,20150305_q9yo,0,0,0,0,0.0,,,,0.0,,,2015,2014-15,Cerritos,cerritos,bennyarcepjlg,Benny Arce
Mar 7,home,Pasadena,W,5-0,5,0,5,win,20150307_w3ax,0,0,0,0,0.0,,,,0.0,,,2015,2014-15,Cerritos,cerritos,bennyarcepjlg,Benny Arce
Mar 10,home,Mt. San Antonio,L,4-1,4,1,3,win,20150310_6krv,0,0,0,0,0.0,,,,0.0,,,2015,2014-15,Cerritos,cerritos,bennyarcepjlg,Benny Arce
Mar 12,home,Mt. San Antonio,W,1-0,1,0,1,win,20150312_f5ok,0,0,0,0,0.0,,,,0.0,,,2015,2014-15,Cerritos,cerritos,bennyarcepjlg,Benny Arce
Mar 14,home,Mt. San Antonio,W,4-1,4,1,3,win,20150314_e09f,0,0,0,0,0.0,,,,0.0,,,2015,2014-15,Cerritos,cerritos,bennyarcepjlg,Benny Arce
Mar 17,home,Long Beach,L,3-0,3,0,3,win,20150317_311n,0,0,0,0,0.0,,,,0.0,,,2015,2014-15,Cerritos,cerritos,bennyarcepjlg,Benny Arce
Mar 19,home,Long Beach,W,11-2,11,2,9,win,20150319_pksn,0,0,0,0,0.0,,,,0.0,,,2015,2014-15,Cerritos,cerritos,bennyarcepjlg,Benny Arce
Mar 21,home,Long Beach,L,3-2,3,2,1,win,20150321_560e,0,0,0,0,0.0,,,,0.0,,,2015,2014-15,Cerritos,cerritos,bennyarcepjlg,Benny Arce
Mar 24,home,El Camino-Compton Center,W,1-0,1,0,1,win,20150324_830h,0,0,0,0,0.0,,,,0.0,,,2015,2014-15,Cerritos,cerritos,bennyarcepjlg,Benny Arce
Mar 26,home,El Camino-Compton Center,L,5-1,5,1,4,win,20150326_shcq,0,0,0,0,0.0,,,,0.0,,,2015,2014-15,Cerritos,cerritos,bennyarcepjlg,Benny Arce
Mar 28,home,El Camino-Compton Center,L,2-1,2,1,1,win,20150328_1ngb,0,0,0,0,0.0,,,,0.0,,,2015,2014-15,Cerritos,cerritos,bennyarcepjlg,Benny Arce
Mar 31,home,Fresno City,L,9-0,9,0,9,win,20150331_mkza,0,0,0,0,0.0,,,,0.0,,,2015,2014-15,Cerritos,cerritos,bennyarcepjlg,Benny Arce
Apr 1,home,Merced,W,10-1,10,1,9,win,20150401_hd07,0,0,0,0,0.0,,,,0.0,,,2015,2014-15,Cerritos,cerritos,bennyarcepjlg,Benny Arce
Apr 2,home,Canyons,W,6-5,6,5,1,win,20150402_e3pi,0,0,0,0,0.0,,,,0.0,,,2015,2014-15,Cerritos,cerritos,bennyarcepjlg,Benny Arce
Apr 7,home,East Los Angeles,W,3-2,3,2,1,win,20150407_8uos,0,0,0,0,0.0,,,,0.0,,,2015,2014-15,Cerritos,cerritos,bennyarcepjlg,Benny Arce
Apr 9,home,East Los Angeles,W,6-1,6,1,5,win,20150409_jus8,0,0,0,0,0.0,,,,0.0,,,2015,2014-15,Cerritos,cerritos,bennyarcepjlg,Benny Arce
Apr 11,home,East Los Angeles,W,9-1,9,1,8,win,20150411_z29t,0,0,0,0,0.0,,,,0.0,,,2015,2014-15,Cerritos,cerritos,bennyarcepjlg,Benny Arce
Apr 14,home,El Camino,L,6-0,6,0,6,win,20150414_se2j,0,0,0,0,0.0,,,,0.0,,,2015,2014-15,Cerritos,cerritos,bennyarcepjlg,Benny Arce
Apr 16,home,El Camino,W,10-2,10,2,8,win,20150416_e5ss,0,0,0,0,0.0,,,,0.0,,,2015,2014-15,Cerritos,cerritos,bennyarcepjlg,Benny Arce
Apr 18,home,El Camino,W,7-6,7,6,1,win,20150418_a4y6,0,0,0,0,0.0,,,,0.0,,,2015,2014-15,Cerritos,cerritos,bennyarcepjlg,Benny Arce
Apr 21,home,LA Harbor,L,8-4,8,4,4,win,20150421_kxc2,0,0,0,0,0.0,,,,0.0,,,2015,2014-15,Cerritos,cerritos,bennyarcepjlg,Benny Arce
Apr 23,home,LA Harbor,W,5-1,5,1,4,win,20150423_6yej,0,0,0,0,0.0,,,,0.0,,,2015,2014-15,Cerritos,cerritos,bennyarcepjlg,Benny Arce
Apr 24,home,LA Harbor,W,7-0,7,0,7,win,20150424_xanb,0,0,0,0,0.0,,,,0.0,,,2015,2014-15,Cerritos,cerritos,bennyarcepjlg,Benny Arce
Apr 28,home,Riverside,L,6-2,6,2,4,win,20150428_bbuq,0,0,0,0,0.0,,,,0.0,,,2015,2014-15,Cerritos,cerritos,bennyarcepjlg,Benny Arce
Jan 30,home,El Camino,L,9-0,9,0,9,win,20150130_ukn8,0,0,0,0,0.0,,,,0.0,,,2015,2014-15,Bakersfield,bakersfield,timbillingsleygnk7,Tim Billingsley
Feb 6,home,Hartnell,W,11-7,11,7,4,win,20150206_uhin,0,0,0,0,0.0,,,,0.0,,,2015,2014-15,Bakersfield,bakersfield,timbillingsleygnk7,Tim Billingsley
Feb 12,home,Moorpark,L,4-2,4,2,2,win,20150212_h4hg,0,0,0,0,0.0,,,,0.0,,,2015,2014-15,Bakersfield,bakersfield,timbillingsleygnk7,Tim Billingsley
Feb 13,home,Sequoias,L,11-3,11,3,8,win,20150213_btnq,0,0,0,0,0.0,,,,0.0,,,2015,2014-15,Bakersfield,bakersfield,timbillingsleygnk7,Tim Billingsley
Feb 20,home,Golden West,L,8-5,8,5,3,win,20150220_t7eh,0,0,0,0,0.0,,,,0.0,,,2015,2014-15,Bakersfield,bakersfield,timbillingsleygnk7,Tim Billingsley
Mar 5,home,LA Mission,L,6-2,6,2,4,win,20150305_bt7e,0,0,0,0,0.0,,,,0.0,,,2015,2014-15,Bakersfield,bakersfield,timbillingsleygnk7,Tim Billingsley
Mar 7,home,Glendale,L,5-3,5,3,2,win,20150307_9z9d,0,0,0,0,0.0,,,,0.0,,,2015,2014-15,Bakersfield,bakersfield,timbillingsleygnk7,Tim Billingsley
Mar 10,home,Antelope Valley,W,7-6,7,6,1,win,20150310_uj4o,0,0,0,0,0.0,,,,0.0,,,2015,2014-15,Bakersfield,bakersfield,timbillingsleygnk7,Tim Billingsley
Mar 12,home,West LA,W,12-4,12,4,8,win,20150312_czlz,0,0,0,0,0.0,,,,0.0,,,2015,2014-15,Bakersfield,bakersfield,timbillingsleygnk7,Tim Billingsley
Mar 14,home,Canyons,W,7-6,7,6,1,win,20150314_caf2,0,0,0,0,0.0,,,,0.0,,,2015,2014-15,Bakersfield,bakersfield,timbillingsleygnk7,Tim Billingsley
Mar 17,home,LA Valley,L,10-7,10,7,3,win,20150317_hvel,0,0,0,0,0.0,,,,0.0,,,2015,2014-15,Bakersfield,bakersfield,timbillingsleygnk7,Tim Billingsley
Mar 19,home,Citrus,W,9-7,9,7,2,win,20150319_v3jx,0,0,0,0,0.0,,,,0.0,,,2015,2014-15,Bakersfield,bakersfield,timbillingsleygnk7,Tim Billingsley
Mar 21,home,Citrus,L,6-3,6,3,3,win,20150321_3zzk,0,0,0,0,0.0,,,,0.0,,,2015,2014-15,Bakersfield,bakersfield,timbillingsleygnk7,Tim Billingsley
Mar 26,home,LA Mission,L,7-2,7,2,5,win,20150326_aogt,0,0,0,0,0.0,,,,0.0,,,2015,2014-15,Bakersfield,bakersfield,timbillingsleygnk7,Tim Billingsley
Apr 14,home,West LA,W,9-5,9,5,4,win,20150414_3sb4,0,0,0,0,0.0,,,,0.0,,,2015,2014-15,Bakersfield,bakersfield,timbillingsleygnk7,Tim Billingsley
Apr 16,home,West LA,L,12-4,12,4,8,win,20150416_gjn0,0,0,0,0,0.0,,,,0.0,,,2015,2014-15,Bakersfield,bakersfield,timbillingsleygnk7,Tim Billingsley
Feb 3,home,San Joaquin  Delta,L,12-7,12,7,5,win,20150203_eorq,0,0,0,0,0.0,,,,0.0,,,2015,2014-15,West Valley,westvalley,mattmelotto4tt,Matt Melott
Apr 11,home,Chabot,L,21-9,21,9,12,win,20150411_9xwn,0,0,0,0,0.0,0.0,0.0,0.0,0.0,0.0,0.0,2015,2014-15,West Valley,westvalley,mattmelotto4tt,Matt Melott
Mar 17,home,Imperial Valley,L,10-9,10,9,1,win,20150317_loc3,0,0,0,0,0.0,,,,0.0,,,2015,2014-15,Grossmont,grossmont,rcarbucciahc2u,R Carbuccia
Mar 19,home,Imperial Valley,W,5-1,5,1,4,win,20150319_ml9q,0,0,0,0,0.0,,,,0.0,,,2015,2014-15,Grossmont,grossmont,rcarbucciahc2u,R Carbuccia
Mar 20,home,Imperial Valley,W,7-4,7,4,3,win,20150320_n7us,0,0,0,0,0.0,,,,0.0,,,2015,2014-15,Grossmont,grossmont,rcarbucciahc2u,R Carbuccia
Mar 24,home,Southwestern,L,5-2,5,2,3,win,20150324_suh6,0,0,0,0,0.0,,,,0.0,,,2015,2014-15,Grossmont,grossmont,rcarbucciahc2u,R Carbuccia
Mar 28,home,Southwestern,L,10-4,10,4,6,win,20150328_8kz7,0,0,0,0,0.0,,,,0.0,,,2015,2014-15,Grossmont,grossmont,rcarbucciahc2u,R Carbuccia
Mar 31,home,Mt. San Jacinto,W,9-8,9,8,1,win,20150331_xpc6,0,0,0,0,0.0,,,,0.0,,,2015,2014-15,Grossmont,grossmont,rcarbucciahc2u,R Carbuccia
Apr 2,home,Mt. San Jacinto,W,12-6,12,6,6,win,20150402_yzpu,0,0,0,0,0.0,,,,0.0,,,2015,2014-15,Grossmont,grossmont,rcarbucciahc2u,R Carbuccia
Apr 3,home,Mt. San Jacinto,L,5-0,5,0,5,win,20150403_o101,0,0,0,0,0.0,,,,0.0,,,2015,2014-15,Grossmont,grossmont,rcarbucciahc2u,R Carbuccia
Apr 7,home,San Diego City,W,7-2,7,2,5,win,20150407_pozz,0,0,0,0,0.0,,,,0.0,,,2015,2014-15,Grossmont,grossmont,rcarbucciahc2u,R Carbuccia
Apr 9,home,San Diego City,L,6-5,6,5,1,win,20150409_ybwt,0,0,0,0,0.0,,,,0.0,,,2015,2014-15,Grossmont,grossmont,rcarbucciahc2u,R Carbuccia
Apr 10,home,San Diego City,W,6-2,6,2,4,win,20150410_k39j,0,0,0,0,0.0,,,,0.0,,,2015,2014-15,Grossmont,grossmont,rcarbucciahc2u,R Carbuccia
Apr 14,home,Palomar,L,8-0,8,0,8,win,20150414_a8pt,0,0,0,0,0.0,,,,0.0,,,2015,2014-15,Grossmont,grossmont,rcarbucciahc2u,R Carbuccia
Apr 16,home,Palomar,L,4-2,4,2,2,win,20150416_b5wi,0,0,0,0,0.0,,,,0.0,,,2015,2014-15,Grossmont,grossmont,rcarbucciahc2u,R Carbuccia
Apr 17,home,Palomar,L,4-2,4,2,2,win,20150417_1zye,0,0,0,0,0.0,,,,0.0,,,2015,2014-15,Grossmont,grossmont,rcarbucciahc2u,R Carbuccia
Apr 21,home,San Diego Mesa,W,5-4,5,4,1,win,20150421_ubnm,0,0,0,0,0.0,,,,0.0,,,2015,2014-15,Grossmont,grossmont,rcarbucciahc2u,R Carbuccia
Apr 23,home,San Diego Mesa,W,10-3,10,3,7,win,20150423_afub,0,0,0,0,0.0,,,,0.0,,,2015,2014-15,Grossmont,grossmont,rcarbucciahc2u,R Carbuccia
Apr 24,home,San Diego Mesa,W,5-1,5,1,4,win,20150424_p8x8,0,0,0,0,0.0,,,,0.0,,,2015,2014-15,Grossmont,grossmont,rcarbucciahc2u,R Carbuccia
Jan 27,home,Cypress,L,7-3,7,3,4,win,20150127_n9zn,0,0,0,0,0.0,,,,0.0,,,2015,2014-15,Grossmont,grossmont,kkrueger34ot,K Krueger
Jan 30,home,Victor Valley,W,7-4,7,4,3,win,20150130_prww,0,0,0,0,0.0,,,,0.0,,,2015,2014-15,Grossmont,grossmont,kkrueger34ot,K Krueger
Jan 31,home,Long Beach,W,7-0,7,0,7,win,20150131_dmk2,0,0,0,0,0.0,,,,0.0,,,2015,2014-15,Grossmont,grossmont,kkrueger34ot,K Krueger
Feb 3,home,Long Beach,W,6-3,6,3,3,win,20150203_plrl,0,0,0,0,0.0,,,,0.0,,,2015,2014-15,Grossmont,grossmont,kkrueger34ot,K Krueger
Feb 5,home,Fullerton,L,22-3,22,3,19,win,20150205_r1ib,0,0,0,0,0.0,,,,0.0,,,2015,2014-15,Grossmont,grossmont,kkrueger34ot,K Krueger
Feb 6,home,LA Harbor,W,5-3,5,3,2,win,20150206_q7le,0,0,0,0,0.0,,,,0.0,,,2015,2014-15,Grossmont,grossmont,kkrueger34ot,K Krueger
Feb 7,home,Chaffey,L,3-1,3,1,2,win,20150207_hc1j,0,0,0,0,0.0,,,,0.0,,,2015,2014-15,Grossmont,grossmont,kkrueger34ot,K Krueger
Feb 10,home,Santa Ana,L,11-10,11,10,1,win,20150210_llg1,0,0,0,0,0.0,,,,0.0,,,2015,2014-15,Grossmont,grossmont,kkrueger34ot,K Krueger
Feb 14,home,Chaffey,W,3-2,3,2,1,win,20150214_wgc2,0,0,0,0,0.0,,,,0.0,,,2015,2014-15,Grossmont,grossmont,kkrueger34ot,K Krueger
Feb 17,home,West LA,W,5-0,5,0,5,win,20150217_ooup,0,0,0,0,0.0,,,,0.0,,,2015,2014-15,Grossmont,grossmont,kkrueger34ot,K Krueger
Feb 20,home,East Los Angeles,L,5-3,5,3,2,win,20150220_zj06,0,0,0,0,0.0,,,,0.0,,,2015,2014-15,Grossmont,grossmont,kkrueger34ot,K Krueger
Feb 21,home,LA Harbor,L,22-12,22,12,10,win,20150221_ujsj,0,0,0,0,0.0,,,,0.0,,,2015,2014-15,Grossmont,grossmont,kkrueger34ot,K Krueger
Feb 24,home,Imperial Valley,W,8-4,8,4,4,win,20150224_8vh8,0,0,0,0,0.0,,,,0.0,,,2015,2014-15,Grossmont,grossmont,kkrueger34ot,K Krueger
Feb 26,home,Southwestern,L,3-2,3,2,1,win,20150226_o1yl,0,0,0,0,0.0,,,,0.0,,,2015,2014-15,Grossmont,grossmont,kkrueger34ot,K Krueger
Feb 27,home,Mt. San Jacinto,L,10-2,10,2,8,win,20150227_8snh,0,0,0,0,0.0,,,,0.0,,,2015,2014-15,Grossmont,grossmont,kkrueger34ot,K Krueger
Mar 4,home,San Diego City,W,10-2,10,2,8,win,20150304_hnvp,0,0,0,0,0.0,,,,0.0,,,2015,2014-15,Grossmont,grossmont,kkrueger34ot,K Krueger
Mar 5,home,Palomar,L,4-3,4,3,1,win,20150305_1buo,0,0,0,0,0.0,,,,0.0,,,2015,2014-15,Grossmont,grossmont,kkrueger34ot,K Krueger
Mar 7,home,San Diego Mesa,W,6-5,6,5,1,win,20150307_iy38,0,0,0,0,0.0,,,,0.0,,,2015,2014-15,Grossmont,grossmont,kkrueger34ot,K Krueger
Mar 17,home,Imperial Valley,L,10-9,10,9,1,win,20150317_loc3,0,0,0,0,0.0,,,,0.0,,,2015,2014-15,Grossmont,grossmont,kkrueger34ot,K Krueger
Mar 19,home,Imperial Valley,W,5-1,5,1,4,win,20150319_ml9q,0,0,0,0,0.0,,,,0.0,,,2015,2014-15,Grossmont,grossmont,kkrueger34ot,K Krueger
Mar 20,home,Imperial Valley,W,7-4,7,4,3,win,20150320_n7us,0,0,0,0,0.0,,,,0.0,,,2015,2014-15,Grossmont,grossmont,kkrueger34ot,K Krueger
Mar 24,home,Southwestern,L,5-2,5,2,3,win,20150324_suh6,0,0,0,0,0.0,,,,0.0,,,2015,2014-15,Grossmont,grossmont,kkrueger34ot,K Krueger
Mar 26,home,Southwestern,L,5-4,5,4,1,win,20150326_a0mu,0,0,0,0,0.0,,,,0.0,,,2015,2014-15,Grossmont,grossmont,kkrueger34ot,K Krueger
Mar 28,home,Southwestern,L,10-4,10,4,6,win,20150328_8kz7,0,0,0,0,0.0,,,,0.0,,,2015,2014-15,Grossmont,grossmont,kkrueger34ot,K Krueger
Mar 31,home,Mt. San Jacinto,W,9-8,9,8,1,win,20150331_xpc6,0,0,0,0,0.0,,,,0.0,,,2015,2014-15,Grossmont,grossmont,kkrueger34ot,K Krueger
Apr 2,home,Mt. San Jacinto,W,12-6,12,6,6,win,20150402_yzpu,0,0,0,0,0.0,,,,0.0,,,2015,2014-15,Grossmont,grossmont,kkrueger34ot,K Krueger
Apr 3,home,Mt. San Jacinto,L,5-0,5,0,5,win,20150403_o101,0,0,0,0,0.0,,,,0.0,,,2015,2014-15,Grossmont,grossmont,kkrueger34ot,K Krueger
Apr 7,home,San Diego City,W,7-2,7,2,5,win,20150407_pozz,0,0,0,0,0.0,,,,0.0,,,2015,2014-15,Grossmont,grossmont,kkrueger34ot,K Krueger
Apr 9,home,San Diego City,L,6-5,6,5,1,win,20150409_ybwt,0,0,0,0,0.0,,,,0.0,,,2015,2014-15,Grossmont,grossmont,kkrueger34ot,K Krueger
Apr 10,home,San Diego City,W,6-2,6,2,4,win,20150410_k39j,0,0,0,0,0.0,,,,0.0,,,2015,2014-15,Grossmont,grossmont,kkrueger34ot,K Krueger
Apr 14,home,Palomar,L,8-0,8,0,8,win,20150414_a8pt,0,0,0,0,0.0,,,,0.0,,,2015,2014-15,Grossmont,grossmont,kkrueger34ot,K Krueger
Apr 16,home,Palomar,L,4-2,4,2,2,win,20150416_b5wi,0,0,0,0,0.0,,,,0.0,,,2015,2014-15,Grossmont,grossmont,kkrueger34ot,K Krueger
Apr 17,home,Palomar,L,4-2,4,2,2,win,20150417_1zye,0,0,0,0,0.0,,,,0.0,,,2015,2014-15,Grossmont,grossmont,kkrueger34ot,K Krueger
Apr 21,home,San Diego Mesa,W,5-4,5,4,1,win,20150421_ubnm,0,0,0,0,0.0,,,,0.0,,,2015,2014-15,Grossmont,grossmont,kkrueger34ot,K Krueger
Apr 23,home,San Diego Mesa,W,10-3,10,3,7,win,20150423_afub,0,0,0,0,0.0,,,,0.0,,,2015,2014-15,Grossmont,grossmont,kkrueger34ot,K Krueger
Apr 24,home,San Diego Mesa,W,5-1,5,1,4,win,20150424_p8x8,0,0,0,0,0.0,,,,0.0,,,2015,2014-15,Grossmont,grossmont,kkrueger34ot,K Krueger
Jan 29,home,Cabrillo,L,8-4,8,4,4,win,20150129_ttjc,0,0,0,0,0.0,,,,0.0,,,2015,2014-15,Diablo Valley,diablovalley,atticussoaneafrk,Atticus Soane
Jan 31,home,Merced,W,7-6,7,6,1,win,20150131_j4h5,0,0,0,0,0.0,,,,0.0,,,2015,2014-15,Diablo Valley,diablovalley,atticussoaneafrk,Atticus Soane
Feb 3,home,San Mateo,L,1-0,1,0,1,win,20150203_x4de,0,0,0,0,0.0,,,,0.0,,,2015,2014-15,Diablo Valley,diablovalley,atticussoaneafrk,Atticus Soane
Feb 4,home,Mendocino,L,6-5,6,5,1,win,20150204_wf87,0,0,0,0,0.0,,,,0.0,,,2015,2014-15,Diablo Valley,diablovalley,atticussoaneafrk,Atticus Soane
Feb 10,home,Marin,L,7-3,7,3,4,win,20150210_apvo,0,0,0,0,0.0,,,,0.0,,,2015,2014-15,Diablo Valley,diablovalley,atticussoaneafrk,Atticus Soane
Feb 12,home,Mission,W,4-3,4,3,1,win,20150212_qjz8,0,0,0,0,0.0,,,,0.0,,,2015,2014-15,Diablo Valley,diablovalley,atticussoaneafrk,Atticus Soane
Feb 13,home,Laney,L,16-4,16,4,12,win,20150213_gm0a,0,0,0,0,0.0,,,,0.0,,,2015,2014-15,Diablo Valley,diablovalley,atticussoaneafrk,Atticus Soane
Feb 17,home,Los Medanos,L,6-4,6,4,2,win,20150217_vxqo,0,0,0,0,0.0,,,,0.0,,,2015,2014-15,Diablo Valley,diablovalley,atticussoaneafrk,Atticus Soane
Feb 19,home,Los Medanos,L,6-5,6,5,1,win,20150219_56ty,0,0,0,0,0.0,,,,0.0,,,2015,2014-15,Diablo Valley,diablovalley,atticussoaneafrk,Atticus Soane
Feb 21,home,Marin,L,7-6,7,6,1,win,20150221_bnll,0,0,0,0,0.0,,,,0.0,,,2015,2014-15,Diablo Valley,diablovalley,atticussoaneafrk,Atticus Soane
Feb 26,home,American River,W,6-4,6,4,2,win,20150226_736p,0,0,0,0,0.0,,,,0.0,,,2015,2014-15,Diablo Valley,diablovalley,atticussoaneafrk,Atticus Soane
Mar 3,home,Sacramento City,L,14-4,14,4,10,win,20150303_f5ch,0,0,0,0,0.0,,,,0.0,,,2015,2014-15,Diablo Valley,diablovalley,atticussoaneafrk,Atticus Soane
Mar 5,home,Santa Rosa,L,4-1,4,1,3,win,20150305_2pts,0,0,0,0,0.0,,,,0.0,,,2015,2014-15,Diablo Valley,diablovalley,atticussoaneafrk,Atticus Soane
Mar 6,home,American River,L,4-3,4,3,1,win,20150306_ptlm,0,0,0,0,0.0,,,,0.0,,,2015,2014-15,Diablo Valley,diablovalley,atticussoaneafrk,Atticus Soane
Mar 10,home,Modesto,W,8-7,8,7,1,win,20150310_mzzp,0,0,0,0,0.0,,,,0.0,,,2015,2014-15,Diablo Valley,diablovalley,atticussoaneafrk,Atticus Soane
Mar 12,home,Modesto,W,5-4,5,4,1,win,20150312_w259,0,0,0,0,0.0,,,,0.0,,,2015,2014-15,Diablo Valley,diablovalley,atticussoaneafrk,Atticus Soane
Mar 14,home,Modesto,W,8-6,8,6,2,win,20150314_t7tq,0,0,0,0,0.0,,,,0.0,,,2015,2014-15,Diablo Valley,diablovalley,atticussoaneafrk,Atticus Soane
Mar 17,home,Sierra,L,7-3,7,3,4,win,20150317_da0f,0,0,0,0,0.0,,,,0.0,,,2015,2014-15,Diablo Valley,diablovalley,atticussoaneafrk,Atticus Soane
Mar 19,home,Sierra,W,4-2,4,2,2,win,20150319_t8vw,0,0,0,0,0.0,,,,0.0,,,2015,2014-15,Diablo Valley,diablovalley,atticussoaneafrk,Atticus Soane
Mar 20,home,Sierra,L,3-0,3,0,3,win,20150320_5klk,0,0,0,0,0.0,,,,0.0,,,2015,2014-15,Diablo Valley,diablovalley,atticussoaneafrk,Atticus Soane
Mar 24,home,Santa Rosa,L,5-4,5,4,1,win,20150324_zdvg,0,0,0,0,0.0,,,,0.0,,,2015,2014-15,Diablo Valley,diablovalley,atticussoaneafrk,Atticus Soane
Mar 26,home,Santa Rosa,L,11-5,11,5,6,win,20150326_fj6n,0,0,0,0,0.0,,,,0.0,,,2015,2014-15,Diablo Valley,diablovalley,atticussoaneafrk,Atticus Soane
Mar 27,home,Santa Rosa,L,8-2,8,2,6,win,20150327_3hwl,0,0,0,0,0.0,,,,0.0,,,2015,2014-15,Diablo Valley,diablovalley,atticussoaneafrk,Atticus Soane
Mar 31,home,Sacramento City,L,4-1,4,1,3,win,20150331_971e,0,0,0,0,0.0,,,,0.0,,,2015,2014-15,Diablo Valley,diablovalley,atticussoaneafrk,Atticus Soane
Apr 2,home,Sacramento City,L,6-4,6,4,2,win,20150402_0uvv,0,0,0,0,0.0,,,,0.0,,,2015,2014-15,Diablo Valley,diablovalley,atticussoaneafrk,Atticus Soane
Apr 4,home,Sacramento City,L,10-6,10,6,4,win,20150404_9hqa,0,0,0,0,0.0,,,,0.0,,,2015,2014-15,Diablo Valley,diablovalley,atticussoaneafrk,Atticus Soane
Apr 8,home,Cosumnes River,L,2-0,2,0,2,win,20150408_5nxc,0,0,0,0,0.0,,,,0.0,,,2015,2014-15,Diablo Valley,diablovalley,atticussoaneafrk,Atticus Soane
Apr 9,home,Cosumnes River,W,6-5,6,5,1,win,20150409_om2c,0,0,0,0,0.0,,,,0.0,,,2015,2014-15,Diablo Valley,diablovalley,atticussoaneafrk,Atticus Soane
Apr 11,home,Cosumnes River,L,12-4,12,4,8,win,20150411_vccl,0,0,0,0,0.0,,,,0.0,,,2015,2014-15,Diablo Valley,diablovalley,atticussoaneafrk,Atticus Soane
Apr 14,home,San Joaquin  Delta,L,8-2,8,2,6,win,20150414_as94,0,0,0,0,0.0,,,,0.0,,,2015,2014-15,Diablo Valley,diablovalley,atticussoaneafrk,Atticus Soane
Apr 16,home,San Joaquin  Delta,L,7-0,7,0,7,win,20150416_tl2k,0,0,0,0,0.0,,,,0.0,,,2015,2014-15,Diablo Valley,diablovalley,atticussoaneafrk,Atticus Soane
Apr 17,home,San Joaquin  Delta,L,1-0,1,0,1,win,20150417_ftss,0,0,0,0,0.0,,,,0.0,,,2015,2014-15,Diablo Valley,diablovalley,atticussoaneafrk,Atticus Soane
Apr 21,home,American River,L,4-1,4,1,3,win,20150421_s4y3,0,0,0,0,0.0,,,,0.0,,,2015,2014-15,Diablo Valley,diablovalley,atticussoaneafrk,Atticus Soane
Apr 23,home,American River,W,15-7,15,7,8,win,20150423_2ccc,0,0,0,0,0.0,,,,0.0,,,2015,2014-15,Diablo Valley,diablovalley,atticussoaneafrk,Atticus Soane
Apr 24,home,American River,L,9-8,9,8,1,win,20150424_ww5s,0,0,0,0,0.0,,,,0.0,,,2015,2014-15,Diablo Valley,diablovalley,atticussoaneafrk,Atticus Soane
Jan 27,home,LA Pierce,W,8-3,8,3,5,win,20150127_ys4r,0,0,0,0,0.0,,,,0.0,,,2015,2014-15,Canyons,canyons,dylanfreyrew2wf,Dylan Freyre
Jan 29,home,Cerritos,W,2-0,2,0,2,win,20150129_q9u1,0,0,0,0,0.0,,,,0.0,,,2015,2014-15,Canyons,canyons,dylanfreyrew2wf,Dylan Freyre
Jan 31,home,Mt. San Antonio,L,6-5,6,5,1,win,20150131_sqg3,0,0,0,0,0.0,,,,0.0,,,2015,2014-15,Canyons,canyons,dylanfreyrew2wf,Dylan Freyre
Feb 3,home,Rio Hondo,L,2-1,2,1,1,win,20150203_ey3n,0,0,0,0,0.0,,,,0.0,,,2015,2014-15,Canyons,canyons,dylanfreyrew2wf,Dylan Freyre
Feb 5,home,Allan Hancock,W,13-2,13,2,11,win,20150205_4vnc,0,0,0,0,0.0,,,,0.0,,,2015,2014-15,Canyons,canyons,dylanfreyrew2wf,Dylan Freyre
Feb 7,home,San Diego Mesa,W,8-2,8,2,6,win,20150207_3tw9,0,0,0,0,0.0,,,,0.0,,,2015,2014-15,Canyons,canyons,dylanfreyrew2wf,Dylan Freyre
Feb 12,home,Allan Hancock,W,2-1,2,1,1,win,20150212_rchf,0,0,0,0,0.0,,,,0.0,,,2015,2014-15,Canyons,canyons,dylanfreyrew2wf,Dylan Freyre
Feb 17,home,Cerro Coso,W,19-2,19,2,17,win,20150217_8832,0,0,0,0,0.0,,,,0.0,,,2015,2014-15,Canyons,canyons,dylanfreyrew2wf,Dylan Freyre
Feb 19,home,Orange Coast,L,4-3,4,3,1,win,20150219_yf0u,0,0,0,0,0.0,,,,0.0,,,2015,2014-15,Canyons,canyons,dylanfreyrew2wf,Dylan Freyre
Feb 21,home,Orange Coast,W,5-4,5,4,1,win,20150221_rzec,0,0,0,0,0.0,,,,0.0,,,2015,2014-15,Canyons,canyons,dylanfreyrew2wf,Dylan Freyre
Feb 26,home,Cosumnes River,L,5-3,5,3,2,win,20150226_3lka,0,0,0,0,0.0,,,,0.0,,,2015,2014-15,Canyons,canyons,dylanfreyrew2wf,Dylan Freyre
Feb 27,home,Cosumnes River,L,9-6,9,6,3,win,20150227_qrhk,0,0,0,0,0.0,,,,0.0,,,2015,2014-15,Canyons,canyons,dylanfreyrew2wf,Dylan Freyre
Mar 3,home,Antelope Valley,W,5-4,5,4,1,win,20150303_t1a0,0,0,0,0,0.0,,,,0.0,,,2015,2014-15,Canyons,canyons,dylanfreyrew2wf,Dylan Freyre
Mar 5,home,Citrus,W,7-3,7,3,4,win,20150305_aord,0,0,0,0,0.0,,,,0.0,,,2015,2014-15,Canyons,canyons,dylanfreyrew2wf,Dylan Freyre
Mar 7,home,LA Valley,W,4-0,4,0,4,win,20150307_8aw0,0,0,0,0,0.0,,,,0.0,,,2015,2014-15,Canyons,canyons,dylanfreyrew2wf,Dylan Freyre
Mar 10,home,West LA,W,8-0,8,0,8,win,20150310_1jzj,0,0,0,0,0.0,,,,0.0,,,2015,2014-15,Canyons,canyons,dylanfreyrew2wf,Dylan Freyre
Mar 12,home,LA Mission,W,3-2,3,2,1,win,20150312_8drc,0,0,0,0,0.0,,,,0.0,,,2015,2014-15,Canyons,canyons,dylanfreyrew2wf,Dylan Freyre
Mar 14,home,Bakersfield,L,7-6,7,6,1,win,20150314_caf2,0,0,0,0,0.0,,,,0.0,,,2015,2014-15,Canyons,canyons,dylanfreyrew2wf,Dylan Freyre
Mar 17,home,Glendale,L,10-3,10,3,7,win,20150317_jszu,0,0,0,0,0.0,,,,0.0,,,2015,2014-15,Canyons,canyons,dylanfreyrew2wf,Dylan Freyre
Apr 8,home,LA Valley,W,3-2,3,2,1,win,20150408_x3sz,0,0,0,0,0.0,,,,0.0,,,2015,2014-15,Canyons,canyons,dylanfreyrew2wf,Dylan Freyre
Apr 9,home,West LA,W,18-5,18,5,13,win,20150409_kn08,0,0,0,0,0.0,,,,0.0,,,2015,2014-15,Canyons,canyons,dylanfreyrew2wf,Dylan Freyre
Apr 11,home,West LA,L,7-3,7,3,4,win,20150411_xksz,0,0,0,0,0.0,,,,0.0,,,2015,2014-15,Canyons,canyons,dylanfreyrew2wf,Dylan Freyre
Apr 14,home,LA Mission,L,9-7,9,7,2,win,20150414_q2ld,0,0,0,0,0.0,,,,0.0,,,2015,2014-15,Canyons,canyons,dylanfreyrew2wf,Dylan Freyre
Apr 16,home,LA Mission,L,3-0,3,0,3,win,20150416_70b9,0,0,0,0,0.0,,,,0.0,,,2015,2014-15,Canyons,canyons,dylanfreyrew2wf,Dylan Freyre
Apr 18,home,Bakersfield,L,8-4,8,4,4,win,20150418_i4pe,0,0,0,0,0.0,,,,0.0,,,2015,2014-15,Canyons,canyons,dylanfreyrew2wf,Dylan Freyre
Apr 21,home,Bakersfield,W,7-5,7,5,2,win,20150421_rz4d,0,0,0,0,0.0,,,,0.0,,,2015,2014-15,Canyons,canyons,dylanfreyrew2wf,Dylan Freyre
Apr 23,home,Glendale,W,7-3,7,3,4,win,20150423_749f,0,0,0,0,0.0,,,,0.0,,,2015,2014-15,Canyons,canyons,dylanfreyrew2wf,Dylan Freyre
Apr 24,home,Glendale,L,8-6,8,6,2,win,20150424_ozvx,0,0,0,0,0.0,,,,0.0,,,2015,2014-15,Canyons,canyons,dylanfreyrew2wf,Dylan Freyre
Feb 3,home,Glendale,W,7-2,7,2,5,win,20150203_gcef,0,0,0,0,0.0,,,,0.0,,,2015,2014-15,LA Pierce,lapierce,jasonmckeeverroweaz5o,Jason McKeever/rowe
Feb 5,home,Mt. San Antonio,W,12-11,12,11,1,win,20150205_1j5k,0,0,0,0,0.0,,,,0.0,,,2015,2014-15,LA Pierce,lapierce,jasonmckeeverroweaz5o,Jason McKeever/rowe
Feb 6,home,LA Valley,L,17-4,17,4,13,win,20150206_h4kz,0,0,0,0,0.0,,,,0.0,,,2015,2014-15,LA Pierce,lapierce,jasonmckeeverroweaz5o,Jason McKeever/rowe
Feb 7,home,LA Valley,L,9-7,9,7,2,win,20150207_mgmf,0,0,0,0,0.0,,,,0.0,,,2015,2014-15,LA Pierce,lapierce,jasonmckeeverroweaz5o,Jason McKeever/rowe
Feb 12,home,Glendale,L,6-5,6,5,1,win,20150212_td24,0,0,0,0,0.0,,,,0.0,,,2015,2014-15,LA Pierce,lapierce,jasonmckeeverroweaz5o,Jason McKeever/rowe
Feb 28,home,Ventura,W,6-2,6,2,4,win,20150228_82z4,0,0,0,0,0.0,,,,0.0,,,2015,2014-15,LA Pierce,lapierce,jasonmckeeverroweaz5o,Jason McKeever/rowe
Mar 3,home,Ventura,W,3-2,3,2,1,win,20150303_3vcl,0,0,0,0,0.0,,,,0.0,,,2015,2014-15,LA Pierce,lapierce,jasonmckeeverroweaz5o,Jason McKeever/rowe
Mar 7,home,Santa Barbara,L,13-2,13,2,11,win,20150307_14fo,0,0,0,0,0.0,,,,0.0,,,2015,2014-15,LA Pierce,lapierce,jasonmckeeverroweaz5o,Jason McKeever/rowe
Mar 17,home,Cuesta,L,9-2,9,2,7,win,20150317_eao5,0,0,0,0,0.0,,,,0.0,,,2015,2014-15,LA Pierce,lapierce,jasonmckeeverroweaz5o,Jason McKeever/rowe
Mar 26,home,Moorpark,L,6-5,6,5,1,win,20150326_mc5u,0,0,0,0,0.0,,,,0.0,,,2015,2014-15,LA Pierce,lapierce,jasonmckeeverroweaz5o,Jason McKeever/rowe
Mar 27,home,Allan Hancock,W,4-2,4,2,2,win,20150327_l034,0,0,0,0,0.0,,,,0.0,,,2015,2014-15,LA Pierce,lapierce,jasonmckeeverroweaz5o,Jason McKeever/rowe
Mar 31,home,LA Mission,W,12-4,12,4,8,win,20150331_3big,0,0,0,0,0.0,,,,0.0,,,2015,2014-15,LA Pierce,lapierce,jasonmckeeverroweaz5o,Jason McKeever/rowe
Apr 2,home,Santa Ana,L,18-3,18,3,15,win,20150402_erm0,0,0,0,0,0.0,,,,0.0,,,2015,2014-15,LA Pierce,lapierce,jasonmckeeverroweaz5o,Jason McKeever/rowe
Apr 3,home,LA Harbor,L,10-3,10,3,7,win,20150403_31wk,0,0,0,0,0.0,,,,0.0,,,2015,2014-15,LA Pierce,lapierce,jasonmckeeverroweaz5o,Jason McKeever/rowe
Apr 14,home,Santa Barbara,L,13-2,13,2,11,win,20150414_jyb2,0,0,0,0,0.0,,,,0.0,,,2015,2014-15,LA Pierce,lapierce,jasonmckeeverroweaz5o,Jason McKeever/rowe
Apr 24,home,Cuesta,W,6-5,6,5,1,win,20150424_zkiu,0,0,0,0,0.0,,,,0.0,,,2015,2014-15,LA Pierce,lapierce,jasonmckeeverroweaz5o,Jason McKeever/rowe
Jan 29,home,Mt. San Antonio,L,9-2,9,2,7,win,20150129_5bve,0,0,0,0,0.0,,,,0.0,,,2015,2014-15,Glendale,glendale,liamshibataas66,Liam Shibata
Feb 10,home,Oxnard,L,5-0,5,0,5,win,20150210_isdb,0,0,0,0,0.0,,,,0.0,,,2015,2014-15,Glendale,glendale,liamshibataas66,Liam Shibata
Feb 11,home,Saddleback,L,9-6,9,6,3,win,20150211_mgin,0,0,0,0,0.0,,,,0.0,,,2015,2014-15,Glendale,glendale,liamshibataas66,Liam Shibata
Feb 12,home,LA Pierce,W,6-5,6,5,1,win,20150212_td24,0,0,0,0,0.0,,,,0.0,,,2015,2014-15,Glendale,glendale,liamshibataas66,Liam Shibata
Feb 20,home,Cypress,L,11-3,11,3,8,win,20150220_74fi,0,0,0,0,0.0,,,,0.0,,,2015,2014-15,Glendale,glendale,liamshibataas66,Liam Shibata
Feb 21,home,De Anza,W,8-5,8,5,3,win,20150221_2sbj,0,0,0,0,0.0,,,,0.0,,,2015,2014-15,Glendale,glendale,liamshibataas66,Liam Shibata
Feb 21,home,De Anza,W,1-0,1,0,1,win,20150221_cnlg,0,0,0,0,0.0,,,,0.0,,,2015,2014-15,Glendale,glendale,liamshibataas66,Liam Shibata
Mar 3,home,West LA,W,9-2,9,2,7,win,20150303_xgj9,0,0,0,0,0.0,,,,0.0,,,2015,2014-15,Glendale,glendale,liamshibataas66,Liam Shibata
Mar 12,home,Citrus,L,7-3,7,3,4,win,20150312_sm0n,0,0,0,0,0.0,,,,0.0,,,2015,2014-15,Glendale,glendale,liamshibataas66,Liam Shibata
Mar 21,home,West LA,W,7-1,7,1,6,win,20150321_cjcg,0,0,0,0,0.0,,,,0.0,,,2015,2014-15,Glendale,glendale,liamshibataas66,Liam Shibata
Mar 26,home,Antelope Valley,W,14-2,14,2,12,win,20150326_7na7,0,0,0,0,0.0,,,,0.0,,,2015,2014-15,Glendale,glendale,liamshibataas66,Liam Shibata
Mar 31,home,Santa Barbara,L,14-4,14,4,10,win,20150331_1ny7,0,0,0,0,0.0,,,,0.0,,,2015,2014-15,Glendale,glendale,liamshibataas66,Liam Shibata
Apr 7,home,Bakersfield,W,3-0,3,0,3,win,20150407_muju,0,0,0,0,0.0,,,,0.0,,,2015,2014-15,Glendale,glendale,liamshibataas66,Liam Shibata
Apr 9,home,LA Mission,L,6-0,6,0,6,win,20150409_tutd,0,0,0,0,0.0,,,,0.0,,,2015,2014-15,Glendale,glendale,liamshibataas66,Liam Shibata
Apr 11,home,LA Mission,L,21-7,21,7,14,win,20150411_w9gu,0,0,0,0,0.0,,,,0.0,,,2015,2014-15,Glendale,glendale,liamshibataas66,Liam Shibata
Apr 23,home,Canyons,L,7-3,7,3,4,win,20150423_749f,0,0,0,0,0.0,,,,0.0,,,2015,2014-15,Glendale,glendale,liamshibataas66,Liam Shibata
Apr 24,home,Canyons,W,8-6,8,6,2,win,20150424_ozvx,0,0,0,0,0.0,,,,0.0,,,2015,2014-15,Glendale,glendale,liamshibataas66,Liam Shibata
May 1,home,Southwestern,W,5-3,5,3,2,win,20150501_t3hn,0,0,0,0,0.0,,,,0.0,,,2015,2014-15,Glendale,glendale,liamshibataas66,Liam Shibata
May 9,home,Orange Coast,L,4-2,4,2,2,win,20150509_4nob,0,0,0,0,0.0,,,,0.0,,,2015,2014-15,Glendale,glendale,liamshibataas66,Liam Shibata
May 10,home,Orange Coast,L,7-1,7,1,6,win,20150510_algm,0,0,0,0,0.0,,,,0.0,,,2015,2014-15,Glendale,glendale,liamshibataas66,Liam Shibata
Jan 27,home,De Anza,W,11-6,11,6,5,win,20150127_cts9,0,0,0,0,0.0,,,,0.0,,,2015,2014-15,Yuba,yuba,ryanglazner8a06,Ryan Glazner
Jan 30,home,De Anza,W,6-2,6,2,4,win,20150130_8qqo,0,0,0,0,0.0,,,,0.0,,,2015,2014-15,Yuba,yuba,ryanglazner8a06,Ryan Glazner
Jan 31,home,Ohlone,L,6-5,6,5,1,win,20150131_5p0n,0,0,0,0,0.0,,,,0.0,,,2015,2014-15,Yuba,yuba,ryanglazner8a06,Ryan Glazner
Feb 4,home,Lassen,W,10-9,10,9,1,win,20150204_4d8u,0,0,0,0,0.0,,,,0.0,,,2015,2014-15,Yuba,yuba,ryanglazner8a06,Ryan Glazner
Feb 5,home,Lassen,W,11-3,11,3,8,win,20150205_fcwj,0,0,0,0,0.0,,,,0.0,,,2015,2014-15,Yuba,yuba,ryanglazner8a06,Ryan Glazner
Feb 5,home,Lassen,W,4-3,4,3,1,win,20150205_168a,0,0,0,0,0.0,,,,0.0,,,2015,2014-15,Yuba,yuba,ryanglazner8a06,Ryan Glazner
Feb 12,home,Feather River,L,10-1,10,1,9,win,20150212_tioz,0,0,0,0,0.0,,,,0.0,,,2015,2014-15,Yuba,yuba,ryanglazner8a06,Ryan Glazner
Feb 13,home,Cabrillo,L,10-7,10,7,3,win,20150213_g3ph,0,0,0,0,0.0,,,,0.0,,,2015,2014-15,Yuba,yuba,ryanglazner8a06,Ryan Glazner
Feb 14,home,West Valley,L,9-3,9,3,6,win,20150214_rdzh,0,0,0,0,0.0,,,,0.0,,,2015,2014-15,Yuba,yuba,ryanglazner8a06,Ryan Glazner
Feb 19,home,Redwoods,W,5-2,5,2,3,win,20150219_yj0c,0,0,0,0,0.0,,,,0.0,,,2015,2014-15,Yuba,yuba,ryanglazner8a06,Ryan Glazner
Feb 20,home,Redwoods,W,10-2,10,2,8,win,20150220_k6c5,0,0,0,0,0.0,,,,0.0,,,2015,2014-15,Yuba,yuba,ryanglazner8a06,Ryan Glazner
Feb 20,home,Redwoods,W,6-2,6,2,4,win,20150220_w0qb,0,0,0,0,0.0,,,,0.0,,,2015,2014-15,Yuba,yuba,ryanglazner8a06,Ryan Glazner
Feb 24,home,Marin,L,10-8,10,8,2,win,20150224_f8gd,0,0,0,0,0.0,,,,0.0,,,2015,2014-15,Yuba,yuba,ryanglazner8a06,Ryan Glazner
Feb 26,home,Marin,L,16-4,16,4,12,win,20150226_ejnc,0,0,0,0,0.0,,,,0.0,,,2015,2014-15,Yuba,yuba,ryanglazner8a06,Ryan Glazner
Feb 28,home,Solano,L,5-4,5,4,1,win,20150228_2k5h,0,0,0,0,0.0,,,,0.0,,,2015,2014-15,Yuba,yuba,ryanglazner8a06,Ryan Glazner
Mar 3,home,Solano,L,10-5,10,5,5,win,20150303_03ti,0,0,0,0,0.0,,,,0.0,,,2015,2014-15,Yuba,yuba,ryanglazner8a06,Ryan Glazner
Mar 5,home,Los Medanos,W,7-5,7,5,2,win,20150305_00gv,0,0,0,0,0.0,,,,0.0,,,2015,2014-15,Yuba,yuba,ryanglazner8a06,Ryan Glazner
Mar 7,home,Los Medanos,L,16-7,16,7,9,win,20150307_9ng1,0,0,0,0,0.0,,,,0.0,,,2015,2014-15,Yuba,yuba,ryanglazner8a06,Ryan Glazner
Mar 10,home,Folsom Lake,L,13-6,13,6,7,win,20150310_050t,0,0,0,0,0.0,,,,0.0,,,2015,2014-15,Yuba,yuba,ryanglazner8a06,Ryan Glazner
Mar 12,home,Folsom Lake,W,8-1,8,1,7,win,20150312_tfej,0,0,0,0,0.0,,,,0.0,,,2015,2014-15,Yuba,yuba,ryanglazner8a06,Ryan Glazner
Mar 14,home,Laney,W,5-3,5,3,2,win,20150314_08r9,0,0,0,0,0.0,,,,0.0,,,2015,2014-15,Yuba,yuba,ryanglazner8a06,Ryan Glazner
Mar 17,home,Laney,W,14-2,14,2,12,win,20150317_f3b6,0,0,0,0,0.0,,,,0.0,,,2015,2014-15,Yuba,yuba,ryanglazner8a06,Ryan Glazner
Mar 19,home,Mendocino,L,6-4,6,4,2,win,20150319_hifj,0,0,0,0,0.0,,,,0.0,,,2015,2014-15,Yuba,yuba,ryanglazner8a06,Ryan Glazner
Mar 21,home,Mendocino,W,6-5,6,5,1,win,20150321_aa6u,0,0,0,0,0.0,,,,0.0,,,2015,2014-15,Yuba,yuba,ryanglazner8a06,Ryan Glazner
Mar 24,home,Contra Costa,W,9-4,9,4,5,win,20150324_v5k8,0,0,0,0,0.0,,,,0.0,,,2015,2014-15,Yuba,yuba,ryanglazner8a06,Ryan Glazner
Mar 26,home,Contra Costa,W,15-5,15,5,10,win,20150326_7s50,0,0,0,0,0.0,,,,0.0,,,2015,2014-15,Yuba,yuba,ryanglazner8a06,Ryan Glazner
Apr 2,home,Napa,L,5-3,5,3,2,win,20150402_cio7,0,0,0,0,0.0,,,,0.0,,,2015,2014-15,Yuba,yuba,ryanglazner8a06,Ryan Glazner
Apr 3,home,Napa,W,17-7,17,7,10,win,20150403_gco0,0,0,0,0,0.0,,,,0.0,,,2015,2014-15,Yuba,yuba,ryanglazner8a06,Ryan Glazner
Apr 8,home,Marin,W,4-2,4,2,2,win,20150408_nsce,0,0,0,0,0.0,,,,0.0,,,2015,2014-15,Yuba,yuba,ryanglazner8a06,Ryan Glazner
Apr 9,home,Solano,L,11-5,11,5,6,win,20150409_g4a9,0,0,0,0,0.0,,,,0.0,,,2015,2014-15,Yuba,yuba,ryanglazner8a06,Ryan Glazner
Apr 10,home,Los Medanos,L,9-8,9,8,1,win,20150410_xa3j,0,0,0,0,0.0,,,,0.0,,,2015,2014-15,Yuba,yuba,ryanglazner8a06,Ryan Glazner
Apr 14,home,Folsom Lake,L,6-5,6,5,1,win,20150414_209l,0,0,0,0,0.0,,,,0.0,,,2015,2014-15,Yuba,yuba,ryanglazner8a06,Ryan Glazner
Apr 16,home,Laney,W,9-2,9,2,7,win,20150416_s0rn,0,0,0,0,0.0,,,,0.0,,,2015,2014-15,Yuba,yuba,ryanglazner8a06,Ryan Glazner
Apr 17,home,Mendocino,W,11-3,11,3,8,win,20150417_5xn7,0,0,0,0,0.0,,,,0.0,,,2015,2014-15,Yuba,yuba,ryanglazner8a06,Ryan Glazner
Apr 21,home,Contra Costa,W,5-2,5,2,3,win,20150421_xez6,0,0,0,0,0.0,,,,0.0,,,2015,2014-15,Yuba,yuba,ryanglazner8a06,Ryan Glazner
Apr 24,home,Napa,W,4-1,4,1,3,win,20150424_zqtq,0,0,0,0,0.0,,,,0.0,,,2015,2014-15,Yuba,yuba,ryanglazner8a06,Ryan Glazner
Apr 28,home,Sequoias,L,8-3,8,3,5,win,20150428_ijsw,0,0,0,0,0.0,,,,0.0,,,2015,2014-15,Yuba,yuba,ryanglazner8a06,Ryan Glazner
Jan 27,home,Rio Hondo,W,9-8,9,8,1,win,20150127_j16s,0,0,0,0,0.0,,,,0.0,,,2015,2014-15,Citrus,citrus,taylorgrace3kd0,Taylor Grace
Jan 28,home,LA Pierce,W,7-6,7,6,1,win,20150128_ufkz,0,0,0,0,0.0,,,,0.0,,,2015,2014-15,Citrus,citrus,taylorgrace3kd0,Taylor Grace
Jan 29,home,Oxnard,L,4-3,4,3,1,win,20150129_2rwa,0,0,0,0,0.0,,,,0.0,,,2015,2014-15,Citrus,citrus,taylorgrace3kd0,Taylor Grace
Jan 31,home,Cerritos,L,14-6,14,6,8,win,20150131_cq3e,0,0,0,0,0.0,,,,0.0,,,2015,2014-15,Citrus,citrus,taylorgrace3kd0,Taylor Grace
Feb 3,home,San Bernardino,W,10-7,10,7,3,win,20150203_zzan,0,0,0,0,0.0,,,,0.0,,,2015,2014-15,Citrus,citrus,taylorgrace3kd0,Taylor Grace
Feb 5,home,Mt. San Jacinto,L,7-4,7,4,3,win,20150205_jhca,0,0,0,0,0.0,,,,0.0,,,2015,2014-15,Citrus,citrus,taylorgrace3kd0,Taylor Grace
Feb 7,home,Mt. San Jacinto,W,9-7,9,7,2,win,20150207_ape7,0,0,0,0,0.0,,,,0.0,,,2015,2014-15,Citrus,citrus,taylorgrace3kd0,Taylor Grace
Feb 10,home,Ventura,W,4-2,4,2,2,win,20150210_nn81,0,0,0,0,0.0,,,,0.0,,,2015,2014-15,Citrus,citrus,taylorgrace3kd0,Taylor Grace
Feb 12,home,Oxnard,T,5-5,5,5,0,tie,20150212_kzcb,0,0,0,0,0.0,,,,0.0,,,2015,2014-15,Citrus,citrus,taylorgrace3kd0,Taylor Grace
Feb 14,home,East Los Angeles,L,3-1,3,1,2,win,20150214_lbze,0,0,0,0,0.0,,,,0.0,,,2015,2014-15,Citrus,citrus,taylorgrace3kd0,Taylor Grace
Feb 19,home,San Bernardino,L,3-2,3,2,1,win,20150219_67lw,0,0,0,0,0.0,,,,0.0,,,2015,2014-15,Citrus,citrus,taylorgrace3kd0,Taylor Grace
Feb 21,home,Ventura,L,6-2,6,2,4,win,20150221_89xb,0,0,0,0,0.0,,,,0.0,,,2015,2014-15,Citrus,citrus,taylorgrace3kd0,Taylor Grace
Feb 26,home,Pasadena,W,7-1,7,1,6,win,20150226_09vz,0,0,0,0,0.0,,,,0.0,,,2015,2014-15,Citrus,citrus,taylorgrace3kd0,Taylor Grace
Mar 3,home,Bakersfield,W,12-4,12,4,8,win,20150303_ev3o,0,0,0,0,0.0,,,,0.0,,,2015,2014-15,Citrus,citrus,taylorgrace3kd0,Taylor Grace
Mar 5,home,Canyons,L,7-3,7,3,4,win,20150305_aord,0,0,0,0,0.0,,,,0.0,,,2015,2014-15,Citrus,citrus,taylorgrace3kd0,Taylor Grace
Mar 7,home,Antelope Valley,W,4-1,4,1,3,win,20150307_35c8,0,0,0,0,0.0,,,,0.0,,,2015,2014-15,Citrus,citrus,taylorgrace3kd0,Taylor Grace
Mar 10,home,LA Valley,L,6-5,6,5,1,win,20150310_2qdo,0,0,0,0,0.0,,,,0.0,,,2015,2014-15,Citrus,citrus,taylorgrace3kd0,Taylor Grace
Mar 12,home,Glendale,W,7-3,7,3,4,win,20150312_sm0n,0,0,0,0,0.0,,,,0.0,,,2015,2014-15,Citrus,citrus,taylorgrace3kd0,Taylor Grace
Mar 14,home,LA Mission,L,4-3,4,3,1,win,20150314_0ckv,0,0,0,0,0.0,,,,0.0,,,2015,2014-15,Citrus,citrus,taylorgrace3kd0,Taylor Grace
Mar 17,home,West LA,W,8-2,8,2,6,win,20150317_1s9o,0,0,0,0,0.0,,,,0.0,,,2015,2014-15,Citrus,citrus,taylorgrace3kd0,Taylor Grace
Mar 19,home,Bakersfield,L,9-7,9,7,2,win,20150319_v3jx,0,0,0,0,0.0,,,,0.0,,,2015,2014-15,Citrus,citrus,taylorgrace3kd0,Taylor Grace
Mar 21,home,Bakersfield,W,6-3,6,3,3,win,20150321_3zzk,0,0,0,0,0.0,,,,0.0,,,2015,2014-15,Citrus,citrus,taylorgrace3kd0,Taylor Grace
Mar 24,home,Canyons,L,7-0,7,0,7,win,20150324_chf3,0,0,0,0,0.0,,,,0.0,,,2015,2014-15,Citrus,citrus,taylorgrace3kd0,Taylor Grace
Mar 26,home,Canyons,W,3-2,3,2,1,win,20150326_vq57,0,0,0,0,0.0,,,,0.0,,,2015,2014-15,Citrus,citrus,taylorgrace3kd0,Taylor Grace
Mar 27,home,Antelope Valley,W,17-4,17,4,13,win,20150327_xncz,0,0,0,0,0.0,,,,0.0,,,2015,2014-15,Citrus,citrus,taylorgrace3kd0,Taylor Grace
Mar 31,home,Mt. San Antonio,W,4-2,4,2,2,win,20150331_z0sv,0,0,0,0,0.0,,,,0.0,,,2015,2014-15,Citrus,citrus,taylorgrace3kd0,Taylor Grace
Apr 2,home,Mt. San Antonio,L,4-3,4,3,1,win,20150402_19cl,0,0,0,0,0.0,,,,0.0,,,2015,2014-15,Citrus,citrus,taylorgrace3kd0,Taylor Grace
Apr 7,home,Antelope Valley,W,5-4,5,4,1,win,20150407_qosg,0,0,0,0,0.0,,,,0.0,,,2015,2014-15,Citrus,citrus,taylorgrace3kd0,Taylor Grace
Apr 9,home,LA Valley,W,12-2,12,2,10,win,20150409_7ftv,0,0,0,0,0.0,,,,0.0,,,2015,2014-15,Citrus,citrus,taylorgrace3kd0,Taylor Grace
Apr 11,home,LA Valley,L,5-2,5,2,3,win,20150411_wg4m,0,0,0,0,0.0,,,,0.0,,,2015,2014-15,Citrus,citrus,taylorgrace3kd0,Taylor Grace
Apr 14,home,Glendale,L,10-7,10,7,3,win,20150414_5a3u,0,0,0,0,0.0,,,,0.0,,,2015,2014-15,Citrus,citrus,taylorgrace3kd0,Taylor Grace
Apr 16,home,Glendale,W,5-1,5,1,4,win,20150416_cbkq,0,0,0,0,0.0,,,,0.0,,,2015,2014-15,Citrus,citrus,taylorgrace3kd0,Taylor Grace
Apr 18,home,LA Mission,W,10-9,10,9,1,win,20150418_51yc,0,0,0,0,0.0,,,,0.0,,,2015,2014-15,Citrus,citrus,taylorgrace3kd0,Taylor Grace
Apr 21,home,LA Mission,L,4-3,4,3,1,win,20150421_fedi,0,0,0,0,0.0,,,,0.0,,,2015,2014-15,Citrus,citrus,taylorgrace3kd0,Taylor Grace
Apr 23,home,West LA,W,4-3,4,3,1,win,20150423_at5h,0,0,0,0,0.0,,,,0.0,,,2015,2014-15,Citrus,citrus,taylorgrace3kd0,Taylor Grace
Apr 24,home,West LA,W,11-3,11,3,8,win,20150424_nta1,0,0,0,0,0.0,,,,0.0,,,2015,2014-15,Citrus,citrus,taylorgrace3kd0,Taylor Grace
Jan 27,home,Fullerton,L,14-8,14,8,6,win,20150127_yt6x,0,0,0,0,0.0,,,,0.0,,,2015,2014-15,Victor Valley,victorvalley,edgargallardoe2wn,Edgar Gallardo
Jan 30,home,Grossmont,L,7-4,7,4,3,win,20150130_prww,0,0,0,0,0.0,,,,0.0,,,2015,2014-15,Victor Valley,victorvalley,edgargallardoe2wn,Edgar Gallardo
Jan 31,home,Southwestern,L,8-1,8,1,7,win,20150131_0wkx,0,0,0,0,0.0,,,,0.0,,,2015,2014-15,Victor Valley,victorvalley,edgargallardoe2wn,Edgar Gallardo
Feb 3,home,Antelope Valley,W,6-1,6,1,5,win,20150203_9cm9,0,0,0,0,0.0,,,,0.0,,,2015,2014-15,Victor Valley,victorvalley,edgargallardoe2wn,Edgar Gallardo
Feb 7,home,Antelope Valley,W,15-3,15,3,12,win,20150207_mtxs,0,0,0,0,0.0,,,,0.0,,,2015,2014-15,Victor Valley,victorvalley,edgargallardoe2wn,Edgar Gallardo
Feb 13,home,Southwestern,L,8-3,8,3,5,win,20150213_ar1x,0,0,0,0,0.0,,,,0.0,,,2015,2014-15,Victor Valley,victorvalley,edgargallardoe2wn,Edgar Gallardo
Feb 17,home,Long Beach,L,6-3,6,3,3,win,20150217_tuvt,0,0,0,0,0.0,,,,0.0,,,2015,2014-15,Victor Valley,victorvalley,edgargallardoe2wn,Edgar Gallardo
Feb 18,home,East Los Angeles,L,11-5,11,5,6,win,20150218_jp05,0,0,0,0,0.0,,,,0.0,,,2015,2014-15,Victor Valley,victorvalley,edgargallardoe2wn,Edgar Gallardo
Feb 24,home,Chaffey,L,2-1,2,1,1,win,20150224_qc2i,0,0,0,0,0.0,,,,0.0,,,2015,2014-15,Victor Valley,victorvalley,edgargallardoe2wn,Edgar Gallardo
Feb 26,home,Rio Hondo,L,12-9,12,9,3,win,20150226_l0ym,0,0,0,0,0.0,,,,0.0,,,2015,2014-15,Victor Valley,victorvalley,edgargallardoe2wn,Edgar Gallardo
Feb 28,home,San Bernardino,W,7-6,7,6,1,win,20150228_xaq9,0,0,0,0,0.0,,,,0.0,,,2015,2014-15,Victor Valley,victorvalley,edgargallardoe2wn,Edgar Gallardo
Mar 3,home,Barstow,W,6-4,6,4,2,win,20150303_20g3,0,0,0,0,0.0,,,,0.0,,,2015,2014-15,Victor Valley,victorvalley,edgargallardoe2wn,Edgar Gallardo
Mar 5,home,Desert,W,4-0,4,0,4,win,20150305_n92p,0,0,0,0,0.0,,,,0.0,,,2015,2014-15,Victor Valley,victorvalley,edgargallardoe2wn,Edgar Gallardo
Mar 7,home,Cerro Coso,W,20-0,20,0,20,win,20150307_q501,0,0,0,0,0.0,,,,0.0,,,2015,2014-15,Victor Valley,victorvalley,edgargallardoe2wn,Edgar Gallardo
Mar 17,home,Chaffey,W,10-8,10,8,2,win,20150317_v07i,0,0,0,0,0.0,,,,0.0,,,2015,2014-15,Victor Valley,victorvalley,edgargallardoe2wn,Edgar Gallardo
Mar 19,home,Chaffey,L,5-0,5,0,5,win,20150319_d5tm,0,0,0,0,0.0,,,,0.0,,,2015,2014-15,Victor Valley,victorvalley,edgargallardoe2wn,Edgar Gallardo
Mar 21,home,Chaffey,L,9-8,9,8,1,win,20150321_qzbz,0,0,0,0,0.0,,,,0.0,,,2015,2014-15,Victor Valley,victorvalley,edgargallardoe2wn,Edgar Gallardo
Mar 24,home,Rio Hondo,L,7-4,7,4,3,win,20150324_aocf,0,0,0,0,0.0,,,,0.0,,,2015,2014-15,Victor Valley,victorvalley,edgargallardoe2wn,Edgar Gallardo
Mar 26,home,Rio Hondo,L,12-6,12,6,6,win,20150326_75es,0,0,0,0,0.0,,,,0.0,,,2015,2014-15,Victor Valley,victorvalley,edgargallardoe2wn,Edgar Gallardo
Mar 28,home,Rio Hondo,L,8-6,8,6,2,win,20150328_3x03,0,0,0,0,0.0,,,,0.0,,,2015,2014-15,Victor Valley,victorvalley,edgargallardoe2wn,Edgar Gallardo
Mar 31,home,San Bernardino,L,13-5,13,5,8,win,20150331_qgq8,0,0,0,0,0.0,,,,0.0,,,2015,2014-15,Victor Valley,victorvalley,edgargallardoe2wn,Edgar Gallardo
Apr 2,home,San Bernardino,L,11-2,11,2,9,win,20150402_pr7u,0,0,0,0,0.0,,,,0.0,,,2015,2014-15,Victor Valley,victorvalley,edgargallardoe2wn,Edgar Gallardo
Apr 4,home,San Bernardino,L,15-6,15,6,9,win,20150404_30w6,0,0,0,0,0.0,,,,0.0,,,2015,2014-15,Victor Valley,victorvalley,edgargallardoe2wn,Edgar Gallardo
Apr 7,home,Barstow,W,6-4,6,4,2,win,20150407_ldom,0,0,0,0,0.0,,,,0.0,,,2015,2014-15,Victor Valley,victorvalley,edgargallardoe2wn,Edgar Gallardo
Apr 9,home,Barstow,W,8-7,8,7,1,win,20150409_xpuk,0,0,0,0,0.0,,,,0.0,,,2015,2014-15,Victor Valley,victorvalley,edgargallardoe2wn,Edgar Gallardo
Apr 11,home,Barstow,W,4-2,4,2,2,win,20150411_hutf,0,0,0,0,0.0,,,,0.0,,,2015,2014-15,Victor Valley,victorvalley,edgargallardoe2wn,Edgar Gallardo
Apr 14,home,Desert,L,15-9,15,9,6,win,20150414_kn1w,0,0,0,0,0.0,,,,0.0,,,2015,2014-15,Victor Valley,victorvalley,edgargallardoe2wn,Edgar Gallardo
Apr 16,home,Desert,W,11-7,11,7,4,win,20150416_qc9t,0,0,0,0,0.0,,,,0.0,,,2015,2014-15,Victor Valley,victorvalley,edgargallardoe2wn,Edgar Gallardo
Apr 18,home,Desert,L,4-0,4,0,4,win,20150418_75hd,0,0,0,0,0.0,,,,0.0,,,2015,2014-15,Victor Valley,victorvalley,edgargallardoe2wn,Edgar Gallardo
Apr 21,home,Cerro Coso,W,31-7,31,7,24,win,20150421_dyis,0,0,0,0,0.0,,,,0.0,,,2015,2014-15,Victor Valley,victorvalley,edgargallardoe2wn,Edgar Gallardo
Apr 25,home,Cerro Coso,W,18-1,18,1,17,win,20150425_fvek,0,0,0,0,0.0,,,,0.0,,,2015,2014-15,Victor Valley,victorvalley,edgargallardoe2wn,Edgar Gallardo
Jan 30,home,Mt. San Antonio,L,6-4,6,4,2,win,20150130_3x10,0,0,0,0,0.0,,,,0.0,,,2015,2014-15,Mt. San Jacinto,mtsanjacinto,erictelarrojahvw1,Eric Telarroja
Jan 31,home,East Los Angeles,L,5-2,5,2,3,win,20150131_gwb5,0,0,0,0,0.0,,,,0.0,,,2015,2014-15,Mt. San Jacinto,mtsanjacinto,erictelarrojahvw1,Eric Telarroja
Feb 5,home,Citrus,W,7-4,7,4,3,win,20150205_jhca,0,0,0,0,0.0,,,,0.0,,,2015,2014-15,Mt. San Jacinto,mtsanjacinto,erictelarrojahvw1,Eric Telarroja
Feb 7,home,Citrus,L,9-7,9,7,2,win,20150207_ape7,0,0,0,0,0.0,,,,0.0,,,2015,2014-15,Mt. San Jacinto,mtsanjacinto,erictelarrojahvw1,Eric Telarroja
Feb 10,home,Mt. San Antonio,L,10-2,10,2,8,win,20150210_1xal,0,0,0,0,0.0,,,,0.0,,,2015,2014-15,Mt. San Jacinto,mtsanjacinto,erictelarrojahvw1,Eric Telarroja
Feb 12,home,Cerritos,W,5-3,5,3,2,win,20150212_aa3a,0,0,0,0,0.0,,,,0.0,,,2015,2014-15,Mt. San Jacinto,mtsanjacinto,erictelarrojahvw1,Eric Telarroja
Feb 14,home,Cerritos,L,5-4,5,4,1,win,20150214_f9eu,0,0,0,0,0.0,,,,0.0,,,2015,2014-15,Mt. San Jacinto,mtsanjacinto,erictelarrojahvw1,Eric Telarroja
Feb 17,home,Fullerton,L,12-1,12,1,11,win,20150217_kccc,0,0,0,0,0.1,2.0,3.0,3.0,81.0,,,2015,2014-15,Mt. San Jacinto,mtsanjacinto,erictelarrojahvw1,Eric Telarroja
Feb 24,home,San Diego Mesa,L,18-13,18,13,5,win,20150224_5lq3,0,0,0,0,0.0,,,,0.0,,,2015,2014-15,Mt. San Jacinto,mtsanjacinto,erictelarrojahvw1,Eric Telarroja
Feb 27,home,Grossmont,W,10-2,10,2,8,win,20150227_8snh,0,0,0,0,0.0,,,,0.0,,,2015,2014-15,Mt. San Jacinto,mtsanjacinto,erictelarrojahvw1,Eric Telarroja
Mar 12,home,Imperial Valley,W,11-0,11,0,11,win,20150312_69cg,0,0,0,0,0.0,,,,0.0,,,2015,2014-15,Mt. San Jacinto,mtsanjacinto,erictelarrojahvw1,Eric Telarroja
Jan 29,home,El Camino,L,8-1,8,1,7,win,20150129_cijw,0,0,0,0,0.0,,,,0.0,,,2015,2014-15,Sequoias,sequoias,mattcota1lf3,Matt Cota
Jan 30,home,Allan Hancock,W,5-0,5,0,5,win,20150130_jn11,0,0,0,0,0.0,,,,0.0,,,2015,2014-15,Sequoias,sequoias,mattcota1lf3,Matt Cota
Jan 31,home,Moorpark,W,11-2,11,2,9,win,20150131_zec9,0,0,0,0,0.0,,,,0.0,,,2015,2014-15,Sequoias,sequoias,mattcota1lf3,Matt Cota
Feb 5,home,Golden West,L,7-3,7,3,4,win,20150205_a6uq,0,0,0,0,0.0,,,,0.0,,,2015,2014-15,Sequoias,sequoias,mattcota1lf3,Matt Cota
Feb 6,home,Marin,L,14-9,14,9,5,win,20150206_9t0k,0,0,0,0,0.0,,,,0.0,,,2015,2014-15,Sequoias,sequoias,mattcota1lf3,Matt Cota
Feb 10,home,Cuesta,L,9-1,9,1,8,win,20150210_8dik,0,0,0,0,0.0,,,,0.0,,,2015,2014-15,Sequoias,sequoias,mattcota1lf3,Matt Cota
Feb 13,home,Bakersfield,W,11-3,11,3,8,win,20150213_btnq,0,0,0,0,0.0,,,,0.0,,,2015,2014-15,Sequoias,sequoias,mattcota1lf3,Matt Cota
Feb 14,home,De Anza,W,12-5,12,5,7,win,20150214_2rxi,0,0,0,0,0.0,,,,0.0,,,2015,2014-15,Sequoias,sequoias,mattcota1lf3,Matt Cota
Feb 19,home,Cosumnes River,L,4-3,4,3,1,win,20150219_pbht,0,0,0,0,0.0,,,,0.0,,,2015,2014-15,Sequoias,sequoias,mattcota1lf3,Matt Cota
Feb 20,home,Cosumnes River,W,4-2,4,2,2,win,20150220_mx1e,0,0,0,0,0.0,,,,0.0,,,2015,2014-15,Sequoias,sequoias,mattcota1lf3,Matt Cota
Feb 24,home,Merced,W,5-1,5,1,4,win,20150224_k05o,0,0,0,0,0.0,,,,0.0,,,2015,2014-15,Sequoias,sequoias,mattcota1lf3,Matt Cota
Feb 26,home,Merced,L,10-2,10,2,8,win,20150226_62m4,0,0,0,0,0.0,,,,0.0,,,2015,2014-15,Sequoias,sequoias,mattcota1lf3,Matt Cota
Feb 28,home,Merced,L,6-3,6,3,3,win,20150228_zq86,0,0,0,0,0.0,,,,0.0,,,2015,2014-15,Sequoias,sequoias,mattcota1lf3,Matt Cota
Mar 3,home,Fresno City,L,10-6,10,6,4,win,20150303_03u2,0,0,0,0,0.0,,,,0.0,,,2015,2014-15,Sequoias,sequoias,mattcota1lf3,Matt Cota
Mar 5,home,Fresno City,W,9-4,9,4,5,win,20150305_h7pf,0,0,0,0,0.0,,,,0.0,,,2015,2014-15,Sequoias,sequoias,mattcota1lf3,Matt Cota
Mar 7,home,Fresno City,L,5-1,5,1,4,win,20150307_e4cq,0,0,0,0,0.0,,,,0.0,,,2015,2014-15,Sequoias,sequoias,mattcota1lf3,Matt Cota
Mar 10,home,Taft,W,5-1,5,1,4,win,20150310_mv0m,0,0,0,0,0.0,,,,0.0,,,2015,2014-15,Sequoias,sequoias,mattcota1lf3,Matt Cota
Mar 12,home,Taft,W,4-3,4,3,1,win,20150312_mgo4,0,0,0,0,0.0,,,,0.0,,,2015,2014-15,Sequoias,sequoias,mattcota1lf3,Matt Cota
Mar 14,home,Taft,W,5-3,5,3,2,win,20150314_63po,0,0,0,0,0.0,,,,0.0,,,2015,2014-15,Sequoias,sequoias,mattcota1lf3,Matt Cota
Mar 17,home,Reedley,W,9-1,9,1,8,win,20150317_u06t,0,0,0,0,0.0,,,,0.0,,,2015,2014-15,Sequoias,sequoias,mattcota1lf3,Matt Cota
Mar 19,home,Reedley,W,8-0,8,0,8,win,20150319_6bw4,0,0,0,0,0.0,,,,0.0,,,2015,2014-15,Sequoias,sequoias,mattcota1lf3,Matt Cota
Mar 21,home,Reedley,L,8-2,8,2,6,win,20150321_50m1,0,0,0,0,0.0,,,,0.0,,,2015,2014-15,Sequoias,sequoias,mattcota1lf3,Matt Cota
Mar 24,home,Porterville,L,2-1,2,1,1,win,20150324_0mtw,0,0,0,0,0.0,,,,0.0,,,2015,2014-15,Sequoias,sequoias,mattcota1lf3,Matt Cota
Mar 26,home,Porterville,W,6-4,6,4,2,win,20150326_3vto,0,0,0,0,0.0,,,,0.0,,,2015,2014-15,Sequoias,sequoias,mattcota1lf3,Matt Cota
Mar 28,home,Porterville,W,6-2,6,2,4,win,20150328_qx9d,0,0,0,0,0.0,,,,0.0,,,2015,2014-15,Sequoias,sequoias,mattcota1lf3,Matt Cota
Mar 31,home,Bakersfield,L,11-1,11,1,10,win,20150331_fnzs,0,0,0,0,0.0,,,,0.0,,,2015,2014-15,Sequoias,sequoias,mattcota1lf3,Matt Cota
Apr 1,home,Saddleback,L,17-3,17,3,14,win,20150401_yon5,0,0,0,0,0.0,,,,0.0,,,2015,2014-15,Sequoias,sequoias,mattcota1lf3,Matt Cota
Apr 7,home,West Hills Coalinga,W,10-0,10,0,10,win,20150407_42tx,0,0,0,0,0.0,,,,0.0,,,2015,2014-15,Sequoias,sequoias,mattcota1lf3,Matt Cota
Apr 9,home,West Hills Coalinga,W,6-2,6,2,4,win,20150409_6czq,0,0,0,0,0.0,,,,0.0,,,2015,2014-15,Sequoias,sequoias,mattcota1lf3,Matt Cota
Apr 11,home,West Hills Coalinga,L,9-7,9,7,2,win,20150411_kkow,0,0,0,0,0.0,,,,0.0,,,2015,2014-15,Sequoias,sequoias,mattcota1lf3,Matt Cota
Apr 14,home,Fresno City,L,14-10,14,10,4,win,20150414_euy1,0,0,0,0,0.0,,,,0.0,,,2015,2014-15,Sequoias,sequoias,mattcota1lf3,Matt Cota
Apr 16,home,West Hills Coalinga,W,5-2,5,2,3,win,20150416_cupf,0,0,0,0,0.0,,,,0.0,,,2015,2014-15,Sequoias,sequoias,mattcota1lf3,Matt Cota
Apr 19,home,Porterville,W,16-4,16,4,12,win,20150419_t0ke,0,0,0,0,0.0,,,,0.0,,,2015,2014-15,Sequoias,sequoias,mattcota1lf3,Matt Cota
Apr 21,home,Taft,L,2-1,2,1,1,win,20150421_qc8k,0,0,0,0,0.0,,,,0.0,,,2015,2014-15,Sequoias,sequoias,mattcota1lf3,Matt Cota
Apr 23,home,Merced,L,5-4,5,4,1,win,20150423_n60a,0,0,0,0,0.0,,,,0.0,,,2015,2014-15,Sequoias,sequoias,mattcota1lf3,Matt Cota
Apr 24,home,Reedley,W,5-2,5,2,3,win,20150424_gh13,0,0,0,0,0.0,,,,0.0,,,2015,2014-15,Sequoias,sequoias,mattcota1lf3,Matt Cota
Apr 28,home,Yuba,W,8-3,8,3,5,win,20150428_ijsw,0,0,0,0,0.0,,,,0.0,,,2015,2014-15,Sequoias,sequoias,mattcota1lf3,Matt Cota
May 1,home,San Joaquin  Delta,L,5-2,5,2,3,win,20150501_2gbp,0,0,0,0,0.0,,,,0.0,,,2015,2014-15,Sequoias,sequoias,mattcota1lf3,Matt Cota
May 2,home,San Joaquin  Delta,W,8-4,8,4,4,win,20150502_pbeg,0,0,0,0,0.0,,,,0.0,,,2015,2014-15,Sequoias,sequoias,mattcota1lf3,Matt Cota
May 2,home,San Joaquin  Delta,L,5-1,5,1,4,win,20150502_hskg,0,0,0,0,0.0,,,,0.0,,,2015,2014-15,Sequoias,sequoias,mattcota1lf3,Matt Cota
Jan 29,home,San Diego Mesa,L,8-1,8,1,7,win,20150129_2v4m,0,0,0,0,0.0,,,,0.0,,,2015,2014-15,Ventura,ventura,michaelvolaskiiiu4,Michael Volaski
Jan 30,home,Cypress,L,4-3,4,3,1,win,20150130_gopd,0,0,0,0,0.0,,,,0.0,,,2015,2014-15,Ventura,ventura,michaelvolaskiiiu4,Michael Volaski
Jan 31,home,Cypress,L,11-4,11,4,7,win,20150131_q00k,0,0,0,0,0.0,,,,0.0,,,2015,2014-15,Ventura,ventura,michaelvolaskiiiu4,Michael Volaski
Feb 14,home,Allan Hancock,L,5-1,5,1,4,win,20150214_2rav,0,0,0,0,0.0,,,,0.0,,,2015,2014-15,Ventura,ventura,michaelvolaskiiiu4,Michael Volaski
Feb 17,home,Allan Hancock,L,4-0,4,0,4,win,20150217_tdsh,0,0,0,0,0.0,,,,0.0,,,2015,2014-15,Ventura,ventura,michaelvolaskiiiu4,Michael Volaski
Feb 20,home,Pasadena,W,2-1,2,1,1,win,20150220_x4sf,0,0,0,0,0.0,,,,0.0,,,2015,2014-15,Ventura,ventura,michaelvolaskiiiu4,Michael Volaski
Feb 21,home,Citrus,W,6-2,6,2,4,win,20150221_89xb,0,0,0,0,0.0,,,,0.0,,,2015,2014-15,Ventura,ventura,michaelvolaskiiiu4,Michael Volaski
Feb 24,home,Moorpark,L,5-0,5,0,5,win,20150224_bz0q,0,0,0,0,0.0,,,,0.0,,,2015,2014-15,Ventura,ventura,michaelvolaskiiiu4,Michael Volaski
Feb 26,home,Moorpark,W,14-9,14,9,5,win,20150226_7i69,0,0,0,0,0.0,,,,0.0,,,2015,2014-15,Ventura,ventura,michaelvolaskiiiu4,Michael Volaski
Feb 28,home,LA Pierce,L,6-2,6,2,4,win,20150228_82z4,0,0,0,0,0.0,,,,0.0,,,2015,2014-15,Ventura,ventura,michaelvolaskiiiu4,Michael Volaski
Mar 3,home,LA Pierce,L,3-2,3,2,1,win,20150303_3vcl,0,0,0,0,0.0,,,,0.0,,,2015,2014-15,Ventura,ventura,michaelvolaskiiiu4,Michael Volaski
Mar 5,home,Cuesta,L,3-0,3,0,3,win,20150305_mm1e,0,0,0,0,0.0,,,,0.0,,,2015,2014-15,Ventura,ventura,michaelvolaskiiiu4,Michael Volaski
Mar 7,home,Cuesta,L,5-4,5,4,1,win,20150307_ov37,0,0,0,0,0.0,,,,0.0,,,2015,2014-15,Ventura,ventura,michaelvolaskiiiu4,Michael Volaski
Mar 10,home,Santa Barbara,W,3-0,3,0,3,win,20150310_ikbu,0,0,0,0,0.0,,,,0.0,,,2015,2014-15,Ventura,ventura,michaelvolaskiiiu4,Michael Volaski
Mar 12,home,Santa Barbara,L,12-1,12,1,11,win,20150312_p7ux,0,0,0,0,0.0,,,,0.0,,,2015,2014-15,Ventura,ventura,michaelvolaskiiiu4,Michael Volaski
Mar 14,home,Oxnard,L,9-4,9,4,5,win,20150314_gi3u,0,0,0,0,0.0,,,,0.0,,,2015,2014-15,Ventura,ventura,michaelvolaskiiiu4,Michael Volaski
Mar 17,home,Oxnard,L,7-3,7,3,4,win,20150317_9ss6,0,0,0,0,0.0,,,,0.0,,,2015,2014-15,Ventura,ventura,michaelvolaskiiiu4,Michael Volaski
Mar 19,home,Allan Hancock,L,8-7,8,7,1,win,20150319_5zt4,0,0,0,0,0.0,,,,0.0,,,2015,2014-15,Ventura,ventura,michaelvolaskiiiu4,Michael Volaski
Mar 21,home,Allan Hancock,L,2-1,2,1,1,win,20150321_1h58,0,0,0,0,0.0,,,,0.0,,,2015,2014-15,Ventura,ventura,michaelvolaskiiiu4,Michael Volaski
Mar 27,home,Moorpark,W,3-2,3,2,1,win,20150327_ot2a,0,0,0,0,0.0,,,,0.0,,,2015,2014-15,Ventura,ventura,michaelvolaskiiiu4,Michael Volaski
Mar 31,home,West Hills Coalinga,W,6-5,6,5,1,win,20150331_w2ic,0,0,0,0,0.0,,,,0.0,,,2015,2014-15,Ventura,ventura,michaelvolaskiiiu4,Michael Volaski
Apr 2,home,Pasadena,W,8-5,8,5,3,win,20150402_2idy,0,0,0,0,0.0,,,,0.0,,,2015,2014-15,Ventura,ventura,michaelvolaskiiiu4,Michael Volaski
Apr 4,home,El Camino-Compton Center,L,9-4,9,4,5,win,20150404_7uzh,0,0,0,0,0.0,,,,0.0,,,2015,2014-15,Ventura,ventura,michaelvolaskiiiu4,Michael Volaski
Apr 9,home,LA Pierce,L,8-1,8,1,7,win,20150409_3wm1,0,0,0,0,0.0,,,,0.0,,,2015,2014-15,Ventura,ventura,michaelvolaskiiiu4,Michael Volaski
Apr 11,home,LA Pierce,L,9-8,9,8,1,win,20150411_28v7,0,0,0,0,0.0,,,,0.0,,,2015,2014-15,Ventura,ventura,michaelvolaskiiiu4,Michael Volaski
Apr 14,home,Cuesta,L,5-1,5,1,4,win,20150414_b5s3,0,0,0,0,0.0,,,,0.0,,,2015,2014-15,Ventura,ventura,michaelvolaskiiiu4,Michael Volaski
Apr 16,home,Cuesta,L,5-4,5,4,1,win,20150416_1yll,0,0,0,0,0.0,,,,0.0,,,2015,2014-15,Ventura,ventura,michaelvolaskiiiu4,Michael Volaski
Apr 18,home,Santa Barbara,L,6-5,6,5,1,win,20150418_iioj,0,0,0,0,0.0,,,,0.0,,,2015,2014-15,Ventura,ventura,michaelvolaskiiiu4,Michael Volaski
Apr 21,home,Santa Barbara,L,5-4,5,4,1,win,20150421_uwfd,0,0,0,0,0.0,,,,0.0,,,2015,2014-15,Ventura,ventura,michaelvolaskiiiu4,Michael Volaski
Apr 23,home,Oxnard,L,8-2,8,2,6,win,20150423_wvo8,0,0,0,0,0.0,,,,0.0,,,2015,2014-15,Ventura,ventura,michaelvolaskiiiu4,Michael Volaski
Apr 24,home,Oxnard,L,12-7,12,7,5,win,20150424_b3lg,0,0,0,0,0.0,,,,0.0,,,2015,2014-15,Ventura,ventura,michaelvolaskiiiu4,Michael Volaski
Jan 27,home,Mt. San Jacinto,W,6-4,6,4,2,win,20150127_xzlf,0,0,0,0,0.0,,,,0.0,,,2015,2014-15,Saddleback,saddleback,alexkingziqh,Alex King
Jan 30,home,San Diego City,W,13-5,13,5,8,win,20150130_dtb0,0,0,0,0,0.0,,,,0.0,,,2015,2014-15,Saddleback,saddleback,alexkingziqh,Alex King
Jan 31,home,San Diego City,W,8-0,8,0,8,win,20150131_6ct2,0,0,0,0,0.0,,,,0.0,,,2015,2014-15,Saddleback,saddleback,alexkingziqh,Alex King
Feb 3,home,Chaffey,W,9-4,9,4,5,win,20150203_1sk5,0,0,0,0,0.0,,,,0.0,,,2015,2014-15,Saddleback,saddleback,alexkingziqh,Alex King
Feb 7,home,Santa Barbara,L,8-5,8,5,3,win,20150207_es91,0,0,0,0,0.0,,,,0.0,,,2015,2014-15,Saddleback,saddleback,alexkingziqh,Alex King
Feb 7,home,Santa Barbara,W,7-1,7,1,6,win,20150207_vvh9,0,0,0,0,0.0,,,,0.0,,,2015,2014-15,Saddleback,saddleback,alexkingziqh,Alex King
Feb 11,home,Glendale,W,9-6,9,6,3,win,20150211_mgin,0,0,0,0,0.0,,,,0.0,,,2015,2014-15,Saddleback,saddleback,alexkingziqh,Alex King
Feb 13,home,Cuesta,L,3-2,3,2,1,win,20150213_7sir,0,0,0,0,0.0,,,,0.0,,,2015,2014-15,Saddleback,saddleback,alexkingziqh,Alex King
Feb 14,home,Cuesta,W,11-2,11,2,9,win,20150214_5e0x,0,0,0,0,0.0,,,,0.0,,,2015,2014-15,Saddleback,saddleback,alexkingziqh,Alex King
Feb 17,home,San Diego Mesa,W,6-2,6,2,4,win,20150217_x228,0,0,0,0,0.0,,,,0.0,,,2015,2014-15,Saddleback,saddleback,alexkingziqh,Alex King
Feb 19,home,Chaffey,W,4-1,4,1,3,win,20150219_fjk5,0,0,0,0,0.0,,,,0.0,,,2015,2014-15,Saddleback,saddleback,alexkingziqh,Alex King
Feb 21,home,El Camino-Compton Center,W,6-1,6,1,5,win,20150221_lr78,0,0,0,0,0.0,,,,0.0,,,2015,2014-15,Saddleback,saddleback,alexkingziqh,Alex King
Feb 26,home,Santa Ana,L,13-7,13,7,6,win,20150226_mrsl,0,0,0,0,0.0,,,,0.0,,,2015,2014-15,Saddleback,saddleback,alexkingziqh,Alex King
Feb 28,home,Cypress,L,10-3,10,3,7,win,20150228_z393,0,0,0,0,0.0,,,,0.0,,,2015,2014-15,Saddleback,saddleback,alexkingziqh,Alex King
Mar 3,home,Golden West,W,9-8,9,8,1,win,20150303_b3r5,0,0,0,0,0.0,,,,0.0,,,2015,2014-15,Saddleback,saddleback,alexkingziqh,Alex King
Mar 5,home,Riverside,L,4-1,4,1,3,win,20150305_bpwy,0,0,0,0,0.0,,,,0.0,,,2015,2014-15,Saddleback,saddleback,alexkingziqh,Alex King
Mar 7,home,Fullerton,W,1-0,1,0,1,win,20150307_hwww,0,0,0,0,0.0,,,,0.0,,,2015,2014-15,Saddleback,saddleback,alexkingziqh,Alex King
Mar 10,home,Irvine Valley,W,7-4,7,4,3,win,20150310_0hl8,0,0,0,0,0.0,,,,0.0,,,2015,2014-15,Saddleback,saddleback,alexkingziqh,Alex King
Mar 12,home,Orange Coast,L,7-3,7,3,4,win,20150312_yauu,0,0,0,0,0.0,,,,0.0,,,2015,2014-15,Saddleback,saddleback,alexkingziqh,Alex King
Mar 17,home,Santa Ana,W,9-3,9,3,6,win,20150317_bdqc,0,0,0,0,0.0,,,,0.0,,,2015,2014-15,Saddleback,saddleback,alexkingziqh,Alex King
Mar 19,home,Santa Ana,W,9-0,9,0,9,win,20150319_e1zw,0,0,0,0,0.0,,,,0.0,,,2015,2014-15,Saddleback,saddleback,alexkingziqh,Alex King
Mar 21,home,Cypress,L,4-1,4,1,3,win,20150321_swz9,0,0,0,0,0.0,,,,0.0,,,2015,2014-15,Saddleback,saddleback,alexkingziqh,Alex King
Mar 24,home,Cypress,L,3-1,3,1,2,win,20150324_3dej,0,0,0,0,0.0,,,,0.0,,,2015,2014-15,Saddleback,saddleback,alexkingziqh,Alex King
Mar 26,home,Golden West,L,5-2,5,2,3,win,20150326_v4ux,0,0,0,0,0.0,,,,0.0,,,2015,2014-15,Saddleback,saddleback,alexkingziqh,Alex King
Mar 27,home,Golden West,L,7-1,7,1,6,win,20150327_76jd,0,0,0,0,0.0,,,,0.0,,,2015,2014-15,Saddleback,saddleback,alexkingziqh,Alex King
Mar 31,home,Reedley,W,13-7,13,7,6,win,20150331_leeq,0,0,0,0,0.0,,,,0.0,,,2015,2014-15,Saddleback,saddleback,alexkingziqh,Alex King
Apr 1,home,Sequoias,W,17-3,17,3,14,win,20150401_yon5,0,0,0,0,0.0,,,,0.0,,,2015,2014-15,Saddleback,saddleback,alexkingziqh,Alex King
Apr 2,home,Bakersfield,W,5-2,5,2,3,win,20150402_rmhw,0,0,0,0,0.0,,,,0.0,,,2015,2014-15,Saddleback,saddleback,alexkingziqh,Alex King
Apr 7,home,Riverside,W,8-5,8,5,3,win,20150407_tn3k,0,0,0,0,0.0,,,,0.0,,,2015,2014-15,Saddleback,saddleback,alexkingziqh,Alex King
Apr 9,home,Riverside,W,9-4,9,4,5,win,20150409_0f7n,0,0,0,0,0.0,,,,0.0,,,2015,2014-15,Saddleback,saddleback,alexkingziqh,Alex King
Apr 11,home,Fullerton,L,3-2,3,2,1,win,20150411_r72o,0,0,0,0,0.0,,,,0.0,,,2015,2014-15,Saddleback,saddleback,alexkingziqh,Alex King
Apr 14,home,Fullerton,W,4-3,4,3,1,win,20150414_76hh,0,0,0,0,0.0,,,,0.0,,,2015,2014-15,Saddleback,saddleback,alexkingziqh,Alex King
Apr 16,home,Irvine Valley,L,2-1,2,1,1,win,20150416_bs3b,0,0,0,0,0.0,,,,0.0,,,2015,2014-15,Saddleback,saddleback,alexkingziqh,Alex King
Apr 17,home,Irvine Valley,W,12-2,12,2,10,win,20150417_ywdm,0,0,0,0,0.0,,,,0.0,,,2015,2014-15,Saddleback,saddleback,alexkingziqh,Alex King
Apr 21,home,Orange Coast,W,3-1,3,1,2,win,20150421_e0vp,0,0,0,0,0.0,,,,0.0,,,2015,2014-15,Saddleback,saddleback,alexkingziqh,Alex King
Apr 23,home,Orange Coast,L,2-1,2,1,1,win,20150423_0j46,0,0,0,0,0.0,,,,0.0,,,2015,2014-15,Saddleback,saddleback,alexkingziqh,Alex King
May 1,home,San Bernardino,W,18-8,18,8,10,win,20150501_otcc,0,0,0,0,0.0,,,,0.0,,,2015,2014-15,Saddleback,saddleback,alexkingziqh,Alex King
May 2,home,San Bernardino,W,11-3,11,3,8,win,20150502_lypr,0,0,0,0,0.0,,,,0.0,,,2015,2014-15,Saddleback,saddleback,alexkingziqh,Alex King
May 8,home,Golden West,L,6-3,6,3,3,win,20150508_556a,0,0,0,0,0.0,,,,0.0,,,2015,2014-15,Saddleback,saddleback,alexkingziqh,Alex King
May 9,home,Golden West,W,2-0,2,0,2,win,20150509_n6k9,0,0,0,0,0.0,,,,0.0,,,2015,2014-15,Saddleback,saddleback,alexkingziqh,Alex King
May 10,home,Golden West,W,8-7,8,7,1,win,20150510_p3td,0,0,0,0,0.0,,,,0.0,,,2015,2014-15,Saddleback,saddleback,alexkingziqh,Alex King
May 16,home,Palomar,L,6-1,6,1,5,win,20150516_evp5,0,0,0,0,0.0,,,,0.0,,,2015,2014-15,Saddleback,saddleback,alexkingziqh,Alex King
May 17,home,Palomar,L,4-3,4,3,1,win,20150517_lpf3,0,0,0,0,0.0,,,,0.0,,,2015,2014-15,Saddleback,saddleback,alexkingziqh,Alex King
Feb 17,home,Santa Barbara,L,17-0,17,0,17,win,20150217_loan,0,0,0,0,0.0,,,,0.0,,,2015,2014-15,Moorpark,moorpark,ryaneatongarn,Ryan Eaton
Feb 28,home,Cuesta,L,11-2,11,2,9,win,20150228_1dl8,0,0,0,0,0.0,,,,0.0,,,2015,2014-15,Moorpark,moorpark,ryaneatongarn,Ryan Eaton
Jan 29,home,Santa Rosa,W,7-6,7,6,1,win,20150129_j5ks,0,0,0,0,0.0,,,,0.0,,,2015,2014-15,Chabot,chabot,michaelechaviambj0,Michael Echavia
Jan 31,home,Santa Rosa,L,4-3,4,3,1,win,20150131_mzgs,0,0,1,0,2.1,3.0,2.0,0.0,0.0,1.0,2.0,2015,2014-15,Chabot,chabot,michaelechaviambj0,Michael Echavia
Feb 3,home,Sacramento City,W,10-2,10,2,8,win,20150203_pcua,0,0,0,0,0.0,,,,0.0,,,2015,2014-15,Chabot,chabot,michaelechaviambj0,Michael Echavia
Feb 5,home,Sacramento City,L,13-7,13,7,6,win,20150205_2a1i,0,0,0,0,0.0,,,,0.0,,,2015,2014-15,Chabot,chabot,michaelechaviambj0,Michael Echavia
Feb 9,home,Sacramento City,W,7-6,7,6,1,win,20150209_0nm1,0,0,0,0,0.0,,,,0.0,,,2015,2014-15,Chabot,chabot,michaelechaviambj0,Michael Echavia
Feb 11,home,Cosumnes River,L,8-4,8,4,4,win,20150211_vfb6,0,0,0,0,0.0,2.0,4.0,4.0,inf,2.0,,2015,2014-15,Chabot,chabot,michaelechaviambj0,Michael Echavia
Feb 13,home,Fresno City,L,5-1,5,1,4,win,20150213_2d9r,0,0,0,0,3.1,4.0,3.0,3.0,8.1,1.0,2.0,2015,2014-15,Chabot,chabot,michaelechaviambj0,Michael Echavia
Feb 14,home,Fresno City,L,4-3,4,3,1,win,20150214_5ax4,0,0,0,0,0.0,,,,0.0,,,2015,2014-15,Chabot,chabot,michaelechaviambj0,Michael Echavia
Feb 17,home,Cosumnes River,L,8-5,8,5,3,win,20150217_loid,0,0,0,0,0.0,,,,0.0,,,2015,2014-15,Chabot,chabot,michaelechaviambj0,Michael Echavia
Feb 19,home,Sierra,L,5-3,5,3,2,win,20150219_ywgg,0,0,0,0,0.0,,,,0.0,,,2015,2014-15,Chabot,chabot,michaelechaviambj0,Michael Echavia
Feb 21,home,Sierra,L,9-4,9,4,5,win,20150221_fte9,0,0,0,0,1.2,2.0,,,0.0,1.0,2.0,2015,2014-15,Chabot,chabot,michaelechaviambj0,Michael Echavia
Feb 24,home,West Valley,W,12-11,12,11,1,win,20150224_cqtk,0,0,0,0,0.0,,,,0.0,,,2015,2014-15,Chabot,chabot,michaelechaviambj0,Michael Echavia
Feb 26,home,Mission,L,3-1,3,1,2,win,20150226_6yk8,0,0,0,0,0.0,,,,0.0,,,2015,2014-15,Chabot,chabot,michaelechaviambj0,Michael Echavia
Feb 27,home,San Joaquin  Delta,L,5-3,5,3,2,win,20150227_26ak,1,0,1,0,3.0,3.0,3.0,3.0,9.0,5.0,3.0,2015,2014-15,Chabot,chabot,michaelechaviambj0,Michael Echavia
Mar 3,home,San Mateo,L,7-0,7,0,7,win,20150303_hno2,0,0,0,0,0.0,,,,0.0,,,2015,2014-15,Chabot,chabot,michaelechaviambj0,Michael Echavia
Mar 5,home,Cabrillo,L,3-0,3,0,3,win,20150305_j3bm,1,0,1,0,4.1,2.0,1.0,1.0,2.08,3.0,1.0,2015,2014-15,Chabot,chabot,michaelechaviambj0,Michael Echavia
Mar 6,home,Mission,W,12-6,12,6,6,win,20150306_t3wo,0,0,0,0,0.0,,,,0.0,,,2015,2014-15,Chabot,chabot,michaelechaviambj0,Michael Echavia
Mar 10,home,Skyline,L,9-5,9,5,4,win,20150310_4zhc,0,0,0,0,0.0,,,,0.0,,,2015,2014-15,Chabot,chabot,michaelechaviambj0,Michael Echavia
Mar 12,home,San Francisco,L,3-2,3,2,1,win,20150312_6817,0,0,0,0,0.0,,,,0.0,,,2015,2014-15,Chabot,chabot,michaelechaviambj0,Michael Echavia
Mar 14,home,De Anza,L,17-4,17,4,13,win,20150314_zg9i,1,0,1,0,2.1,8.0,7.0,7.0,27.0,2.0,1.0,2015,2014-15,Chabot,chabot,michaelechaviambj0,Michael Echavia
Mar 17,home,Ohlone,W,8-0,8,0,8,win,20150316_l393,0,0,0,0,0.0,,,,0.0,,,2015,2014-15,Chabot,chabot,michaelechaviambj0,Michael Echavia
Mar 19,home,San Francisco,W,7-1,7,1,6,win,20150319_9i8v,0,0,0,0,0.0,,,,0.0,,,2015,2014-15,Chabot,chabot,michaelechaviambj0,Michael Echavia
Mar 21,home,San Mateo,L,9-3,9,3,6,win,20150321_gcby,1,0,1,0,0.2,3.0,4.0,4.0,54.0,1.0,0.0,2015,2014-15,Chabot,chabot,michaelechaviambj0,Michael Echavia
Mar 24,home,Mission,L,6-4,6,4,2,win,20150324_lfj6,0,0,0,0,0.0,,,,0.0,,,2015,2014-15,Chabot,chabot,michaelechaviambj0,Michael Echavia
Mar 26,home,West Valley,L,12-10,12,10,2,win,20150326_e4jh,0,0,0,0,0.0,,,,0.0,,,2015,2014-15,Chabot,chabot,michaelechaviambj0,Michael Echavia
Mar 28,home,Canada,W,10-3,10,3,7,win,20150328_n3us,0,0,0,0,0.0,,,,0.0,,,2015,2014-15,Chabot,chabot,michaelechaviambj0,Michael Echavia
Mar 31,home,Gavilan,W,17-11,17,11,6,win,20150330_cog5,0,0,0,0,0.0,,,,0.0,,,2015,2014-15,Chabot,chabot,michaelechaviambj0,Michael Echavia
Apr 2,home,De Anza,W,6-5,6,5,1,win,20150401_cgjl,0,0,0,0,0.0,,,,0.0,,,2015,2014-15,Chabot,chabot,michaelechaviambj0,Michael Echavia
Apr 7,home,Hartnell,W,5-4,5,4,1,win,20150407_r1qt,0,0,0,0,0.0,,,,0.0,,,2015,2014-15,Chabot,chabot,michaelechaviambj0,Michael Echavia
Apr 9,home,De Anza,W,15-4,15,4,11,win,20150408_m9ov,0,0,0,0,0.0,,,,0.0,,,2015,2014-15,Chabot,chabot,michaelechaviambj0,Michael Echavia
Apr 11,home,West Valley,W,21-9,21,9,12,win,20150411_9xwn,0,0,0,0,0.0,,,,0.0,,,2015,2014-15,Chabot,chabot,michaelechaviambj0,Michael Echavia
Apr 14,home,Monterey,L,8-4,8,4,4,win,20150414_r7ws,0,0,0,0,0.0,,,,0.0,,,2015,2014-15,Chabot,chabot,michaelechaviambj0,Michael Echavia
Apr 16,home,San Mateo,L,6-3,6,3,3,win,20150416_5tnc,0,0,0,0,0.0,,,,0.0,,,2015,2014-15,Chabot,chabot,michaelechaviambj0,Michael Echavia
Apr 18,home,Mission,W,6-4,6,4,2,win,20150418_y3rg,0,0,0,0,0.0,,,,0.0,,,2015,2014-15,Chabot,chabot,michaelechaviambj0,Michael Echavia
Apr 21,home,San Francisco,W,9-3,9,3,6,win,20150421_5s6h,0,0,0,0,0.0,,,,0.0,,,2015,2014-15,Chabot,chabot,michaelechaviambj0,Michael Echavia
Apr 22,home,San Mateo,W,15-13,15,13,2,win,20150422_8bl5,0,0,0,0,0.0,,,,0.0,,,2015,2014-15,Chabot,chabot,michaelechaviambj0,Michael Echavia
Feb 5,home,Canyons,L,13-2,13,2,11,win,20150205_4vnc,0,0,0,0,0.0,,,,0.0,,,2015,2014-15,Allan Hancock,allanhancock,coltonstudebakertkk0,Colton Studebaker
Feb 6,home,San Diego Mesa,L,17-1,17,1,16,win,20150206_bitk,0,0,0,0,0.0,,,,0.0,,,2015,2014-15,Allan Hancock,allanhancock,coltonstudebakertkk0,Colton Studebaker
Feb 7,home,Rio Hondo,L,7-2,7,2,5,win,20150207_rf6k,0,0,0,0,0.0,,,,0.0,,,2015,2014-15,Allan Hancock,allanhancock,coltonstudebakertkk0,Colton Studebaker
Feb 10,home,Bakersfield,W,6-3,6,3,3,win,20150210_1lj1,0,0,0,0,0.0,,,,0.0,,,2015,2014-15,Allan Hancock,allanhancock,coltonstudebakertkk0,Colton Studebaker
Feb 12,home,Canyons,L,2-1,2,1,1,win,20150212_rchf,0,0,0,0,0.0,,,,0.0,,,2015,2014-15,Allan Hancock,allanhancock,coltonstudebakertkk0,Colton Studebaker
Feb 14,home,Ventura,W,5-1,5,1,4,win,20150214_2rav,0,0,0,0,0.0,,,,0.0,,,2015,2014-15,Allan Hancock,allanhancock,coltonstudebakertkk0,Colton Studebaker
Feb 17,home,Ventura,W,4-0,4,0,4,win,20150217_tdsh,0,0,0,0,0.0,,,,0.0,,,2015,2014-15,Allan Hancock,allanhancock,coltonstudebakertkk0,Colton Studebaker
Feb 19,home,Cuesta,L,7-1,7,1,6,win,20150219_51st,0,0,0,0,0.0,,,,0.0,,,2015,2014-15,Allan Hancock,allanhancock,coltonstudebakertkk0,Colton Studebaker
Feb 21,home,Cuesta,W,9-5,9,5,4,win,20150221_e557,0,0,0,0,0.0,,,,0.0,,,2015,2014-15,Allan Hancock,allanhancock,coltonstudebakertkk0,Colton Studebaker
Feb 24,home,LA Pierce,L,6-5,6,5,1,win,20150224_n1tf,0,0,0,0,0.0,,,,0.0,,,2015,2014-15,Allan Hancock,allanhancock,coltonstudebakertkk0,Colton Studebaker
Feb 26,home,LA Pierce,L,5-4,5,4,1,win,20150226_lzle,0,0,0,0,0.0,,,,0.0,,,2015,2014-15,Allan Hancock,allanhancock,coltonstudebakertkk0,Colton Studebaker
Feb 28,home,Oxnard,L,7-0,7,0,7,win,20150228_7k0r,0,0,0,0,0.0,,,,0.0,,,2015,2014-15,Allan Hancock,allanhancock,coltonstudebakertkk0,Colton Studebaker
Mar 3,home,Oxnard,L,4-3,4,3,1,win,20150303_ucpp,0,0,0,0,0.0,,,,0.0,,,2015,2014-15,Allan Hancock,allanhancock,coltonstudebakertkk0,Colton Studebaker
Mar 6,home,West Hills Coalinga,W,4-2,4,2,2,win,20150306_4txl,0,0,0,0,0.0,,,,0.0,,,2015,2014-15,Allan Hancock,allanhancock,coltonstudebakertkk0,Colton Studebaker
Mar 10,home,Moorpark,L,7-2,7,2,5,win,20150310_updn,0,0,0,0,0.0,,,,0.0,,,2015,2014-15,Allan Hancock,allanhancock,coltonstudebakertkk0,Colton Studebaker
Mar 12,home,Moorpark,L,11-10,11,10,1,win,20150312_tdl7,0,0,0,0,0.0,,,,0.0,,,2015,2014-15,Allan Hancock,allanhancock,coltonstudebakertkk0,Colton Studebaker
Mar 14,home,Santa Barbara,L,2-0,2,0,2,win,20150314_x782,0,0,0,0,0.0,,,,0.0,,,2015,2014-15,Allan Hancock,allanhancock,coltonstudebakertkk0,Colton Studebaker
Mar 17,home,Santa Barbara,L,12-4,12,4,8,win,20150317_ri5x,0,0,0,0,0.0,,,,0.0,,,2015,2014-15,Allan Hancock,allanhancock,coltonstudebakertkk0,Colton Studebaker
Mar 19,home,Ventura,W,8-7,8,7,1,win,20150319_5zt4,0,0,0,0,0.0,,,,0.0,,,2015,2014-15,Allan Hancock,allanhancock,coltonstudebakertkk0,Colton Studebaker
Mar 21,home,Ventura,W,2-1,2,1,1,win,20150321_1h58,0,0,0,0,0.0,,,,0.0,,,2015,2014-15,Allan Hancock,allanhancock,coltonstudebakertkk0,Colton Studebaker
Mar 24,home,Cuesta,W,5-2,5,2,3,win,20150324_ylti,0,0,0,0,0.0,,,,0.0,,,2015,2014-15,Allan Hancock,allanhancock,coltonstudebakertkk0,Colton Studebaker
Mar 26,home,Cuesta,L,4-2,4,2,2,win,20150326_zhgm,0,0,0,0,0.0,,,,0.0,,,2015,2014-15,Allan Hancock,allanhancock,coltonstudebakertkk0,Colton Studebaker
Mar 27,home,LA Pierce,L,4-2,4,2,2,win,20150327_l034,0,0,0,0,0.0,,,,0.0,,,2015,2014-15,Allan Hancock,allanhancock,coltonstudebakertkk0,Colton Studebaker
Mar 31,home,East Los Angeles,W,12-10,12,10,2,win,20150331_49gs,0,0,0,0,0.0,,,,0.0,,,2015,2014-15,Allan Hancock,allanhancock,coltonstudebakertkk0,Colton Studebaker
Apr 2,home,Cypress,L,7-4,7,4,3,win,20150402_fkxa,0,0,0,0,0.0,,,,0.0,,,2015,2014-15,Allan Hancock,allanhancock,coltonstudebakertkk0,Colton Studebaker
Apr 8,home,LA Pierce,W,11-4,11,4,7,win,20150408_7y2s,0,0,0,0,0.0,,,,0.0,,,2015,2014-15,Allan Hancock,allanhancock,coltonstudebakertkk0,Colton Studebaker
Apr 9,home,Oxnard,L,7-5,7,5,2,win,20150409_z6jy,0,0,0,0,0.0,,,,0.0,,,2015,2014-15,Allan Hancock,allanhancock,coltonstudebakertkk0,Colton Studebaker
Apr 11,home,Oxnard,W,4-3,4,3,1,win,20150411_8dke,0,0,0,0,0.0,,,,0.0,,,2015,2014-15,Allan Hancock,allanhancock,coltonstudebakertkk0,Colton Studebaker
Apr 14,home,West Hills Coalinga,W,6-1,6,1,5,win,20150414_63wl,0,0,0,0,0.0,,,,0.0,,,2015,2014-15,Allan Hancock,allanhancock,coltonstudebakertkk0,Colton Studebaker
Apr 18,home,Moorpark,L,7-1,7,1,6,win,20150418_kb5i,0,0,0,0,0.0,,,,0.0,,,2015,2014-15,Allan Hancock,allanhancock,coltonstudebakertkk0,Colton Studebaker
Apr 21,home,Moorpark,L,10-2,10,2,8,win,20150421_f7ot,0,0,0,0,0.0,,,,0.0,,,2015,2014-15,Allan Hancock,allanhancock,coltonstudebakertkk0,Colton Studebaker
Apr 23,home,Santa Barbara,L,14-0,14,0,14,win,20150423_eqgz,0,0,0,0,0.0,,,,0.0,,,2015,2014-15,Allan Hancock,allanhancock,coltonstudebakertkk0,Colton Studebaker
Apr 24,home,Santa Barbara,L,3-1,3,1,2,win,20150424_2lmp,0,0,0,0,0.0,,,,0.0,,,2015,2014-15,Allan Hancock,allanhancock,coltonstudebakertkk0,Colton Studebaker
Feb 13,home,Folsom Lake,W,6-0,6,0,6,win,20150213_wmh8,0,0,0,0,0.0,,,,0.0,,,2015,2014-15,Gavilan,gavilan,erikzepedavzb4,Erik Zepeda
Feb 14,home,Folsom Lake,L,13-4,13,4,9,win,20150214_torj,0,0,0,0,0.0,,,,0.0,,,2015,2014-15,Gavilan,gavilan,erikzepedavzb4,Erik Zepeda
Mar 12,home,Hartnell,W,8-3,8,3,5,win,20150312_coa7,0,0,0,0,0.0,,,,0.0,,,2015,2014-15,Gavilan,gavilan,erikzepedavzb4,Erik Zepeda
Mar 19,home,West Valley,L,14-4,14,4,10,win,20150319_xhws,0,0,0,0,0.0,,,,0.0,,,2015,2014-15,Gavilan,gavilan,erikzepedavzb4,Erik Zepeda
Mar 24,home,Hartnell,L,10-1,10,1,9,win,20150324_urq1,0,0,0,0,0.0,,,,0.0,,,2015,2014-15,Gavilan,gavilan,erikzepedavzb4,Erik Zepeda
Apr 18,home,Skyline,W,8-0,8,0,8,win,20150418_aaqe,0,0,0,0,0.0,,,,0.0,,,2015,2014-15,Gavilan,gavilan,erikzepedavzb4,Erik Zepeda
Jan 27,home,Canada,L,4-2,4,2,2,win,20150127_fr1v,0,0,0,0,0.0,,,,0.0,,,2015,2014-15,Merced,merced,ryancumberlandzdrv,Ryan Cumberland
Jan 29,home,Mission,W,8-7,8,7,1,win,20150129_24r3,0,0,0,0,0.0,,,,0.0,,,2015,2014-15,Merced,merced,ryancumberlandzdrv,Ryan Cumberland
Jan 31,home,Diablo Valley,L,7-6,7,6,1,win,20150131_j4h5,0,0,0,0,0.0,,,,0.0,,,2015,2014-15,Merced,merced,ryancumberlandzdrv,Ryan Cumberland
Feb 3,home,Mission,W,15-11,15,11,4,win,20150203_0glv,0,0,0,0,0.0,,,,0.0,,,2015,2014-15,Merced,merced,ryancumberlandzdrv,Ryan Cumberland
Feb 5,home,Cosumnes River,W,8-5,8,5,3,win,20150205_flcy,0,0,0,0,0.0,,,,0.0,,,2015,2014-15,Merced,merced,ryancumberlandzdrv,Ryan Cumberland
Feb 6,home,Cosumnes River,W,2-0,2,0,2,win,20150206_tccg,0,0,0,0,0.0,,,,0.0,,,2015,2014-15,Merced,merced,ryancumberlandzdrv,Ryan Cumberland
Feb 12,home,Rio Hondo,L,7-5,7,5,2,win,20150212_yekh,0,0,0,0,0.0,,,,0.0,,,2015,2014-15,Merced,merced,ryancumberlandzdrv,Ryan Cumberland
Feb 13,home,Cypress,L,21-1,21,1,20,win,20150213_41z9,0,0,0,0,0.0,,,,0.0,,,2015,2014-15,Merced,merced,ryancumberlandzdrv,Ryan Cumberland
Feb 14,home,Cypress,W,13-12,13,12,1,win,20150214_7zuj,0,0,0,0,0.0,,,,0.0,,,2015,2014-15,Merced,merced,ryancumberlandzdrv,Ryan Cumberland
Feb 17,home,Porterville,W,15-3,15,3,12,win,20150217_6nve,0,0,0,0,0.0,,,,0.0,,,2015,2014-15,Merced,merced,ryancumberlandzdrv,Ryan Cumberland
Feb 19,home,Porterville,W,9-0,9,0,9,win,20150219_r028,0,0,0,0,0.0,,,,0.0,,,2015,2014-15,Merced,merced,ryancumberlandzdrv,Ryan Cumberland
Feb 21,home,Porterville,W,6-1,6,1,5,win,20150221_tmn5,0,0,0,0,0.0,,,,0.0,,,2015,2014-15,Merced,merced,ryancumberlandzdrv,Ryan Cumberland
Feb 24,home,Sequoias,L,5-1,5,1,4,win,20150224_k05o,0,0,0,0,0.0,,,,0.0,,,2015,2014-15,Merced,merced,ryancumberlandzdrv,Ryan Cumberland
Feb 26,home,Sequoias,W,10-2,10,2,8,win,20150226_62m4,0,0,0,0,0.0,,,,0.0,,,2015,2014-15,Merced,merced,ryancumberlandzdrv,Ryan Cumberland
Feb 28,home,Sequoias,W,6-3,6,3,3,win,20150228_zq86,0,0,0,0,0.0,,,,0.0,,,2015,2014-15,Merced,merced,ryancumberlandzdrv,Ryan Cumberland
Mar 3,home,Reedley,L,5-4,5,4,1,win,20150303_m2nz,0,0,0,0,0.0,,,,0.0,,,2015,2014-15,Merced,merced,ryancumberlandzdrv,Ryan Cumberland
Mar 5,home,Reedley,W,4-3,4,3,1,win,20150305_ucfq,0,0,0,0,0.0,,,,0.0,,,2015,2014-15,Merced,merced,ryancumberlandzdrv,Ryan Cumberland
Mar 7,home,Reedley,W,8-7,8,7,1,win,20150307_sx3l,0,0,0,0,0.0,,,,0.0,,,2015,2014-15,Merced,merced,ryancumberlandzdrv,Ryan Cumberland
Mar 10,home,West Hills Coalinga,W,6-1,6,1,5,win,20150310_qdc1,0,0,0,0,0.0,,,,0.0,,,2015,2014-15,Merced,merced,ryancumberlandzdrv,Ryan Cumberland
Mar 12,home,West Hills Coalinga,L,4-2,4,2,2,win,20150312_86nt,0,0,0,0,0.0,,,,0.0,,,2015,2014-15,Merced,merced,ryancumberlandzdrv,Ryan Cumberland
Mar 14,home,West Hills Coalinga,W,10-5,10,5,5,win,20150314_qspz,0,0,0,0,0.0,,,,0.0,,,2015,2014-15,Merced,merced,ryancumberlandzdrv,Ryan Cumberland
Mar 17,home,Fresno City,L,9-0,9,0,9,win,20150317_zalv,0,0,0,0,0.0,,,,0.0,,,2015,2014-15,Merced,merced,ryancumberlandzdrv,Ryan Cumberland
Mar 19,home,Fresno City,L,4-3,4,3,1,win,20150319_1uty,0,0,0,0,0.0,,,,0.0,,,2015,2014-15,Merced,merced,ryancumberlandzdrv,Ryan Cumberland
Mar 21,home,Fresno City,L,13-4,13,4,9,win,20150321_qd6h,0,0,0,0,0.0,,,,0.0,,,2015,2014-15,Merced,merced,ryancumberlandzdrv,Ryan Cumberland
Mar 31,home,Canyons,W,17-5,17,5,12,win,20150331_2fb9,0,0,0,0,0.0,,,,0.0,,,2015,2014-15,Merced,merced,ryancumberlandzdrv,Ryan Cumberland
Apr 1,home,Cerritos,L,10-1,10,1,9,win,20150401_hd07,0,0,0,0,0.0,,,,0.0,,,2015,2014-15,Merced,merced,ryancumberlandzdrv,Ryan Cumberland
Apr 2,home,East Los Angeles,W,7-1,7,1,6,win,20150402_62q7,0,0,0,0,0.0,,,,0.0,,,2015,2014-15,Merced,merced,ryancumberlandzdrv,Ryan Cumberland
Apr 8,home,Taft,W,9-7,9,7,2,win,20150408_rzug,0,0,0,0,0.0,,,,0.0,,,2015,2014-15,Merced,merced,ryancumberlandzdrv,Ryan Cumberland
Apr 9,home,Taft,L,3-1,3,1,2,win,20150409_c190,0,0,0,0,0.0,,,,0.0,,,2015,2014-15,Merced,merced,ryancumberlandzdrv,Ryan Cumberland
Apr 11,home,Taft,W,6-4,6,4,2,win,20150411_q2wk,0,0,0,0,0.0,,,,0.0,,,2015,2014-15,Merced,merced,ryancumberlandzdrv,Ryan Cumberland
Apr 14,home,Reedley,W,10-5,10,5,5,win,20150414_j11g,0,0,0,0,0.0,,,,0.0,,,2015,2014-15,Merced,merced,ryancumberlandzdrv,Ryan Cumberland
Apr 16,home,Taft,W,13-3,13,3,10,win,20150416_jt8o,0,0,0,0,0.0,,,,0.0,,,2015,2014-15,Merced,merced,ryancumberlandzdrv,Ryan Cumberland
Apr 18,home,Porterville,W,7-2,7,2,5,win,20150418_720n,0,0,0,0,0.0,,,,0.0,,,2015,2014-15,Merced,merced,ryancumberlandzdrv,Ryan Cumberland
Apr 21,home,West Hills Coalinga,W,19-4,19,4,15,win,20150421_jeli,0,0,0,0,0.0,,,,0.0,,,2015,2014-15,Merced,merced,ryancumberlandzdrv,Ryan Cumberland
Apr 23,home,Sequoias,W,5-4,5,4,1,win,20150423_n60a,0,0,0,0,0.0,,,,0.0,,,2015,2014-15,Merced,merced,ryancumberlandzdrv,Ryan Cumberland
Apr 24,home,Fresno City,L,14-4,14,4,10,win,20150424_3jm4,0,0,0,0,0.0,,,,0.0,,,2015,2014-15,Merced,merced,ryancumberlandzdrv,Ryan Cumberland
May 1,home,San Mateo,L,12-3,12,3,9,win,20150501_htjj,0,0,0,0,0.0,,,,0.0,,,2015,2014-15,Merced,merced,ryancumberlandzdrv,Ryan Cumberland
May 2,home,San Mateo,L,6-1,6,1,5,win,20150502_kdgf,0,0,0,0,0.0,,,,0.0,,,2015,2014-15,Merced,merced,ryancumberlandzdrv,Ryan Cumberland
Feb 4,home,Lassen,W,10-9,10,9,1,win,20150204_4d8u,0,0,0,0,0.0,,,,0.0,,,2015,2014-15,Yuba,yuba,andrewhorneqghx,Andrew Horne
Feb 5,home,Lassen,W,4-3,4,3,1,win,20150205_168a,0,0,0,0,0.0,,,,0.0,,,2015,2014-15,Yuba,yuba,andrewhorneqghx,Andrew Horne
Feb 12,home,Feather River,L,10-1,10,1,9,win,20150212_tioz,0,0,0,0,0.0,,,,0.0,,,2015,2014-15,Yuba,yuba,andrewhorneqghx,Andrew Horne
Feb 14,home,West Valley,L,9-3,9,3,6,win,20150214_rdzh,0,0,0,0,0.0,,,,0.0,,,2015,2014-15,Yuba,yuba,andrewhorneqghx,Andrew Horne
Feb 26,home,Marin,L,16-4,16,4,12,win,20150226_ejnc,0,0,0,0,0.0,,,,0.0,,,2015,2014-15,Yuba,yuba,andrewhorneqghx,Andrew Horne
Mar 3,home,Solano,L,10-5,10,5,5,win,20150303_03ti,0,0,0,0,0.0,,,,0.0,,,2015,2014-15,Yuba,yuba,andrewhorneqghx,Andrew Horne
Mar 7,home,Los Medanos,L,16-7,16,7,9,win,20150307_9ng1,0,0,0,0,0.0,,,,0.0,,,2015,2014-15,Yuba,yuba,andrewhorneqghx,Andrew Horne
Mar 17,home,Laney,W,14-2,14,2,12,win,20150317_f3b6,0,0,0,0,0.0,,,,0.0,,,2015,2014-15,Yuba,yuba,andrewhorneqghx,Andrew Horne
Mar 19,home,Mendocino,L,6-4,6,4,2,win,20150319_hifj,0,0,0,0,0.0,,,,0.0,,,2015,2014-15,Yuba,yuba,andrewhorneqghx,Andrew Horne
Mar 26,home,Contra Costa,W,15-5,15,5,10,win,20150326_7s50,0,0,0,0,0.0,,,,0.0,,,2015,2014-15,Yuba,yuba,andrewhorneqghx,Andrew Horne
Apr 2,home,Napa,L,5-3,5,3,2,win,20150402_cio7,0,0,0,0,0.0,,,,0.0,,,2015,2014-15,Yuba,yuba,andrewhorneqghx,Andrew Horne
Apr 8,home,Marin,W,4-2,4,2,2,win,20150408_nsce,0,0,0,0,0.0,,,,0.0,,,2015,2014-15,Yuba,yuba,andrewhorneqghx,Andrew Horne
Apr 9,home,Solano,L,11-5,11,5,6,win,20150409_g4a9,0,0,0,0,0.0,,,,0.0,,,2015,2014-15,Yuba,yuba,andrewhorneqghx,Andrew Horne
Apr 10,home,Los Medanos,L,9-8,9,8,1,win,20150410_xa3j,0,0,0,0,0.0,,,,0.0,,,2015,2014-15,Yuba,yuba,andrewhorneqghx,Andrew Horne
Apr 14,home,Folsom Lake,L,6-5,6,5,1,win,20150414_209l,0,0,0,0,0.0,,,,0.0,,,2015,2014-15,Yuba,yuba,andrewhorneqghx,Andrew Horne
Apr 17,home,Mendocino,W,11-3,11,3,8,win,20150417_5xn7,0,0,0,0,0.0,,,,0.0,,,2015,2014-15,Yuba,yuba,andrewhorneqghx,Andrew Horne
Apr 21,home,Contra Costa,W,5-2,5,2,3,win,20150421_xez6,0,0,0,0,0.0,,,,0.0,,,2015,2014-15,Yuba,yuba,andrewhorneqghx,Andrew Horne
Jan 27,home,Gavilan,W,3-2,3,2,1,win,20150127_x6vg,1,0,0,0,5.0,1.0,2.0,0.0,0.0,4.0,7.0,2015,2014-15,San Joaquin  Delta,sanjoaquindelta,deankremerpshi,Dean Kremer
Feb 3,home,West Valley,W,12-7,12,7,5,win,20150203_eorq,1,1,0,0,5.0,7.0,4.0,4.0,7.2,2.0,4.0,2015,2014-15,San Joaquin  Delta,sanjoaquindelta,deankremerpshi,Dean Kremer
Feb 10,home,San Mateo,W,8-2,8,2,6,win,20150210_m7wq,1,1,0,0,5.0,4.0,2.0,2.0,3.6,3.0,1.0,2015,2014-15,San Joaquin  Delta,sanjoaquindelta,deankremerpshi,Dean Kremer
Feb 19,home,Cabrillo,W,4-3,4,3,1,win,20150219_tuxo,0,0,0,0,1.2,3.0,1.0,1.0,5.4,,2.0,2015,2014-15,San Joaquin  Delta,sanjoaquindelta,deankremerpshi,Dean Kremer
Feb 21,home,Cabrillo,W,14-1,14,1,13,win,20150221_v8kd,0,0,0,0,0.0,,,,0.0,,,2015,2014-15,San Joaquin  Delta,sanjoaquindelta,deankremerpshi,Dean Kremer
Feb 27,home,Chabot,W,5-3,5,3,2,win,20150227_26ak,1,1,0,0,5.2,8.0,3.0,3.0,4.76,1.0,4.0,2015,2014-15,San Joaquin  Delta,sanjoaquindelta,deankremerpshi,Dean Kremer
Mar 5,home,Modesto,W,3-0,3,0,3,win,20150305_0qyx,1,1,0,0,9.0,3.0,0.0,0.0,0.0,0.0,8.0,2015,2014-15,San Joaquin  Delta,sanjoaquindelta,deankremerpshi,Dean Kremer
Mar 12,home,Santa Rosa,W,5-1,5,1,4,win,20150312_rxbw,1,0,0,0,6.0,1.0,0.0,0.0,0.0,4.0,4.0,2015,2014-15,San Joaquin  Delta,sanjoaquindelta,deankremerpshi,Dean Kremer
Mar 19,home,American River,W,10-1,10,1,9,win,20150319_c7n5,1,1,0,0,7.0,4.0,1.0,1.0,1.29,1.0,5.0,2015,2014-15,San Joaquin  Delta,sanjoaquindelta,deankremerpshi,Dean Kremer
Mar 26,home,Modesto,W,10-4,10,4,6,win,20150326_k1ue,1,1,0,0,7.0,7.0,4.0,3.0,3.86,2.0,3.0,2015,2014-15,San Joaquin  Delta,sanjoaquindelta,deankremerpshi,Dean Kremer
Apr 2,home,Sierra,W,7-1,7,1,6,win,20150402_mf2n,1,1,0,0,8.0,1.0,1.0,1.0,1.13,1.0,8.0,2015,2014-15,San Joaquin  Delta,sanjoaquindelta,deankremerpshi,Dean Kremer
Apr 9,home,Sacramento City,W,7-1,7,1,6,win,20150409_0xv5,1,1,0,0,8.0,5.0,1.0,0.0,0.0,1.0,9.0,2015,2014-15,San Joaquin  Delta,sanjoaquindelta,deankremerpshi,Dean Kremer
Apr 16,home,Diablo Valley,W,7-0,7,0,7,win,20150416_tl2k,1,1,0,0,7.0,4.0,0.0,0.0,0.0,0.0,3.0,2015,2014-15,San Joaquin  Delta,sanjoaquindelta,deankremerpshi,Dean Kremer
Apr 24,home,Cosumnes River,W,3-1,3,1,2,win,20150424_4qrw,1,1,0,0,8.0,4.0,1.0,1.0,1.13,1.0,6.0,2015,2014-15,San Joaquin  Delta,sanjoaquindelta,deankremerpshi,Dean Kremer
May 2,home,Sequoias,L,8-4,8,4,4,win,20150502_pbeg,1,0,1,0,6.1,9.0,7.0,5.0,7.11,3.0,4.0,2015,2014-15,San Joaquin  Delta,sanjoaquindelta,deankremerpshi,Dean Kremer
May 9,home,Cabrillo,W,8-2,8,2,6,win,20150509_7yq3,1,1,0,0,9.0,8.0,2.0,2.0,2.0,1.0,8.0,2015,2014-15,San Joaquin  Delta,sanjoaquindelta,deankremerpshi,Dean Kremer
May 16,home,San Mateo,W,8-5,8,5,3,win,20150516_npf0,1,1,0,0,6.0,3.0,2.0,0.0,0.0,4.0,7.0,2015,2014-15,San Joaquin  Delta,sanjoaquindelta,deankremerpshi,Dean Kremer
May 24,home,Fresno City,W,13-2,13,2,11,win,20150524_fk8o,1,1,0,0,9.0,7.0,2.0,2.0,2.0,3.0,7.0,2015,2014-15,San Joaquin  Delta,sanjoaquindelta,deankremerpshi,Dean Kremer
Jan 27,home,Antelope Valley,W,3-0,3,0,3,win,20150127_0zl7,0,0,0,0,0.0,,,,0.0,,,2015,2014-15,Moorpark,moorpark,ryanmulvillehxgm,Ryan Mulville
Jan 30,home,Porterville,W,6-4,6,4,2,win,20150130_dyi3,0,0,0,0,0.0,,,,0.0,,,2015,2014-15,Moorpark,moorpark,ryanmulvillehxgm,Ryan Mulville
Jan 31,home,Sequoias,L,11-2,11,2,9,win,20150131_zec9,0,0,0,0,0.0,,,,0.0,,,2015,2014-15,Moorpark,moorpark,ryanmulvillehxgm,Ryan Mulville
Feb 1,home,Bakersfield,W,5-4,5,4,1,win,20150201_lmqn,0,0,0,0,0.0,,,,0.0,,,2015,2014-15,Moorpark,moorpark,ryanmulvillehxgm,Ryan Mulville
Feb 3,home,East Los Angeles,W,12-10,12,10,2,win,20150203_sppj,0,0,0,0,0.0,,,,0.0,,,2015,2014-15,Moorpark,moorpark,ryanmulvillehxgm,Ryan Mulville
Feb 5,home,LA Valley,L,2-1,2,1,1,win,20150205_ittd,0,0,0,0,0.0,,,,0.0,,,2015,2014-15,Moorpark,moorpark,ryanmulvillehxgm,Ryan Mulville
Feb 10,home,Cypress,W,10-4,10,4,6,win,20150210_bcqb,0,0,0,0,0.0,,,,0.0,,,2015,2014-15,Moorpark,moorpark,ryanmulvillehxgm,Ryan Mulville
Feb 12,home,Bakersfield,W,4-2,4,2,2,win,20150212_h4hg,0,0,0,0,0.0,,,,0.0,,,2015,2014-15,Moorpark,moorpark,ryanmulvillehxgm,Ryan Mulville
Feb 14,home,Santa Barbara,L,8-3,8,3,5,win,20150214_wj0p,0,0,0,0,0.0,,,,0.0,,,2015,2014-15,Moorpark,moorpark,ryanmulvillehxgm,Ryan Mulville
Feb 17,home,Santa Barbara,L,17-0,17,0,17,win,20150217_loan,0,0,0,0,0.0,,,,0.0,,,2015,2014-15,Moorpark,moorpark,ryanmulvillehxgm,Ryan Mulville
Feb 19,home,LA Pierce,L,7-1,7,1,6,win,20150219_4qhl,0,0,0,0,0.0,,,,0.0,,,2015,2014-15,Moorpark,moorpark,ryanmulvillehxgm,Ryan Mulville
Feb 21,home,LA Pierce,W,9-4,9,4,5,win,20150221_0lmh,0,0,0,0,0.0,,,,0.0,,,2015,2014-15,Moorpark,moorpark,ryanmulvillehxgm,Ryan Mulville
Feb 24,home,Ventura,W,5-0,5,0,5,win,20150224_bz0q,0,0,0,0,0.0,,,,0.0,,,2015,2014-15,Moorpark,moorpark,ryanmulvillehxgm,Ryan Mulville
Feb 26,home,Ventura,L,14-9,14,9,5,win,20150226_7i69,0,0,0,0,0.0,,,,0.0,,,2015,2014-15,Moorpark,moorpark,ryanmulvillehxgm,Ryan Mulville
Mar 5,home,Oxnard,W,4-3,4,3,1,win,20150305_p8ar,0,0,0,0,0.0,,,,0.0,,,2015,2014-15,Moorpark,moorpark,ryanmulvillehxgm,Ryan Mulville
Mar 7,home,Oxnard,L,1-0,1,0,1,win,20150307_hdxx,0,0,0,0,0.0,,,,0.0,,,2015,2014-15,Moorpark,moorpark,ryanmulvillehxgm,Ryan Mulville
Mar 10,home,Allan Hancock,W,7-2,7,2,5,win,20150310_updn,0,0,0,0,0.0,,,,0.0,,,2015,2014-15,Moorpark,moorpark,ryanmulvillehxgm,Ryan Mulville
Mar 12,home,Allan Hancock,W,11-10,11,10,1,win,20150312_tdl7,0,0,0,0,0.0,,,,0.0,,,2015,2014-15,Moorpark,moorpark,ryanmulvillehxgm,Ryan Mulville
Mar 17,home,Rio Hondo,W,6-2,6,2,4,win,20150317_md2u,0,0,0,0,0.0,,,,0.0,,,2015,2014-15,Moorpark,moorpark,ryanmulvillehxgm,Ryan Mulville
Mar 19,home,Santa Barbara,L,6-1,6,1,5,win,20150319_l1na,0,0,0,0,0.0,,,,0.0,,,2015,2014-15,Moorpark,moorpark,ryanmulvillehxgm,Ryan Mulville
Mar 21,home,Santa Barbara,L,8-5,8,5,3,win,20150321_56pb,0,0,0,0,0.0,,,,0.0,,,2015,2014-15,Moorpark,moorpark,ryanmulvillehxgm,Ryan Mulville
Mar 24,home,LA Pierce,W,9-6,9,6,3,win,20150324_goci,0,0,0,0,0.0,,,,0.0,,,2015,2014-15,Moorpark,moorpark,ryanmulvillehxgm,Ryan Mulville
Mar 26,home,LA Pierce,W,6-5,6,5,1,win,20150326_mc5u,0,0,0,0,0.0,,,,0.0,,,2015,2014-15,Moorpark,moorpark,ryanmulvillehxgm,Ryan Mulville
Mar 27,home,Ventura,L,3-2,3,2,1,win,20150327_ot2a,0,0,0,0,0.0,,,,0.0,,,2015,2014-15,Moorpark,moorpark,ryanmulvillehxgm,Ryan Mulville
Mar 30,home,Chaffey,W,4-3,4,3,1,win,20150330_b335,0,0,0,0,0.0,,,,0.0,,,2015,2014-15,Moorpark,moorpark,ryanmulvillehxgm,Ryan Mulville
Apr 2,home,LA Valley,L,8-7,8,7,1,win,20150402_xszq,0,0,0,0,0.0,,,,0.0,,,2015,2014-15,Moorpark,moorpark,ryanmulvillehxgm,Ryan Mulville
Apr 3,home,Taft,W,12-4,12,4,8,win,20150403_ujjd,0,0,0,0,0.0,,,,0.0,,,2015,2014-15,Moorpark,moorpark,ryanmulvillehxgm,Ryan Mulville
Apr 9,home,Cuesta,W,9-5,9,5,4,win,20150409_mvp5,0,0,0,0,0.0,,,,0.0,,,2015,2014-15,Moorpark,moorpark,ryanmulvillehxgm,Ryan Mulville
Apr 10,home,Ventura,L,10-5,10,5,5,win,20150410_a88y,0,0,0,0,0.0,,,,0.0,,,2015,2014-15,Moorpark,moorpark,ryanmulvillehxgm,Ryan Mulville
Apr 11,home,Cuesta,L,6-4,6,4,2,win,20150411_tyka,0,0,0,0,0.0,,,,0.0,,,2015,2014-15,Moorpark,moorpark,ryanmulvillehxgm,Ryan Mulville
Apr 14,home,Oxnard,W,4-3,4,3,1,win,20150414_rt6f,0,0,0,0,0.0,,,,0.0,,,2015,2014-15,Moorpark,moorpark,ryanmulvillehxgm,Ryan Mulville
Apr 16,home,Oxnard,L,11-9,11,9,2,win,20150416_0phf,0,0,0,0,0.0,,,,0.0,,,2015,2014-15,Moorpark,moorpark,ryanmulvillehxgm,Ryan Mulville
Apr 18,home,Allan Hancock,W,7-1,7,1,6,win,20150418_kb5i,0,0,0,0,0.0,,,,0.0,,,2015,2014-15,Moorpark,moorpark,ryanmulvillehxgm,Ryan Mulville
Apr 21,home,Allan Hancock,W,10-2,10,2,8,win,20150421_f7ot,0,0,0,0,0.0,,,,0.0,,,2015,2014-15,Moorpark,moorpark,ryanmulvillehxgm,Ryan Mulville
Jan 30,home,Irvine Valley,L,9-2,9,2,7,win,20150130_5gny,0,0,0,0,0.0,,,,0.0,,,2015,2014-15,LA Valley,lavalley,alexcarbajal3h14,Alex Carbajal
Feb 6,home,LA Pierce,W,17-4,17,4,13,win,20150206_h4kz,0,0,0,0,0.0,,,,0.0,,,2015,2014-15,LA Valley,lavalley,alexcarbajal3h14,Alex Carbajal
Feb 12,home,El Camino-Compton Center,L,5-2,5,2,3,win,20150212_j5eg,0,0,0,0,0.0,,,,0.0,,,2015,2014-15,LA Valley,lavalley,alexcarbajal3h14,Alex Carbajal
Feb 13,home,Pasadena,W,11-2,11,2,9,win,20150213_qzk7,0,0,0,0,0.0,,,,0.0,,,2015,2014-15,LA Valley,lavalley,alexcarbajal3h14,Alex Carbajal
Feb 19,home,Pasadena,W,8-1,8,1,7,win,20150219_fhh6,0,0,0,0,0.0,,,,0.0,,,2015,2014-15,LA Valley,lavalley,alexcarbajal3h14,Alex Carbajal
Feb 24,home,LA Harbor,L,3-2,3,2,1,win,20150224_mb1u,0,0,0,0,0.0,,,,0.0,,,2015,2014-15,LA Valley,lavalley,alexcarbajal3h14,Alex Carbajal
Feb 27,home,LA Harbor,W,7-1,7,1,6,win,20150227_hy3k,0,0,0,0,0.0,,,,0.0,,,2015,2014-15,LA Valley,lavalley,alexcarbajal3h14,Alex Carbajal
Mar 3,home,LA Mission,W,6-5,6,5,1,win,20150303_qc4i,0,0,0,0,0.0,,,,0.0,,,2015,2014-15,LA Valley,lavalley,alexcarbajal3h14,Alex Carbajal
Mar 5,home,West LA,W,8-2,8,2,6,win,20150305_om4n,0,0,0,0,0.0,,,,0.0,,,2015,2014-15,LA Valley,lavalley,alexcarbajal3h14,Alex Carbajal
Mar 7,home,Canyons,L,4-0,4,0,4,win,20150307_8aw0,0,0,0,0,0.0,,,,0.0,,,2015,2014-15,LA Valley,lavalley,alexcarbajal3h14,Alex Carbajal
Mar 17,home,Bakersfield,W,10-7,10,7,3,win,20150317_hvel,0,0,0,0,0.0,,,,0.0,,,2015,2014-15,LA Valley,lavalley,alexcarbajal3h14,Alex Carbajal
Mar 19,home,LA Mission,W,5-1,5,1,4,win,20150319_3y7n,0,0,0,0,0.0,,,,0.0,,,2015,2014-15,LA Valley,lavalley,alexcarbajal3h14,Alex Carbajal
Mar 21,home,LA Mission,W,11-4,11,4,7,win,20150321_883o,0,0,0,0,0.0,,,,0.0,,,2015,2014-15,LA Valley,lavalley,alexcarbajal3h14,Alex Carbajal
Mar 24,home,West LA,W,9-3,9,3,6,win,20150324_k3uz,0,0,0,0,0.0,,,,0.0,,,2015,2014-15,LA Valley,lavalley,alexcarbajal3h14,Alex Carbajal
Mar 26,home,West LA,W,9-1,9,1,8,win,20150326_odtj,0,0,0,0,0.0,,,,0.0,,,2015,2014-15,LA Valley,lavalley,alexcarbajal3h14,Alex Carbajal
Mar 27,home,Canyons,L,6-5,6,5,1,win,20150327_39ze,0,0,0,0,0.0,,,,0.0,,,2015,2014-15,LA Valley,lavalley,alexcarbajal3h14,Alex Carbajal
Mar 31,home,Oxnard,L,7-3,7,3,4,win,20150331_8qhs,0,0,0,0,0.0,,,,0.0,,,2015,2014-15,LA Valley,lavalley,alexcarbajal3h14,Alex Carbajal
Apr 8,home,Canyons,L,3-2,3,2,1,win,20150408_x3sz,0,0,0,0,0.0,,,,0.0,,,2015,2014-15,LA Valley,lavalley,alexcarbajal3h14,Alex Carbajal
Apr 9,home,Citrus,L,12-2,12,2,10,win,20150409_7ftv,0,0,0,0,0.0,,,,0.0,,,2015,2014-15,LA Valley,lavalley,alexcarbajal3h14,Alex Carbajal
Apr 21,home,Glendale,L,7-6,7,6,1,win,20150421_dppo,0,0,0,0,0.0,,,,0.0,,,2015,2014-15,LA Valley,lavalley,alexcarbajal3h14,Alex Carbajal
Jan 29,home,Siskiyous,W,8-3,8,3,5,win,20150129_mubq,0,0,0,0,0.0,,,,0.0,,,2015,2014-15,West Hills Coalinga,westhillscoalinga,romanogallardo1ibw,Romano Gallardo
Jan 30,home,Siskiyous,L,15-7,15,7,8,win,20150130_9r5h,0,0,0,0,0.0,,,,0.0,,,2015,2014-15,West Hills Coalinga,westhillscoalinga,romanogallardo1ibw,Romano Gallardo
Feb 14,home,Lassen,W,6-3,6,3,3,win,20150214_x3mm,0,0,0,0,0.0,,,,0.0,,,2015,2014-15,West Hills Coalinga,westhillscoalinga,romanogallardo1ibw,Romano Gallardo
Mar 31,home,Ventura,L,6-5,6,5,1,win,20150331_w2ic,0,0,0,0,0.0,,,,0.0,,,2015,2014-15,West Hills Coalinga,westhillscoalinga,romanogallardo1ibw,Romano Gallardo
Apr 21,home,Merced,L,19-4,19,4,15,win,20150421_jeli,0,0,0,0,0.0,,,,0.0,,,2015,2014-15,West Hills Coalinga,westhillscoalinga,romanogallardo1ibw,Romano Gallardo
Jan 29,home,Cuesta,W,6-1,6,1,5,win,20150129_gc0p,0,0,0,0,0.0,,,,0.0,,,2015,2014-15,Riverside,riverside,rooseveltbatesh8t2,Roosevelt Bates
Jan 30,home,Cuesta,W,4-2,4,2,2,win,20150130_ll7m,0,0,0,0,0.0,,,,0.0,,,2015,2014-15,Riverside,riverside,rooseveltbatesh8t2,Roosevelt Bates
Jan 31,home,Cuesta,W,4-3,4,3,1,win,20150131_35pp,0,0,0,0,0.0,,,,0.0,,,2015,2014-15,Riverside,riverside,rooseveltbatesh8t2,Roosevelt Bates
Feb 3,home,Mt. San Jacinto,W,9-6,9,6,3,win,20150203_1dd1,0,0,0,0,0.0,,,,0.0,,,2015,2014-15,Riverside,riverside,rooseveltbatesh8t2,Roosevelt Bates
Feb 6,home,East Los Angeles,W,4-3,4,3,1,win,20150206_9rbe,0,0,0,0,0.0,,,,0.0,,,2015,2014-15,Riverside,riverside,rooseveltbatesh8t2,Roosevelt Bates
Feb 7,home,East Los Angeles,W,9-2,9,2,7,win,20150207_tegn,0,0,0,0,0.0,,,,0.0,,,2015,2014-15,Riverside,riverside,rooseveltbatesh8t2,Roosevelt Bates
Feb 13,home,Western Nevada,W,8-1,8,1,7,win,20150213_1tmm,0,0,0,0,0.0,,,,0.0,,,2015,2014-15,Riverside,riverside,rooseveltbatesh8t2,Roosevelt Bates
Feb 14,home,Western Nevada,W,7-1,7,1,6,win,20150214_g58a,0,0,0,0,0.0,,,,0.0,,,2015,2014-15,Riverside,riverside,rooseveltbatesh8t2,Roosevelt Bates
Feb 15,home,Western Nevada,W,8-5,8,5,3,win,20150215_71lo,0,0,0,0,0.0,,,,0.0,,,2015,2014-15,Riverside,riverside,rooseveltbatesh8t2,Roosevelt Bates
Feb 17,home,Mt. San Antonio,L,13-4,13,4,9,win,20150217_pmed,0,0,0,0,0.0,,,,0.0,,,2015,2014-15,Riverside,riverside,rooseveltbatesh8t2,Roosevelt Bates
Feb 19,home,Mt. San Jacinto,W,9-8,9,8,1,win,20150219_z49w,0,0,0,0,0.0,,,,0.0,,,2015,2014-15,Riverside,riverside,rooseveltbatesh8t2,Roosevelt Bates
Feb 24,home,Mt. San Antonio,W,11-4,11,4,7,win,20150224_rv5x,0,0,0,0,0.0,,,,0.0,,,2015,2014-15,Riverside,riverside,rooseveltbatesh8t2,Roosevelt Bates
Feb 26,home,Orange Coast,L,4-3,4,3,1,win,20150226_tvw9,0,0,0,0,0.0,,,,0.0,,,2015,2014-15,Riverside,riverside,rooseveltbatesh8t2,Roosevelt Bates
Feb 28,home,Irvine Valley,L,4-1,4,1,3,win,20150228_i4t0,0,0,0,0,0.0,,,,0.0,,,2015,2014-15,Riverside,riverside,rooseveltbatesh8t2,Roosevelt Bates
Mar 5,home,Saddleback,W,4-1,4,1,3,win,20150305_bpwy,0,0,0,0,0.0,,,,0.0,,,2015,2014-15,Riverside,riverside,rooseveltbatesh8t2,Roosevelt Bates
Mar 7,home,Cypress,L,8-3,8,3,5,win,20150307_nyul,0,0,0,0,0.0,,,,0.0,,,2015,2014-15,Riverside,riverside,rooseveltbatesh8t2,Roosevelt Bates
Mar 26,home,Santa Ana,W,7-0,7,0,7,win,20150326_49o7,0,0,0,0,0.0,,,,0.0,,,2015,2014-15,Riverside,riverside,rooseveltbatesh8t2,Roosevelt Bates
Apr 1,home,Santa Barbara,L,5-2,5,2,3,win,20150401_ba1w,0,0,0,0,0.0,,,,0.0,,,2015,2014-15,Riverside,riverside,rooseveltbatesh8t2,Roosevelt Bates
Apr 16,home,Fullerton,W,9-3,9,3,6,win,20150416_238x,0,0,0,0,0.0,,,,0.0,,,2015,2014-15,Riverside,riverside,rooseveltbatesh8t2,Roosevelt Bates
Jan 27,home,Laney,L,5-4,5,4,1,win,20150127_cogz,0,0,0,0,0.0,,,,0.0,,,2015,2014-15,San Francisco,sanfrancisco,jimmywilliams5fvs,Jimmy Williams
Jan 29,home,Contra Costa,W,8-6,8,6,2,win,20150129_oa78,0,0,0,0,0.0,,,,0.0,,,2015,2014-15,San Francisco,sanfrancisco,jimmywilliams5fvs,Jimmy Williams
Jan 31,home,Laney,L,11-0,11,0,11,win,20150131_lmz0,0,0,0,0,0.0,,,,0.0,,,2015,2014-15,San Francisco,sanfrancisco,jimmywilliams5fvs,Jimmy Williams
Feb 3,home,Gavilan,L,1-0,1,0,1,win,20150203_9t67,0,0,0,0,0.0,,,,0.0,,,2015,2014-15,San Francisco,sanfrancisco,jimmywilliams5fvs,Jimmy Williams
Feb 5,home,Contra Costa,W,2-1,2,1,1,win,20150205_mfsy,0,0,0,0,0.0,,,,0.0,,,2015,2014-15,San Francisco,sanfrancisco,jimmywilliams5fvs,Jimmy Williams
Feb 7,home,Contra Costa,L,9-2,9,2,7,win,20150207_wrs1,0,0,0,0,0.0,,,,0.0,,,2015,2014-15,San Francisco,sanfrancisco,jimmywilliams5fvs,Jimmy Williams
Feb 13,home,Napa,L,10-4,10,4,6,win,20150213_xbtf,0,0,0,0,0.0,,,,0.0,,,2015,2014-15,San Francisco,sanfrancisco,jimmywilliams5fvs,Jimmy Williams
Feb 13,home,Napa,L,2-0,2,0,2,win,20150213_lj6t,0,0,0,0,0.0,,,,0.0,,,2015,2014-15,San Francisco,sanfrancisco,jimmywilliams5fvs,Jimmy Williams
Feb 19,home,Marin,T,2-2,2,2,0,tie,20150219_mg9d,0,0,0,0,0.0,,,,0.0,,,2015,2014-15,San Francisco,sanfrancisco,jimmywilliams5fvs,Jimmy Williams
Feb 21,home,Gavilan,L,9-1,9,1,8,win,20150221_4r3t,0,0,0,0,0.0,,,,0.0,,,2015,2014-15,San Francisco,sanfrancisco,jimmywilliams5fvs,Jimmy Williams
Feb 24,home,Mission,L,5-3,5,3,2,win,20150224_hnf2,0,0,0,0,0.0,,,,0.0,,,2015,2014-15,San Francisco,sanfrancisco,jimmywilliams5fvs,Jimmy Williams
Feb 26,home,Canada,L,5-0,5,0,5,win,20150226_e40k,0,0,0,0,0.0,,,,0.0,,,2015,2014-15,San Francisco,sanfrancisco,jimmywilliams5fvs,Jimmy Williams
Feb 27,home,Skyline,L,2-1,2,1,1,win,20150227_n3oj,0,0,0,0,0.0,,,,0.0,,,2015,2014-15,San Francisco,sanfrancisco,jimmywilliams5fvs,Jimmy Williams
Mar 3,home,De Anza,L,9-0,9,0,9,win,20150303_qjos,0,0,0,0,0.0,,,,0.0,,,2015,2014-15,San Francisco,sanfrancisco,jimmywilliams5fvs,Jimmy Williams
Mar 10,home,Ohlone,L,7-1,7,1,6,win,20150310_d7yo,0,0,0,0,0.0,,,,0.0,,,2015,2014-15,San Francisco,sanfrancisco,jimmywilliams5fvs,Jimmy Williams
Mar 12,home,Chabot,W,3-2,3,2,1,win,20150312_6817,0,0,0,0,0.0,,,,0.0,,,2015,2014-15,San Francisco,sanfrancisco,jimmywilliams5fvs,Jimmy Williams
Mar 13,home,San Mateo,L,9-0,9,0,9,win,20150313_iati,0,0,0,0,0.0,,,,0.0,,,2015,2014-15,San Francisco,sanfrancisco,jimmywilliams5fvs,Jimmy Williams
Mar 17,home,Gavilan,W,2-1,2,1,1,win,20150317_nlfo,0,0,0,0,0.0,,,,0.0,,,2015,2014-15,San Francisco,sanfrancisco,jimmywilliams5fvs,Jimmy Williams
Mar 19,home,Chabot,L,7-1,7,1,6,win,20150319_9i8v,0,0,0,0,0.0,,,,0.0,,,2015,2014-15,San Francisco,sanfrancisco,jimmywilliams5fvs,Jimmy Williams
Mar 21,home,De Anza,L,5-1,5,1,4,win,20150321_vdfj,0,0,0,0,0.0,,,,0.0,,,2015,2014-15,San Francisco,sanfrancisco,jimmywilliams5fvs,Jimmy Williams
Mar 24,home,Monterey,L,13-3,13,3,10,win,20150324_56qn,0,0,0,0,0.0,,,,0.0,,,2015,2014-15,San Francisco,sanfrancisco,jimmywilliams5fvs,Jimmy Williams
Mar 27,home,De Anza,L,3-2,3,2,1,win,20150327_8ipu,0,0,0,0,0.0,,,,0.0,,,2015,2014-15,San Francisco,sanfrancisco,jimmywilliams5fvs,Jimmy Williams
Mar 31,home,Cabrillo,L,4-1,4,1,3,win,20150331_h45c,0,0,0,0,0.0,,,,0.0,,,2015,2014-15,San Francisco,sanfrancisco,jimmywilliams5fvs,Jimmy Williams
Apr 2,home,San Mateo,L,8-0,8,0,8,win,20150402_f3zr,0,0,0,0,0.0,,,,0.0,,,2015,2014-15,San Francisco,sanfrancisco,jimmywilliams5fvs,Jimmy Williams
Apr 4,home,West Valley,L,7-5,7,5,2,win,20150404_mfh5,0,0,0,0,0.0,,,,0.0,,,2015,2014-15,San Francisco,sanfrancisco,jimmywilliams5fvs,Jimmy Williams
Apr 7,home,Skyline,L,11-4,11,4,7,win,20150407_e81i,0,0,0,0,0.0,,,,0.0,,,2015,2014-15,San Francisco,sanfrancisco,jimmywilliams5fvs,Jimmy Williams
Apr 9,home,Hartnell,W,5-2,5,2,3,win,20150409_ybhz,0,0,0,0,0.0,,,,0.0,,,2015,2014-15,San Francisco,sanfrancisco,jimmywilliams5fvs,Jimmy Williams
Apr 14,home,San Mateo,L,5-3,5,3,2,win,20150414_7tpy,0,0,0,0,0.0,,,,0.0,,,2015,2014-15,San Francisco,sanfrancisco,jimmywilliams5fvs,Jimmy Williams
Apr 16,home,West Valley,L,8-1,8,1,7,win,20150416_bcwi,0,0,0,0,0.0,,,,0.0,,,2015,2014-15,San Francisco,sanfrancisco,jimmywilliams5fvs,Jimmy Williams
Apr 18,home,De Anza,L,7-0,7,0,7,win,20150418_k8kg,0,0,0,0,0.0,,,,0.0,,,2015,2014-15,San Francisco,sanfrancisco,jimmywilliams5fvs,Jimmy Williams
Apr 21,home,Chabot,L,9-3,9,3,6,win,20150421_5s6h,0,0,0,0,0.0,,,,0.0,,,2015,2014-15,San Francisco,sanfrancisco,jimmywilliams5fvs,Jimmy Williams
Apr 23,home,Mission,L,3-2,3,2,1,win,20150423_uhyi,0,0,0,0,0.0,,,,0.0,,,2015,2014-15,San Francisco,sanfrancisco,jimmywilliams5fvs,Jimmy Williams
Jan 27,home,San Diego City,L,6-5,6,5,1,win,20150127_7jrj,0,0,0,0,0.0,,,,0.0,,,2015,2014-15,Chaffey,chaffey,danielmartinezsy10,Daniel Martinez
Jan 29,home,El Camino-Compton Center,T,3-3,3,3,0,tie,20150129_zk2o,0,0,0,0,0.0,,,,0.0,,,2015,2014-15,Chaffey,chaffey,danielmartinezsy10,Daniel Martinez
Jan 31,home,El Camino-Compton Center,W,4-1,4,1,3,win,20150131_luyq,0,0,0,0,0.0,,,,0.0,,,2015,2014-15,Chaffey,chaffey,danielmartinezsy10,Daniel Martinez
Feb 12,home,Southwestern,L,11-9,11,9,2,win,20150212_gtll,0,0,0,0,0.0,,,,0.0,,,2015,2014-15,Chaffey,chaffey,danielmartinezsy10,Daniel Martinez
Feb 14,home,Grossmont,L,3-2,3,2,1,win,20150214_wgc2,0,0,0,0,0.0,,,,0.0,,,2015,2014-15,Chaffey,chaffey,danielmartinezsy10,Daniel Martinez
Feb 19,home,Saddleback,L,4-1,4,1,3,win,20150219_fjk5,0,0,0,0,0.0,,,,0.0,,,2015,2014-15,Chaffey,chaffey,danielmartinezsy10,Daniel Martinez
Feb 21,home,Cerro Coso,W,10-3,10,3,7,win,20150221_6902,0,0,0,0,0.0,,,,0.0,,,2015,2014-15,Chaffey,chaffey,danielmartinezsy10,Daniel Martinez
Feb 24,home,Victor Valley,W,2-1,2,1,1,win,20150224_qc2i,0,0,0,0,0.0,,,,0.0,,,2015,2014-15,Chaffey,chaffey,danielmartinezsy10,Daniel Martinez
Mar 5,home,San Bernardino,L,11-4,11,4,7,win,20150305_kugx,0,0,0,0,0.0,,,,0.0,,,2015,2014-15,Chaffey,chaffey,danielmartinezsy10,Daniel Martinez
Mar 10,home,Cerro Coso,W,13-3,13,3,10,win,20150310_f3me,0,0,0,0,0.0,,,,0.0,,,2015,2014-15,Chaffey,chaffey,danielmartinezsy10,Daniel Martinez
Mar 14,home,Cerro Coso,W,11-3,11,3,8,win,20150314_zz1b,0,0,0,0,0.0,,,,0.0,,,2015,2014-15,Chaffey,chaffey,danielmartinezsy10,Daniel Martinez
Mar 17,home,Victor Valley,L,10-8,10,8,2,win,20150317_v07i,0,0,0,0,0.0,,,,0.0,,,2015,2014-15,Chaffey,chaffey,danielmartinezsy10,Daniel Martinez
Mar 21,home,Victor Valley,W,9-8,9,8,1,win,20150321_qzbz,0,0,0,0,0.0,,,,0.0,,,2015,2014-15,Chaffey,chaffey,danielmartinezsy10,Daniel Martinez
Mar 24,home,Desert,W,9-8,9,8,1,win,20150324_n3u2,0,0,0,0,0.0,,,,0.0,,,2015,2014-15,Chaffey,chaffey,danielmartinezsy10,Daniel Martinez
Apr 7,home,Rio Hondo,L,13-6,13,6,7,win,20150407_k9ef,0,0,0,0,0.0,,,,0.0,,,2015,2014-15,Chaffey,chaffey,danielmartinezsy10,Daniel Martinez
Apr 21,home,Barstow,W,5-1,5,1,4,win,20150421_yj77,0,0,0,0,0.0,,,,0.0,,,2015,2014-15,Chaffey,chaffey,danielmartinezsy10,Daniel Martinez
Apr 23,home,Barstow,L,7-4,7,4,3,win,20150423_h2cb,0,0,0,0,0.0,,,,0.0,,,2015,2014-15,Chaffey,chaffey,danielmartinezsy10,Daniel Martinez
Apr 24,home,Barstow,W,11-3,11,3,8,win,20150424_e4m8,0,0,0,0,0.0,,,,0.0,,,2015,2014-15,Chaffey,chaffey,danielmartinezsy10,Daniel Martinez
Feb 13,home,Golden West,L,8-2,8,2,6,win,20150213_f8nf,0,0,0,0,0.0,,,,0.0,,,2015,2014-15,LA Harbor,laharbor,joeyrotunavq2v,Joey Rotuna
Feb 21,home,Grossmont,W,22-12,22,12,10,win,20150221_ujsj,0,0,0,0,0.0,,,,0.0,,,2015,2014-15,LA Harbor,laharbor,joeyrotunavq2v,Joey Rotuna
Mar 12,home,Long Beach,L,3-2,3,2,1,win,20150312_1xxj,0,0,0,0,0.0,,,,0.0,,,2015,2014-15,LA Harbor,laharbor,joeyrotunavq2v,Joey Rotuna
Mar 19,home,El Camino-Compton Center,L,10-4,10,4,6,win,20150319_w6un,0,0,0,0,0.0,,,,0.0,,,2015,2014-15,LA Harbor,laharbor,joeyrotunavq2v,Joey Rotuna
Mar 28,home,Pasadena,W,9-1,9,1,8,win,20150328_kvqi,0,0,0,0,0.0,,,,0.0,,,2015,2014-15,LA Harbor,laharbor,joeyrotunavq2v,Joey Rotuna
Apr 3,home,LA Pierce,W,10-3,10,3,7,win,20150403_31wk,0,0,0,0,0.0,,,,0.0,,,2015,2014-15,LA Harbor,laharbor,joeyrotunavq2v,Joey Rotuna
Apr 23,home,Cerritos,L,5-1,5,1,4,win,20150423_6yej,0,0,0,0,0.0,,,,0.0,,,2015,2014-15,LA Harbor,laharbor,joeyrotunavq2v,Joey Rotuna
Apr 20,home,Folsom Lake,L,6-3,6,3,3,win,20150420_ecx7,0,0,0,0,0.0,,,,0.0,,,2015,2014-15,Mendocino,mendocino,terrancebrembyodlm,Terrance Bremby
Feb 3,home,Skyline,W,11-6,11,6,5,win,20150203_7ev3,0,0,0,0,0.0,,,,0.0,,,2015,2014-15,Cosumnes River,cosumnesriver,robertdaughertypy1w,Robert Daugherty
Feb 5,home,Merced,L,8-5,8,5,3,win,20150205_flcy,0,0,0,0,0.0,,,,0.0,,,2015,2014-15,Cosumnes River,cosumnesriver,robertdaughertypy1w,Robert Daugherty
Feb 6,home,Merced,L,2-0,2,0,2,win,20150206_tccg,0,0,0,0,0.0,,,,0.0,,,2015,2014-15,Cosumnes River,cosumnesriver,robertdaughertypy1w,Robert Daugherty
Feb 11,home,Chabot,W,8-4,8,4,4,win,20150211_vfb6,0,0,0,0,0.0,,,,0.0,,,2015,2014-15,Cosumnes River,cosumnesriver,robertdaughertypy1w,Robert Daugherty
Feb 13,home,Lassen,W,19-2,19,2,17,win,20150213_3mzd,0,0,0,0,0.0,,,,0.0,,,2015,2014-15,Cosumnes River,cosumnesriver,robertdaughertypy1w,Robert Daugherty
Feb 17,home,Chabot,W,8-5,8,5,3,win,20150217_loid,0,0,0,0,0.0,,,,0.0,,,2015,2014-15,Cosumnes River,cosumnesriver,robertdaughertypy1w,Robert Daugherty
Feb 20,home,Sequoias,L,4-2,4,2,2,win,20150220_mx1e,0,0,0,0,0.0,,,,0.0,,,2015,2014-15,Cosumnes River,cosumnesriver,robertdaughertypy1w,Robert Daugherty
Feb 24,home,Shasta,W,20-13,20,13,7,win,20150224_yrwb,0,0,0,0,0.0,,,,0.0,,,2015,2014-15,Cosumnes River,cosumnesriver,robertdaughertypy1w,Robert Daugherty
Feb 27,home,Canyons,W,9-6,9,6,3,win,20150227_qrhk,0,0,0,0,0.0,,,,0.0,,,2015,2014-15,Cosumnes River,cosumnesriver,robertdaughertypy1w,Robert Daugherty
Mar 3,home,Santa Rosa,W,5-4,5,4,1,win,20150303_mecu,0,0,0,0,0.0,,,,0.0,,,2015,2014-15,Cosumnes River,cosumnesriver,robertdaughertypy1w,Robert Daugherty
Mar 7,home,San Joaquin  Delta,L,5-0,5,0,5,win,20150307_78iu,0,0,0,0,0.0,,,,0.0,,,2015,2014-15,Cosumnes River,cosumnesriver,robertdaughertypy1w,Robert Daugherty
Mar 10,home,Sierra,W,8-5,8,5,3,win,20150310_q844,0,0,0,0,0.0,,,,0.0,,,2015,2014-15,Cosumnes River,cosumnesriver,robertdaughertypy1w,Robert Daugherty
Mar 12,home,Sierra,W,7-1,7,1,6,win,20150312_1qp3,0,0,0,0,0.0,,,,0.0,,,2015,2014-15,Cosumnes River,cosumnesriver,robertdaughertypy1w,Robert Daugherty
Mar 14,home,Sierra,L,6-5,6,5,1,win,20150314_rzuy,0,0,0,0,0.0,,,,0.0,,,2015,2014-15,Cosumnes River,cosumnesriver,robertdaughertypy1w,Robert Daugherty
Mar 17,home,Modesto,L,9-8,9,8,1,win,20150317_zhe3,0,0,0,0,0.0,,,,0.0,,,2015,2014-15,Cosumnes River,cosumnesriver,robertdaughertypy1w,Robert Daugherty
Mar 19,home,Modesto,L,3-2,3,2,1,win,20150319_3q8b,0,0,0,0,0.0,,,,0.0,,,2015,2014-15,Cosumnes River,cosumnesriver,robertdaughertypy1w,Robert Daugherty
Mar 21,home,Modesto,L,7-2,7,2,5,win,20150321_4tph,0,0,0,0,0.0,,,,0.0,,,2015,2014-15,Cosumnes River,cosumnesriver,robertdaughertypy1w,Robert Daugherty
Mar 24,home,American River,W,10-4,10,4,6,win,20150324_eunl,0,0,0,0,0.0,,,,0.0,,,2015,2014-15,Cosumnes River,cosumnesriver,robertdaughertypy1w,Robert Daugherty
Mar 26,home,American River,W,10-3,10,3,7,win,20150326_faul,0,0,0,0,0.0,,,,0.0,,,2015,2014-15,Cosumnes River,cosumnesriver,robertdaughertypy1w,Robert Daugherty
Mar 28,home,American River,W,3-2,3,2,1,win,20150328_zf98,0,0,0,0,0.0,,,,0.0,,,2015,2014-15,Cosumnes River,cosumnesriver,robertdaughertypy1w,Robert Daugherty
Mar 31,home,Santa Rosa,L,10-5,10,5,5,win,20150331_byci,0,0,0,0,0.0,,,,0.0,,,2015,2014-15,Cosumnes River,cosumnesriver,robertdaughertypy1w,Robert Daugherty
Apr 2,home,Santa Rosa,W,5-4,5,4,1,win,20150402_ss1v,0,0,0,0,0.0,,,,0.0,,,2015,2014-15,Cosumnes River,cosumnesriver,robertdaughertypy1w,Robert Daugherty
Apr 4,home,Santa Rosa,W,2-1,2,1,1,win,20150404_4ydx,0,0,0,0,0.0,,,,0.0,,,2015,2014-15,Cosumnes River,cosumnesriver,robertdaughertypy1w,Robert Daugherty
Apr 8,home,Diablo Valley,W,2-0,2,0,2,win,20150408_5nxc,0,0,0,0,0.0,,,,0.0,,,2015,2014-15,Cosumnes River,cosumnesriver,robertdaughertypy1w,Robert Daugherty
Apr 9,home,Diablo Valley,L,6-5,6,5,1,win,20150409_om2c,0,0,0,0,0.0,,,,0.0,,,2015,2014-15,Cosumnes River,cosumnesriver,robertdaughertypy1w,Robert Daugherty
Apr 11,home,Diablo Valley,W,12-4,12,4,8,win,20150411_vccl,0,0,0,0,0.0,,,,0.0,,,2015,2014-15,Cosumnes River,cosumnesriver,robertdaughertypy1w,Robert Daugherty
Apr 14,home,Sacramento City,W,12-8,12,8,4,win,20150414_w65g,0,0,0,0,0.0,,,,0.0,,,2015,2014-15,Cosumnes River,cosumnesriver,robertdaughertypy1w,Robert Daugherty
Apr 16,home,Sacramento City,W,9-4,9,4,5,win,20150416_cs65,0,0,0,0,0.0,,,,0.0,,,2015,2014-15,Cosumnes River,cosumnesriver,robertdaughertypy1w,Robert Daugherty
Apr 17,home,Sacramento City,W,8-7,8,7,1,win,20150417_r2jt,0,0,0,0,0.0,,,,0.0,,,2015,2014-15,Cosumnes River,cosumnesriver,robertdaughertypy1w,Robert Daugherty
Apr 23,home,San Joaquin  Delta,L,8-3,8,3,5,win,20150423_tq2s,0,0,0,0,0.0,,,,0.0,,,2015,2014-15,Cosumnes River,cosumnesriver,robertdaughertypy1w,Robert Daugherty
Apr 24,home,San Joaquin  Delta,L,3-1,3,1,2,win,20150424_4qrw,0,0,0,0,0.0,,,,0.0,,,2015,2014-15,Cosumnes River,cosumnesriver,robertdaughertypy1w,Robert Daugherty
May 1,home,Gavilan,W,6-2,6,2,4,win,20150501_l21p,0,0,0,0,0.0,,,,0.0,,,2015,2014-15,Cosumnes River,cosumnesriver,robertdaughertypy1w,Robert Daugherty
May 8,home,Feather River,W,9-3,9,3,6,win,20150508_mjt3,0,0,0,0,0.0,,,,0.0,,,2015,2014-15,Cosumnes River,cosumnesriver,robertdaughertypy1w,Robert Daugherty
May 10,home,Feather River,L,3-2,3,2,1,win,20150510_z2mm,0,0,0,0,0.0,,,,0.0,,,2015,2014-15,Cosumnes River,cosumnesriver,robertdaughertypy1w,Robert Daugherty
Jan 30,home,Canada,L,9-0,9,0,9,win,20150130_aevu,0,0,0,0,0.0,,,,0.0,,,2015,2014-15,Reedley,reedley,adamalemanwtno,Adam Aleman
Jan 31,home,San Mateo,L,3-1,3,1,2,win,20150131_kpt8,0,0,0,0,0.0,,,,0.0,,,2015,2014-15,Reedley,reedley,adamalemanwtno,Adam Aleman
Feb 3,home,De Anza,L,4-3,4,3,1,win,20150203_ux06,0,0,0,0,0.0,,,,0.0,,,2015,2014-15,Reedley,reedley,adamalemanwtno,Adam Aleman
Feb 6,home,Marin,W,3-2,3,2,1,win,20150206_ldwm,0,0,0,0,0.0,,,,0.0,,,2015,2014-15,Reedley,reedley,adamalemanwtno,Adam Aleman
Feb 12,home,Modesto,L,2-1,2,1,1,win,20150212_2h76,0,0,0,0,0.0,,,,0.0,,,2015,2014-15,Reedley,reedley,adamalemanwtno,Adam Aleman
Feb 17,home,Fresno City,L,7-3,7,3,4,win,20150217_p4wd,0,0,0,0,0.0,,,,0.0,,,2015,2014-15,Reedley,reedley,adamalemanwtno,Adam Aleman
Feb 26,home,Taft,W,8-1,8,1,7,win,20150226_grht,0,0,0,0,0.0,,,,0.0,,,2015,2014-15,Reedley,reedley,adamalemanwtno,Adam Aleman
Feb 28,home,Taft,L,6-5,6,5,1,win,20150228_74p6,0,0,0,0,0.0,,,,0.0,,,2015,2014-15,Reedley,reedley,adamalemanwtno,Adam Aleman
Mar 3,home,Merced,W,5-4,5,4,1,win,20150303_m2nz,0,0,0,0,0.0,,,,0.0,,,2015,2014-15,Reedley,reedley,adamalemanwtno,Adam Aleman
Mar 5,home,Merced,L,4-3,4,3,1,win,20150305_ucfq,0,0,0,0,0.0,,,,0.0,,,2015,2014-15,Reedley,reedley,adamalemanwtno,Adam Aleman
Mar 7,home,Merced,L,8-7,8,7,1,win,20150307_sx3l,0,0,0,0,0.0,,,,0.0,,,2015,2014-15,Reedley,reedley,adamalemanwtno,Adam Aleman
Mar 17,home,Sequoias,L,9-1,9,1,8,win,20150317_u06t,0,0,0,0,0.0,,,,0.0,,,2015,2014-15,Reedley,reedley,adamalemanwtno,Adam Aleman
Mar 19,home,Sequoias,L,8-0,8,0,8,win,20150319_6bw4,0,0,0,0,0.0,,,,0.0,,,2015,2014-15,Reedley,reedley,adamalemanwtno,Adam Aleman
Mar 26,home,West Hills Coalinga,W,3-2,3,2,1,win,20150326_nesi,0,0,0,0,0.0,,,,0.0,,,2015,2014-15,Reedley,reedley,adamalemanwtno,Adam Aleman
Mar 28,home,West Hills Coalinga,W,9-8,9,8,1,win,20150328_33os,0,0,0,0,0.0,,,,0.0,,,2015,2014-15,Reedley,reedley,adamalemanwtno,Adam Aleman
Mar 31,home,Saddleback,L,13-7,13,7,6,win,20150331_leeq,0,0,0,0,0.0,,,,0.0,,,2015,2014-15,Reedley,reedley,adamalemanwtno,Adam Aleman
Apr 1,home,Bakersfield,L,5-3,5,3,2,win,20150401_3t1y,0,0,0,0,0.0,,,,0.0,,,2015,2014-15,Reedley,reedley,adamalemanwtno,Adam Aleman
Apr 9,home,Porterville,W,5-2,5,2,3,win,20150409_gudn,0,0,0,0,0.0,,,,0.0,,,2015,2014-15,Reedley,reedley,adamalemanwtno,Adam Aleman
Apr 10,home,Porterville,W,11-0,11,0,11,win,20150410_966u,0,0,0,0,0.0,,,,0.0,,,2015,2014-15,Reedley,reedley,adamalemanwtno,Adam Aleman
Apr 11,home,Porterville,W,7-2,7,2,5,win,20150411_204e,0,0,0,0,0.0,,,,0.0,,,2015,2014-15,Reedley,reedley,adamalemanwtno,Adam Aleman
Apr 19,home,West Hills Coalinga,W,14-4,14,4,10,win,20150419_2l75,0,0,0,0,0.0,,,,0.0,,,2015,2014-15,Reedley,reedley,adamalemanwtno,Adam Aleman
Jan 29,home,Palomar,W,5-4,5,4,1,win,20150129_0m02,0,0,0,0,0.0,,,,0.0,,,2015,2014-15,Orange Coast,orangecoast,wyatthoppie94nh,Wyatt Hoppie
Jan 30,home,Southwestern,L,9-3,9,3,6,win,20150130_6o3o,0,0,0,0,0.0,,,,0.0,,,2015,2014-15,Orange Coast,orangecoast,wyatthoppie94nh,Wyatt Hoppie
Jan 31,home,Desert,W,10-3,10,3,7,win,20150131_w33t,0,0,0,0,0.0,,,,0.0,,,2015,2014-15,Orange Coast,orangecoast,wyatthoppie94nh,Wyatt Hoppie
Jan 31,home,Desert,L,5-4,5,4,1,win,20150131_7b4w,0,0,0,0,0.0,,,,0.0,,,2015,2014-15,Orange Coast,orangecoast,wyatthoppie94nh,Wyatt Hoppie
Feb 5,home,Cuesta,W,9-1,9,1,8,win,20150205_c9df,0,0,0,0,0.0,,,,0.0,,,2015,2014-15,Orange Coast,orangecoast,wyatthoppie94nh,Wyatt Hoppie
Feb 6,home,Cuesta,W,14-8,14,8,6,win,20150206_m0a8,0,0,0,0,0.0,,,,0.0,,,2015,2014-15,Orange Coast,orangecoast,wyatthoppie94nh,Wyatt Hoppie
Feb 7,home,Cuesta,W,4-2,4,2,2,win,20150207_uley,0,0,0,0,0.0,,,,0.0,,,2015,2014-15,Orange Coast,orangecoast,wyatthoppie94nh,Wyatt Hoppie
Feb 10,home,Long Beach,W,6-5,6,5,1,win,20150210_55d0,0,0,0,0,0.0,,,,0.0,,,2015,2014-15,Orange Coast,orangecoast,wyatthoppie94nh,Wyatt Hoppie
Feb 11,home,Desert,W,6-4,6,4,2,win,20150211_yp35,0,0,0,0,0.0,,,,0.0,,,2015,2014-15,Orange Coast,orangecoast,wyatthoppie94nh,Wyatt Hoppie
Feb 12,home,Long Beach,L,6-2,6,2,4,win,20150212_wnl8,0,0,0,0,0.0,,,,0.0,,,2015,2014-15,Orange Coast,orangecoast,wyatthoppie94nh,Wyatt Hoppie
Feb 14,home,Long Beach,W,8-1,8,1,7,win,20150214_r7lv,0,0,0,0,0.0,,,,0.0,,,2015,2014-15,Orange Coast,orangecoast,wyatthoppie94nh,Wyatt Hoppie
Feb 17,home,Southwestern,L,2-1,2,1,1,win,20150217_va13,0,0,0,0,0.0,,,,0.0,,,2015,2014-15,Orange Coast,orangecoast,wyatthoppie94nh,Wyatt Hoppie
Feb 21,home,Canyons,L,5-4,5,4,1,win,20150221_rzec,0,0,0,0,0.0,,,,0.0,,,2015,2014-15,Orange Coast,orangecoast,wyatthoppie94nh,Wyatt Hoppie
Feb 26,home,Riverside,W,4-3,4,3,1,win,20150226_tvw9,0,0,0,0,0.0,,,,0.0,,,2015,2014-15,Orange Coast,orangecoast,wyatthoppie94nh,Wyatt Hoppie
Mar 10,home,Golden West,L,5-4,5,4,1,win,20150310_b690,0,0,0,0,0.0,,,,0.0,,,2015,2014-15,Orange Coast,orangecoast,wyatthoppie94nh,Wyatt Hoppie
Mar 12,home,Saddleback,W,7-3,7,3,4,win,20150312_yauu,0,0,0,0,0.0,,,,0.0,,,2015,2014-15,Orange Coast,orangecoast,wyatthoppie94nh,Wyatt Hoppie
Mar 28,home,Fullerton,W,7-4,7,4,3,win,20150328_7ydo,0,0,0,0,0.0,,,,0.0,,,2015,2014-15,Orange Coast,orangecoast,wyatthoppie94nh,Wyatt Hoppie
Apr 7,home,Cypress,L,15-9,15,9,6,win,20150407_2385,0,0,0,0,0.0,,,,0.0,,,2015,2014-15,Orange Coast,orangecoast,wyatthoppie94nh,Wyatt Hoppie
Apr 9,home,Cypress,L,11-10,11,10,1,win,20150409_7qne,0,0,0,0,0.0,,,,0.0,,,2015,2014-15,Orange Coast,orangecoast,wyatthoppie94nh,Wyatt Hoppie
Apr 17,home,Golden West,L,14-10,14,10,4,win,20150417_ygao,0,0,0,0,0.0,,,,0.0,,,2015,2014-15,Orange Coast,orangecoast,wyatthoppie94nh,Wyatt Hoppie
May 1,home,Long Beach,W,18-3,18,3,15,win,20150501_jfaw,0,0,0,0,0.0,,,,0.0,,,2015,2014-15,Orange Coast,orangecoast,wyatthoppie94nh,Wyatt Hoppie
May 8,home,Glendale,L,13-0,13,0,13,win,20150508_yu00,0,0,0,0,0.0,,,,0.0,,,2015,2014-15,Orange Coast,orangecoast,wyatthoppie94nh,Wyatt Hoppie
Jan 29,home,Glendale,W,9-2,9,2,7,win,20150129_5bve,0,0,0,0,0.0,,,,0.0,,,2015,2014-15,Mt. San Antonio,mtsanantonio,dylanlowensteinvr0m,Dylan Lowenstein
Jan 30,home,Mt. San Jacinto,W,6-4,6,4,2,win,20150130_3x10,0,0,0,0,0.0,,,,0.0,,,2015,2014-15,Mt. San Antonio,mtsanantonio,dylanlowensteinvr0m,Dylan Lowenstein
Jan 31,home,Canyons,W,6-5,6,5,1,win,20150131_sqg3,0,0,0,0,0.0,,,,0.0,,,2015,2014-15,Mt. San Antonio,mtsanantonio,dylanlowensteinvr0m,Dylan Lowenstein
Feb 5,home,LA Pierce,L,12-11,12,11,1,win,20150205_1j5k,0,0,0,0,0.0,,,,0.0,,,2015,2014-15,Mt. San Antonio,mtsanantonio,dylanlowensteinvr0m,Dylan Lowenstein
Feb 7,home,Fullerton,L,6-5,6,5,1,win,20150207_8559,0,0,0,0,0.0,,,,0.0,,,2015,2014-15,Mt. San Antonio,mtsanantonio,dylanlowensteinvr0m,Dylan Lowenstein
Feb 10,home,Mt. San Jacinto,W,10-2,10,2,8,win,20150210_1xal,0,0,0,0,0.0,,,,0.0,,,2015,2014-15,Mt. San Antonio,mtsanantonio,dylanlowensteinvr0m,Dylan Lowenstein
Feb 12,home,Ventura,W,7-4,7,4,3,win,20150212_vx18,0,0,0,0,0.0,,,,0.0,,,2015,2014-15,Mt. San Antonio,mtsanantonio,dylanlowensteinvr0m,Dylan Lowenstein
Feb 17,home,Riverside,W,13-4,13,4,9,win,20150217_pmed,0,0,0,0,0.0,,,,0.0,,,2015,2014-15,Mt. San Antonio,mtsanantonio,dylanlowensteinvr0m,Dylan Lowenstein
Feb 18,home,Rio Hondo,W,7-0,7,0,7,win,20150218_ywqz,0,0,0,0,0.0,,,,0.0,,,2015,2014-15,Mt. San Antonio,mtsanantonio,dylanlowensteinvr0m,Dylan Lowenstein
Feb 21,home,Santa Ana,L,5-4,5,4,1,win,20150221_yaeg,0,0,0,0,0.0,,,,0.0,,,2015,2014-15,Mt. San Antonio,mtsanantonio,dylanlowensteinvr0m,Dylan Lowenstein
Feb 23,home,Fullerton,L,5-1,5,1,4,win,20150223_imq0,0,0,0,0,0.0,,,,0.0,,,2015,2014-15,Mt. San Antonio,mtsanantonio,dylanlowensteinvr0m,Dylan Lowenstein
Feb 24,home,Riverside,L,11-4,11,4,7,win,20150224_rv5x,0,0,0,0,0.0,,,,0.0,,,2015,2014-15,Mt. San Antonio,mtsanantonio,dylanlowensteinvr0m,Dylan Lowenstein
Mar 4,home,LA Harbor,L,7-2,7,2,5,win,20150304_4a7r,0,0,0,0,0.0,,,,0.0,,,2015,2014-15,Mt. San Antonio,mtsanantonio,dylanlowensteinvr0m,Dylan Lowenstein
Mar 5,home,LA Harbor,W,9-5,9,5,4,win,20150305_u2v9,0,0,0,0,0.0,,,,0.0,,,2015,2014-15,Mt. San Antonio,mtsanantonio,dylanlowensteinvr0m,Dylan Lowenstein
Mar 7,home,LA Harbor,W,7-4,7,4,3,win,20150307_gzqp,0,0,0,0,0.0,,,,0.0,,,2015,2014-15,Mt. San Antonio,mtsanantonio,dylanlowensteinvr0m,Dylan Lowenstein
Mar 10,home,Cerritos,W,4-1,4,1,3,win,20150310_6krv,0,0,0,0,0.0,,,,0.0,,,2015,2014-15,Mt. San Antonio,mtsanantonio,dylanlowensteinvr0m,Dylan Lowenstein
Mar 12,home,Cerritos,L,1-0,1,0,1,win,20150312_f5ok,0,0,0,0,0.0,,,,0.0,,,2015,2014-15,Mt. San Antonio,mtsanantonio,dylanlowensteinvr0m,Dylan Lowenstein
Mar 14,home,Cerritos,L,4-1,4,1,3,win,20150314_e09f,0,0,0,0,0.0,,,,0.0,,,2015,2014-15,Mt. San Antonio,mtsanantonio,dylanlowensteinvr0m,Dylan Lowenstein
Mar 17,home,East Los Angeles,L,3-2,3,2,1,win,20150317_z9g7,0,0,0,0,0.0,,,,0.0,,,2015,2014-15,Mt. San Antonio,mtsanantonio,dylanlowensteinvr0m,Dylan Lowenstein
Mar 19,home,East Los Angeles,W,12-4,12,4,8,win,20150319_f06b,0,0,0,0,0.0,,,,0.0,,,2015,2014-15,Mt. San Antonio,mtsanantonio,dylanlowensteinvr0m,Dylan Lowenstein
Mar 21,home,East Los Angeles,L,1-0,1,0,1,win,20150321_g55p,0,0,0,0,0.0,,,,0.0,,,2015,2014-15,Mt. San Antonio,mtsanantonio,dylanlowensteinvr0m,Dylan Lowenstein
Mar 24,home,El Camino,L,6-5,6,5,1,win,20150324_8nom,0,0,0,0,0.0,,,,0.0,,,2015,2014-15,Mt. San Antonio,mtsanantonio,dylanlowensteinvr0m,Dylan Lowenstein
Mar 26,home,El Camino,W,4-3,4,3,1,win,20150326_qgjm,0,0,0,0,0.0,,,,0.0,,,2015,2014-15,Mt. San Antonio,mtsanantonio,dylanlowensteinvr0m,Dylan Lowenstein
Mar 28,home,El Camino,L,6-1,6,1,5,win,20150328_d9ru,0,0,0,0,0.0,,,,0.0,,,2015,2014-15,Mt. San Antonio,mtsanantonio,dylanlowensteinvr0m,Dylan Lowenstein
Mar 31,home,Citrus,L,4-2,4,2,2,win,20150331_z0sv,0,0,0,0,0.0,,,,0.0,,,2015,2014-15,Mt. San Antonio,mtsanantonio,dylanlowensteinvr0m,Dylan Lowenstein
Apr 2,home,Citrus,W,4-3,4,3,1,win,20150402_19cl,0,0,0,0,0.0,,,,0.0,,,2015,2014-15,Mt. San Antonio,mtsanantonio,dylanlowensteinvr0m,Dylan Lowenstein
Apr 4,home,Santa Ana,W,5-1,5,1,4,win,20150404_7l0l,0,0,0,0,0.0,,,,0.0,,,2015,2014-15,Mt. San Antonio,mtsanantonio,dylanlowensteinvr0m,Dylan Lowenstein
Apr 7,home,Long Beach,L,5-2,5,2,3,win,20150407_wo0f,0,0,0,0,0.0,,,,0.0,,,2015,2014-15,Mt. San Antonio,mtsanantonio,dylanlowensteinvr0m,Dylan Lowenstein
Apr 9,home,Long Beach,L,1-0,1,0,1,win,20150409_wdo5,0,0,0,0,0.0,,,,0.0,,,2015,2014-15,Mt. San Antonio,mtsanantonio,dylanlowensteinvr0m,Dylan Lowenstein
Apr 11,home,Long Beach,W,10-8,10,8,2,win,20150411_jyee,0,0,0,0,0.0,,,,0.0,,,2015,2014-15,Mt. San Antonio,mtsanantonio,dylanlowensteinvr0m,Dylan Lowenstein
Apr 14,home,El Camino-Compton Center,W,10-6,10,6,4,win,20150414_tecz,0,0,0,0,0.0,,,,0.0,,,2015,2014-15,Mt. San Antonio,mtsanantonio,dylanlowensteinvr0m,Dylan Lowenstein
Apr 16,home,El Camino-Compton Center,W,7-3,7,3,4,win,20150416_7bjj,0,0,0,0,0.0,,,,0.0,,,2015,2014-15,Mt. San Antonio,mtsanantonio,dylanlowensteinvr0m,Dylan Lowenstein
Apr 18,home,El Camino-Compton Center,L,8-7,8,7,1,win,20150418_ndf8,0,0,0,0,0.0,,,,0.0,,,2015,2014-15,Mt. San Antonio,mtsanantonio,dylanlowensteinvr0m,Dylan Lowenstein
Apr 21,home,Pasadena,L,2-0,2,0,2,win,20150421_6z6p,0,0,0,0,0.0,,,,0.0,,,2015,2014-15,Mt. San Antonio,mtsanantonio,dylanlowensteinvr0m,Dylan Lowenstein
Apr 23,home,Pasadena,L,11-4,11,4,7,win,20150423_x1jh,0,0,0,0,0.0,,,,0.0,,,2015,2014-15,Mt. San Antonio,mtsanantonio,dylanlowensteinvr0m,Dylan Lowenstein
Apr 24,home,Pasadena,W,5-4,5,4,1,win,20150424_0lry,0,0,0,0,0.0,,,,0.0,,,2015,2014-15,Mt. San Antonio,mtsanantonio,dylanlowensteinvr0m,Dylan Lowenstein
Jan 27,home,Cabrillo,L,3-2,3,2,1,win,20150127_shm7,0,0,0,0,0.0,,,,0.0,,,2015,2014-15,Los Medanos,losmedanos,ethanutlerk2ta,Ethan Utler
Jan 31,home,Modesto,W,7-6,7,6,1,win,20150131_0c8i,0,0,0,0,0.0,,,,0.0,,,2015,2014-15,Los Medanos,losmedanos,ethanutlerk2ta,Ethan Utler
Feb 5,home,Fresno City,L,9-2,9,2,7,win,20150205_wcrn,0,0,0,0,0.0,,,,0.0,,,2015,2014-15,Los Medanos,losmedanos,ethanutlerk2ta,Ethan Utler
Feb 12,home,Santa Rosa,L,7-5,7,5,2,win,20150212_6kxf,0,0,0,0,0.0,,,,0.0,,,2015,2014-15,Los Medanos,losmedanos,ethanutlerk2ta,Ethan Utler
Feb 17,home,Diablo Valley,W,6-4,6,4,2,win,20150217_vxqo,0,0,0,0,0.0,,,,0.0,,,2015,2014-15,Los Medanos,losmedanos,ethanutlerk2ta,Ethan Utler
Feb 18,home,Ohlone,L,11-3,11,3,8,win,20150218_898a,0,0,0,0,0.0,,,,0.0,,,2015,2014-15,Los Medanos,losmedanos,ethanutlerk2ta,Ethan Utler
Feb 19,home,Diablo Valley,W,6-5,6,5,1,win,20150219_56ty,0,0,0,0,0.0,,,,0.0,,,2015,2014-15,Los Medanos,losmedanos,ethanutlerk2ta,Ethan Utler
Feb 21,home,Ohlone,W,6-4,6,4,2,win,20150221_ubgt,0,0,0,0,0.0,,,,0.0,,,2015,2014-15,Los Medanos,losmedanos,ethanutlerk2ta,Ethan Utler
Feb 24,home,Folsom Lake,L,4-2,4,2,2,win,20150224_ub14,0,0,0,0,0.0,,,,0.0,,,2015,2014-15,Los Medanos,losmedanos,ethanutlerk2ta,Ethan Utler
Feb 26,home,Folsom Lake,L,6-4,6,4,2,win,20150226_p1fp,0,0,0,0,0.0,,,,0.0,,,2015,2014-15,Los Medanos,losmedanos,ethanutlerk2ta,Ethan Utler
Mar 5,home,Yuba,L,7-5,7,5,2,win,20150305_00gv,0,0,0,0,0.0,,,,0.0,,,2015,2014-15,Los Medanos,losmedanos,ethanutlerk2ta,Ethan Utler
Mar 7,home,Yuba,W,16-7,16,7,9,win,20150307_9ng1,0,0,0,0,0.0,,,,0.0,,,2015,2014-15,Los Medanos,losmedanos,ethanutlerk2ta,Ethan Utler
Mar 10,home,Mendocino,W,3-2,3,2,1,win,20150310_a2ni,0,0,0,0,0.0,,,,0.0,,,2015,2014-15,Los Medanos,losmedanos,ethanutlerk2ta,Ethan Utler
Mar 12,home,Mendocino,W,7-2,7,2,5,win,20150312_lpxa,0,0,0,0,0.0,,,,0.0,,,2015,2014-15,Los Medanos,losmedanos,ethanutlerk2ta,Ethan Utler
Mar 14,home,Napa,L,7-6,7,6,1,win,20150314_jcqz,0,0,0,0,0.0,,,,0.0,,,2015,2014-15,Los Medanos,losmedanos,ethanutlerk2ta,Ethan Utler
Mar 17,home,Napa,L,4-0,4,0,4,win,20150317_3m3d,0,0,0,0,0.0,,,,0.0,,,2015,2014-15,Los Medanos,losmedanos,ethanutlerk2ta,Ethan Utler
Mar 19,home,Solano,L,5-4,5,4,1,win,20150319_k6ho,0,0,0,0,0.0,,,,0.0,,,2015,2014-15,Los Medanos,losmedanos,ethanutlerk2ta,Ethan Utler
Mar 21,home,Solano,W,2-1,2,1,1,win,20150321_k09l,0,0,0,0,0.0,,,,0.0,,,2015,2014-15,Los Medanos,losmedanos,ethanutlerk2ta,Ethan Utler
Mar 24,home,Marin,L,11-1,11,1,10,win,20150324_10f3,0,0,0,0,0.0,,,,0.0,,,2015,2014-15,Los Medanos,losmedanos,ethanutlerk2ta,Ethan Utler
Mar 26,home,Marin,L,12-5,12,5,7,win,20150326_zpwf,0,0,0,0,0.0,,,,0.0,,,2015,2014-15,Los Medanos,losmedanos,ethanutlerk2ta,Ethan Utler
Mar 28,home,Laney,W,8-2,8,2,6,win,20150328_9xsi,0,0,0,0,0.0,,,,0.0,,,2015,2014-15,Los Medanos,losmedanos,ethanutlerk2ta,Ethan Utler
Mar 31,home,Laney,W,7-2,7,2,5,win,20150331_nioo,0,0,0,0,0.0,,,,0.0,,,2015,2014-15,Los Medanos,losmedanos,ethanutlerk2ta,Ethan Utler
Apr 2,home,Contra Costa,L,6-4,6,4,2,win,20150402_a944,0,0,0,0,0.0,,,,0.0,,,2015,2014-15,Los Medanos,losmedanos,ethanutlerk2ta,Ethan Utler
Apr 3,home,Contra Costa,W,5-1,5,1,4,win,20150403_orhf,0,0,0,0,0.0,,,,0.0,,,2015,2014-15,Los Medanos,losmedanos,ethanutlerk2ta,Ethan Utler
Apr 7,home,Folsom Lake,L,8-3,8,3,5,win,20150407_vmgz,0,0,0,0,0.0,,,,0.0,,,2015,2014-15,Los Medanos,losmedanos,ethanutlerk2ta,Ethan Utler
Apr 10,home,Yuba,W,9-8,9,8,1,win,20150410_xa3j,0,0,0,0,0.0,,,,0.0,,,2015,2014-15,Los Medanos,losmedanos,ethanutlerk2ta,Ethan Utler
Apr 14,home,Mendocino,W,7-5,7,5,2,win,20150414_7n5t,0,0,0,0,0.0,,,,0.0,,,2015,2014-15,Los Medanos,losmedanos,ethanutlerk2ta,Ethan Utler
Apr 16,home,Napa,L,7-6,7,6,1,win,20150416_af6o,0,0,0,0,0.0,,,,0.0,,,2015,2014-15,Los Medanos,losmedanos,ethanutlerk2ta,Ethan Utler
Apr 17,home,Solano,L,6-4,6,4,2,win,20150417_fbkw,0,0,0,0,0.0,,,,0.0,,,2015,2014-15,Los Medanos,losmedanos,ethanutlerk2ta,Ethan Utler
Apr 21,home,Marin,W,5-4,5,4,1,win,20150421_fvvy,0,0,0,0,0.0,,,,0.0,,,2015,2014-15,Los Medanos,losmedanos,ethanutlerk2ta,Ethan Utler
Apr 23,home,Laney,L,10-3,10,3,7,win,20150423_09lv,0,0,0,0,0.0,,,,0.0,,,2015,2014-15,Los Medanos,losmedanos,ethanutlerk2ta,Ethan Utler
Apr 24,home,Contra Costa,W,10-2,10,2,8,win,20150424_v5ia,0,0,0,0,0.0,,,,0.0,,,2015,2014-15,Los Medanos,losmedanos,ethanutlerk2ta,Ethan Utler
Jan 27,home,LA Mission,L,10-7,10,7,3,win,20150127_wati,0,0,0,0,0.0,,,,0.0,,,2015,2014-15,San Bernardino,sanbernardino,christianhendrix9gk8,Christian Hendrix
Jan 29,home,LA Mission,L,6-2,6,2,4,win,20150129_2srr,0,0,0,0,0.0,,,,0.0,,,2015,2014-15,San Bernardino,sanbernardino,christianhendrix9gk8,Christian Hendrix
Jan 31,home,El Camino-Compton Center,W,4-2,4,2,2,win,20150131_owhz,0,0,0,0,0.0,,,,0.0,,,2015,2014-15,San Bernardino,sanbernardino,christianhendrix9gk8,Christian Hendrix
Feb 3,home,Citrus,L,10-7,10,7,3,win,20150203_zzan,0,0,0,0,0.0,,,,0.0,,,2015,2014-15,San Bernardino,sanbernardino,christianhendrix9gk8,Christian Hendrix
Feb 6,home,Palomar,L,12-3,12,3,9,win,20150206_nlco,0,0,0,0,0.0,,,,0.0,,,2015,2014-15,San Bernardino,sanbernardino,christianhendrix9gk8,Christian Hendrix
Feb 7,home,Desert,W,11-5,11,5,6,win,20150207_6350,0,0,0,0,0.0,,,,0.0,,,2015,2014-15,San Bernardino,sanbernardino,christianhendrix9gk8,Christian Hendrix
Feb 10,home,El Camino,L,16-3,16,3,13,win,20150210_8ekt,0,0,0,0,0.0,,,,0.0,,,2015,2014-15,San Bernardino,sanbernardino,christianhendrix9gk8,Christian Hendrix
Feb 12,home,El Camino,L,5-0,5,0,5,win,20150212_2rez,0,0,0,0,0.0,,,,0.0,,,2015,2014-15,San Bernardino,sanbernardino,christianhendrix9gk8,Christian Hendrix
Feb 14,home,El Camino,L,5-3,5,3,2,win,20150214_oxs8,0,0,0,0,0.0,,,,0.0,,,2015,2014-15,San Bernardino,sanbernardino,christianhendrix9gk8,Christian Hendrix
Feb 17,home,El Camino-Compton Center,W,9-6,9,6,3,win,20150217_920x,0,0,0,0,0.0,,,,0.0,,,2015,2014-15,San Bernardino,sanbernardino,christianhendrix9gk8,Christian Hendrix
Feb 19,home,Citrus,W,3-2,3,2,1,win,20150219_67lw,0,0,0,0,0.0,,,,0.0,,,2015,2014-15,San Bernardino,sanbernardino,christianhendrix9gk8,Christian Hendrix
Feb 21,home,Barstow,L,9-3,9,3,6,win,20150221_xemq,0,0,0,0,0.0,,,,0.0,,,2015,2014-15,San Bernardino,sanbernardino,christianhendrix9gk8,Christian Hendrix
Feb 24,home,Cerro Coso,W,27-6,27,6,21,win,20150224_bprz,0,0,0,0,0.0,,,,0.0,,,2015,2014-15,San Bernardino,sanbernardino,christianhendrix9gk8,Christian Hendrix
Feb 28,home,Victor Valley,L,7-6,7,6,1,win,20150228_xaq9,0,0,0,0,0.0,,,,0.0,,,2015,2014-15,San Bernardino,sanbernardino,christianhendrix9gk8,Christian Hendrix
Mar 3,home,Desert,W,10-2,10,2,8,win,20150303_b3hk,0,0,0,0,0.0,,,,0.0,,,2015,2014-15,San Bernardino,sanbernardino,christianhendrix9gk8,Christian Hendrix
Mar 5,home,Chaffey,W,11-4,11,4,7,win,20150305_kugx,0,0,0,0,0.0,,,,0.0,,,2015,2014-15,San Bernardino,sanbernardino,christianhendrix9gk8,Christian Hendrix
Mar 7,home,Rio Hondo,L,6-5,6,5,1,win,20150307_1he3,0,0,0,0,0.0,,,,0.0,,,2015,2014-15,San Bernardino,sanbernardino,christianhendrix9gk8,Christian Hendrix
Mar 10,home,Barstow,W,11-7,11,7,4,win,20150310_0v7c,0,0,0,0,0.0,,,,0.0,,,2015,2014-15,San Bernardino,sanbernardino,christianhendrix9gk8,Christian Hendrix
Mar 12,home,Barstow,W,7-0,7,0,7,win,20150312_dgmd,0,0,0,0,0.0,,,,0.0,,,2015,2014-15,San Bernardino,sanbernardino,christianhendrix9gk8,Christian Hendrix
Mar 14,home,Barstow,W,8-2,8,2,6,win,20150314_3sjw,0,0,0,0,0.0,,,,0.0,,,2015,2014-15,San Bernardino,sanbernardino,christianhendrix9gk8,Christian Hendrix
Mar 17,home,Cerro Coso,W,17-7,17,7,10,win,20150317_u72p,0,0,0,0,0.0,,,,0.0,,,2015,2014-15,San Bernardino,sanbernardino,christianhendrix9gk8,Christian Hendrix
Mar 19,home,Cerro Coso,W,10-5,10,5,5,win,20150319_9wna,0,0,0,0,0.0,,,,0.0,,,2015,2014-15,San Bernardino,sanbernardino,christianhendrix9gk8,Christian Hendrix
Mar 21,home,Cerro Coso,W,9-6,9,6,3,win,20150321_3zwu,0,0,0,0,0.0,,,,0.0,,,2015,2014-15,San Bernardino,sanbernardino,christianhendrix9gk8,Christian Hendrix
Mar 31,home,Victor Valley,W,13-5,13,5,8,win,20150331_qgq8,0,0,0,0,0.0,,,,0.0,,,2015,2014-15,San Bernardino,sanbernardino,christianhendrix9gk8,Christian Hendrix
Apr 2,home,Victor Valley,W,11-2,11,2,9,win,20150402_pr7u,0,0,0,0,0.0,,,,0.0,,,2015,2014-15,San Bernardino,sanbernardino,christianhendrix9gk8,Christian Hendrix
Apr 4,home,Victor Valley,W,15-6,15,6,9,win,20150404_30w6,0,0,0,0,0.0,,,,0.0,,,2015,2014-15,San Bernardino,sanbernardino,christianhendrix9gk8,Christian Hendrix
Apr 7,home,Desert,W,5-1,5,1,4,win,20150407_1oyg,0,0,0,0,0.0,,,,0.0,,,2015,2014-15,San Bernardino,sanbernardino,christianhendrix9gk8,Christian Hendrix
Apr 9,home,Desert,W,12-2,12,2,10,win,20150409_79wp,0,0,0,0,0.0,,,,0.0,,,2015,2014-15,San Bernardino,sanbernardino,christianhendrix9gk8,Christian Hendrix
Apr 11,home,Desert,W,14-5,14,5,9,win,20150411_lxab,0,0,0,0,0.0,,,,0.0,,,2015,2014-15,San Bernardino,sanbernardino,christianhendrix9gk8,Christian Hendrix
Apr 14,home,Chaffey,W,8-2,8,2,6,win,20150414_4vhc,0,0,0,0,0.0,,,,0.0,,,2015,2014-15,San Bernardino,sanbernardino,christianhendrix9gk8,Christian Hendrix
Apr 16,home,Chaffey,L,6-2,6,2,4,win,20150416_uwx1,0,0,0,0,0.0,,,,0.0,,,2015,2014-15,San Bernardino,sanbernardino,christianhendrix9gk8,Christian Hendrix
Apr 18,home,Chaffey,W,8-3,8,3,5,win,20150418_3kpp,0,0,0,0,0.0,,,,0.0,,,2015,2014-15,San Bernardino,sanbernardino,christianhendrix9gk8,Christian Hendrix
Apr 21,home,Rio Hondo,L,3-1,3,1,2,win,20150421_1hph,0,0,0,0,0.0,,,,0.0,,,2015,2014-15,San Bernardino,sanbernardino,christianhendrix9gk8,Christian Hendrix
Apr 23,home,Rio Hondo,W,21-7,21,7,14,win,20150423_n3uv,0,0,0,0,0.0,,,,0.0,,,2015,2014-15,San Bernardino,sanbernardino,christianhendrix9gk8,Christian Hendrix
Apr 24,home,Rio Hondo,W,1-0,1,0,1,win,20150424_pnyk,0,0,0,0,0.0,,,,0.0,,,2015,2014-15,San Bernardino,sanbernardino,christianhendrix9gk8,Christian Hendrix
May 1,home,Saddleback,L,18-8,18,8,10,win,20150501_otcc,0,0,0,0,0.0,,,,0.0,,,2015,2014-15,San Bernardino,sanbernardino,christianhendrix9gk8,Christian Hendrix
May 2,home,Saddleback,L,11-3,11,3,8,win,20150502_lypr,0,0,0,0,0.0,,,,0.0,,,2015,2014-15,San Bernardino,sanbernardino,christianhendrix9gk8,Christian Hendrix
Jan 27,home,LA Pierce,W,8-3,8,3,5,win,20150127_ys4r,0,0,0,0,0.0,,,,0.0,,,2015,2014-15,Canyons,canyons,coltonburns8vgj,Colton Burns
Jan 29,home,Cerritos,W,2-0,2,0,2,win,20150129_q9u1,0,0,0,0,0.0,,,,0.0,,,2015,2014-15,Canyons,canyons,coltonburns8vgj,Colton Burns
Jan 31,home,Mt. San Antonio,L,6-5,6,5,1,win,20150131_sqg3,0,0,0,0,0.0,,,,0.0,,,2015,2014-15,Canyons,canyons,coltonburns8vgj,Colton Burns
Feb 3,home,Rio Hondo,L,2-1,2,1,1,win,20150203_ey3n,0,0,0,0,0.0,,,,0.0,,,2015,2014-15,Canyons,canyons,coltonburns8vgj,Colton Burns
Feb 5,home,Allan Hancock,W,13-2,13,2,11,win,20150205_4vnc,0,0,0,0,0.0,,,,0.0,,,2015,2014-15,Canyons,canyons,coltonburns8vgj,Colton Burns
Feb 7,home,San Diego Mesa,W,8-2,8,2,6,win,20150207_3tw9,0,0,0,0,0.0,,,,0.0,,,2015,2014-15,Canyons,canyons,coltonburns8vgj,Colton Burns
Feb 12,home,Allan Hancock,W,2-1,2,1,1,win,20150212_rchf,0,0,0,0,0.0,,,,0.0,,,2015,2014-15,Canyons,canyons,coltonburns8vgj,Colton Burns
Feb 17,home,Cerro Coso,W,19-2,19,2,17,win,20150217_8832,0,0,0,0,0.0,,,,0.0,,,2015,2014-15,Canyons,canyons,coltonburns8vgj,Colton Burns
Feb 19,home,Orange Coast,L,4-3,4,3,1,win,20150219_yf0u,0,0,0,0,0.0,,,,0.0,,,2015,2014-15,Canyons,canyons,coltonburns8vgj,Colton Burns
Feb 21,home,Orange Coast,W,5-4,5,4,1,win,20150221_rzec,0,0,0,0,0.0,,,,0.0,,,2015,2014-15,Canyons,canyons,coltonburns8vgj,Colton Burns
Feb 26,home,Cosumnes River,L,5-3,5,3,2,win,20150226_3lka,0,0,0,0,0.0,,,,0.0,,,2015,2014-15,Canyons,canyons,coltonburns8vgj,Colton Burns
Feb 27,home,Cosumnes River,L,9-6,9,6,3,win,20150227_qrhk,0,0,0,0,0.0,,,,0.0,,,2015,2014-15,Canyons,canyons,coltonburns8vgj,Colton Burns
Mar 3,home,Antelope Valley,W,5-4,5,4,1,win,20150303_t1a0,0,0,0,0,0.0,,,,0.0,,,2015,2014-15,Canyons,canyons,coltonburns8vgj,Colton Burns
Mar 5,home,Citrus,W,7-3,7,3,4,win,20150305_aord,0,0,0,0,0.0,,,,0.0,,,2015,2014-15,Canyons,canyons,coltonburns8vgj,Colton Burns
Mar 7,home,LA Valley,W,4-0,4,0,4,win,20150307_8aw0,0,0,0,0,0.0,,,,0.0,,,2015,2014-15,Canyons,canyons,coltonburns8vgj,Colton Burns
Mar 10,home,West LA,W,8-0,8,0,8,win,20150310_1jzj,0,0,0,0,0.0,,,,0.0,,,2015,2014-15,Canyons,canyons,coltonburns8vgj,Colton Burns
Mar 12,home,LA Mission,W,3-2,3,2,1,win,20150312_8drc,0,0,0,0,0.0,,,,0.0,,,2015,2014-15,Canyons,canyons,coltonburns8vgj,Colton Burns
Mar 14,home,Bakersfield,L,7-6,7,6,1,win,20150314_caf2,0,0,0,0,0.0,,,,0.0,,,2015,2014-15,Canyons,canyons,coltonburns8vgj,Colton Burns
Mar 17,home,Glendale,L,10-3,10,3,7,win,20150317_jszu,0,0,0,0,0.0,,,,0.0,,,2015,2014-15,Canyons,canyons,coltonburns8vgj,Colton Burns
Mar 19,home,Antelope Valley,L,3-0,3,0,3,win,20150319_b4ts,0,0,0,0,0.0,,,,0.0,,,2015,2014-15,Canyons,canyons,coltonburns8vgj,Colton Burns
Mar 21,home,Antelope Valley,L,10-9,10,9,1,win,20150321_ovnp,0,0,0,0,0.0,,,,0.0,,,2015,2014-15,Canyons,canyons,coltonburns8vgj,Colton Burns
Mar 24,home,Citrus,W,7-0,7,0,7,win,20150324_chf3,0,0,0,0,0.0,,,,0.0,,,2015,2014-15,Canyons,canyons,coltonburns8vgj,Colton Burns
Mar 26,home,Citrus,L,3-2,3,2,1,win,20150326_vq57,0,0,0,0,0.0,,,,0.0,,,2015,2014-15,Canyons,canyons,coltonburns8vgj,Colton Burns
Mar 27,home,LA Valley,W,6-5,6,5,1,win,20150327_39ze,0,0,0,0,0.0,,,,0.0,,,2015,2014-15,Canyons,canyons,coltonburns8vgj,Colton Burns
Apr 8,home,LA Valley,W,3-2,3,2,1,win,20150408_x3sz,0,0,0,0,0.0,,,,0.0,,,2015,2014-15,Canyons,canyons,coltonburns8vgj,Colton Burns
Apr 9,home,West LA,W,18-5,18,5,13,win,20150409_kn08,0,0,0,0,0.0,,,,0.0,,,2015,2014-15,Canyons,canyons,coltonburns8vgj,Colton Burns
Apr 14,home,LA Mission,L,9-7,9,7,2,win,20150414_q2ld,0,0,0,0,0.0,,,,0.0,,,2015,2014-15,Canyons,canyons,coltonburns8vgj,Colton Burns
Apr 16,home,LA Mission,L,3-0,3,0,3,win,20150416_70b9,0,0,0,0,0.0,,,,0.0,,,2015,2014-15,Canyons,canyons,coltonburns8vgj,Colton Burns
Apr 18,home,Bakersfield,L,8-4,8,4,4,win,20150418_i4pe,0,0,0,0,0.0,,,,0.0,,,2015,2014-15,Canyons,canyons,coltonburns8vgj,Colton Burns
Apr 21,home,Bakersfield,W,7-5,7,5,2,win,20150421_rz4d,0,0,0,0,0.0,,,,0.0,,,2015,2014-15,Canyons,canyons,coltonburns8vgj,Colton Burns
Apr 23,home,Glendale,W,7-3,7,3,4,win,20150423_749f,0,0,0,0,0.0,,,,0.0,,,2015,2014-15,Canyons,canyons,coltonburns8vgj,Colton Burns
Apr 24,home,Glendale,L,8-6,8,6,2,win,20150424_ozvx,0,0,0,0,0.0,,,,0.0,,,2015,2014-15,Canyons,canyons,coltonburns8vgj,Colton Burns
Jan 29,home,Orange Coast,L,5-4,5,4,1,win,20150129_0m02,0,0,0,0,0.0,,,,0.0,,,2015,2014-15,Palomar,palomar,dylanbreaultfe6h,Dylan Breault
Jan 30,home,Golden West,W,3-2,3,2,1,win,20150130_r1ej,0,0,0,0,0.0,,,,0.0,,,2015,2014-15,Palomar,palomar,dylanbreaultfe6h,Dylan Breault
Jan 31,home,Golden West,L,11-6,11,6,5,win,20150131_fvls,0,0,0,0,0.0,,,,0.0,,,2015,2014-15,Palomar,palomar,dylanbreaultfe6h,Dylan Breault
Feb 3,home,Orange Coast,W,4-3,4,3,1,win,20150203_inmu,0,0,0,0,0.0,,,,0.0,,,2015,2014-15,Palomar,palomar,dylanbreaultfe6h,Dylan Breault
Feb 5,home,Desert,W,19-0,19,0,19,win,20150205_kjd3,0,0,0,0,0.0,,,,0.0,,,2015,2014-15,Palomar,palomar,dylanbreaultfe6h,Dylan Breault
Feb 6,home,San Bernardino,W,12-3,12,3,9,win,20150206_nlco,0,0,0,0,0.0,,,,0.0,,,2015,2014-15,Palomar,palomar,dylanbreaultfe6h,Dylan Breault
Feb 7,home,Cypress,L,8-7,8,7,1,win,20150207_jyfv,0,0,0,0,0.0,,,,0.0,,,2015,2014-15,Palomar,palomar,dylanbreaultfe6h,Dylan Breault
Feb 12,home,Fullerton,W,8-1,8,1,7,win,20150212_nij7,0,0,0,0,0.0,,,,0.0,,,2015,2014-15,Palomar,palomar,dylanbreaultfe6h,Dylan Breault
Feb 14,home,Fullerton,W,4-2,4,2,2,win,20150214_ohyw,0,0,0,0,0.0,,,,0.0,,,2015,2014-15,Palomar,palomar,dylanbreaultfe6h,Dylan Breault
Feb 17,home,Glendale,W,9-2,9,2,7,win,20150217_enza,0,0,0,0,0.0,,,,0.0,,,2015,2014-15,Palomar,palomar,dylanbreaultfe6h,Dylan Breault
Feb 18,home,Cerritos,W,7-1,7,1,6,win,20150218_wk2b,0,0,0,0,0.0,,,,0.0,,,2015,2014-15,Palomar,palomar,dylanbreaultfe6h,Dylan Breault
Feb 19,home,Desert,W,3-1,3,1,2,win,20150219_i3jw,0,0,0,0,0.0,,,,0.0,,,2015,2014-15,Palomar,palomar,dylanbreaultfe6h,Dylan Breault
Feb 21,home,San Diego City,W,8-1,8,1,7,win,20150221_fivs,0,0,0,0,0.0,,,,0.0,,,2015,2014-15,Palomar,palomar,dylanbreaultfe6h,Dylan Breault
Feb 26,home,Imperial Valley,W,12-1,12,1,11,win,20150226_h4fy,0,0,0,0,0.0,,,,0.0,,,2015,2014-15,Palomar,palomar,dylanbreaultfe6h,Dylan Breault
Feb 27,home,San Diego Mesa,W,10-0,10,0,10,win,20150227_idxr,0,0,0,0,0.0,,,,0.0,,,2015,2014-15,Palomar,palomar,dylanbreaultfe6h,Dylan Breault
Mar 5,home,Grossmont,W,4-3,4,3,1,win,20150305_1buo,0,0,0,0,0.0,,,,0.0,,,2015,2014-15,Palomar,palomar,dylanbreaultfe6h,Dylan Breault
Mar 6,home,Mt. San Jacinto,W,7-0,7,0,7,win,20150306_0c1t,0,0,0,0,0.0,,,,0.0,,,2015,2014-15,Palomar,palomar,dylanbreaultfe6h,Dylan Breault
Mar 7,home,Southwestern,L,3-2,3,2,1,win,20150307_szy7,0,0,0,0,0.0,,,,0.0,,,2015,2014-15,Palomar,palomar,dylanbreaultfe6h,Dylan Breault
Mar 10,home,San Diego City,W,1-0,1,0,1,win,20150310_z920,0,0,0,0,0.0,,,,0.0,,,2015,2014-15,Palomar,palomar,dylanbreaultfe6h,Dylan Breault
Mar 12,home,San Diego City,W,6-1,6,1,5,win,20150312_xfqa,0,0,0,0,0.0,,,,0.0,,,2015,2014-15,Palomar,palomar,dylanbreaultfe6h,Dylan Breault
Mar 14,home,San Diego City,W,10-6,10,6,4,win,20150314_j07u,0,0,0,0,0.0,,,,0.0,,,2015,2014-15,Palomar,palomar,dylanbreaultfe6h,Dylan Breault
Mar 24,home,Imperial Valley,W,7-1,7,1,6,win,20150324_kvgr,0,0,0,0,0.0,,,,0.0,,,2015,2014-15,Palomar,palomar,dylanbreaultfe6h,Dylan Breault
Mar 26,home,Imperial Valley,W,15-3,15,3,12,win,20150326_nq6i,0,0,0,0,0.0,,,,0.0,,,2015,2014-15,Palomar,palomar,dylanbreaultfe6h,Dylan Breault
Mar 27,home,Imperial Valley,W,2-0,2,0,2,win,20150327_fida,0,0,0,0,0.0,,,,0.0,,,2015,2014-15,Palomar,palomar,dylanbreaultfe6h,Dylan Breault
Mar 31,home,San Diego Mesa,L,6-5,6,5,1,win,20150331_a11s,0,0,0,0,0.0,,,,0.0,,,2015,2014-15,Palomar,palomar,dylanbreaultfe6h,Dylan Breault
Apr 2,home,San Diego Mesa,W,5-4,5,4,1,win,20150402_39ub,0,0,0,0,0.0,,,,0.0,,,2015,2014-15,Palomar,palomar,dylanbreaultfe6h,Dylan Breault
Apr 3,home,San Diego Mesa,W,12-2,12,2,10,win,20150403_c7y2,0,0,0,0,0.0,,,,0.0,,,2015,2014-15,Palomar,palomar,dylanbreaultfe6h,Dylan Breault
Apr 7,home,Mt. San Jacinto,W,3-2,3,2,1,win,20150407_il6b,0,0,0,0,0.0,,,,0.0,,,2015,2014-15,Palomar,palomar,dylanbreaultfe6h,Dylan Breault
Apr 9,home,Mt. San Jacinto,W,9-2,9,2,7,win,20150409_w7ub,0,0,0,0,0.0,,,,0.0,,,2015,2014-15,Palomar,palomar,dylanbreaultfe6h,Dylan Breault
Apr 11,home,Mt. San Jacinto,W,6-2,6,2,4,win,20150411_jhxt,0,0,0,0,0.0,,,,0.0,,,2015,2014-15,Palomar,palomar,dylanbreaultfe6h,Dylan Breault
Apr 14,home,Grossmont,W,8-0,8,0,8,win,20150414_a8pt,0,0,0,0,0.0,,,,0.0,,,2015,2014-15,Palomar,palomar,dylanbreaultfe6h,Dylan Breault
Apr 16,home,Grossmont,W,4-2,4,2,2,win,20150416_b5wi,0,0,0,0,0.0,,,,0.0,,,2015,2014-15,Palomar,palomar,dylanbreaultfe6h,Dylan Breault
Apr 17,home,Grossmont,W,4-2,4,2,2,win,20150417_1zye,0,0,0,0,0.0,,,,0.0,,,2015,2014-15,Palomar,palomar,dylanbreaultfe6h,Dylan Breault
Apr 21,home,Southwestern,W,7-0,7,0,7,win,20150421_ubaq,0,0,0,0,0.0,,,,0.0,,,2015,2014-15,Palomar,palomar,dylanbreaultfe6h,Dylan Breault
Apr 23,home,Southwestern,W,7-4,7,4,3,win,20150423_lpem,0,0,0,0,0.0,,,,0.0,,,2015,2014-15,Palomar,palomar,dylanbreaultfe6h,Dylan Breault
Apr 25,home,Southwestern,L,8-3,8,3,5,win,20150425_uofn,0,0,0,0,0.0,,,,0.0,,,2015,2014-15,Palomar,palomar,dylanbreaultfe6h,Dylan Breault
May 1,home,Riverside,W,7-3,7,3,4,win,20150501_6ln4,0,0,0,0,0.0,,,,0.0,,,2015,2014-15,Palomar,palomar,dylanbreaultfe6h,Dylan Breault
May 2,home,Riverside,W,4-2,4,2,2,win,20150502_871a,0,0,0,0,0.0,,,,0.0,,,2015,2014-15,Palomar,palomar,dylanbreaultfe6h,Dylan Breault
May 9,home,Irvine Valley,W,3-0,3,0,3,win,20150509_xbqu,0,0,0,0,0.0,,,,0.0,,,2015,2014-15,Palomar,palomar,dylanbreaultfe6h,Dylan Breault
May 10,home,Irvine Valley,W,11-1,11,1,10,win,20150510_lg7m,0,0,0,0,0.0,,,,0.0,,,2015,2014-15,Palomar,palomar,dylanbreaultfe6h,Dylan Breault
May 16,home,Saddleback,W,6-1,6,1,5,win,20150516_evp5,0,0,0,0,0.0,,,,0.0,,,2015,2014-15,Palomar,palomar,dylanbreaultfe6h,Dylan Breault
May 17,home,Saddleback,W,4-3,4,3,1,win,20150517_lpf3,0,0,0,0,0.0,,,,0.0,,,2015,2014-15,Palomar,palomar,dylanbreaultfe6h,Dylan Breault
May 23,home,Fresno City,W,7-3,7,3,4,win,20150523_vaq4,0,0,0,0,0.0,,,,0.0,,,2015,2014-15,Palomar,palomar,dylanbreaultfe6h,Dylan Breault
May 24,home,Orange Coast,L,3-0,3,0,3,win,20150524_slaa,0,0,0,0,0.0,,,,0.0,,,2015,2014-15,Palomar,palomar,dylanbreaultfe6h,Dylan Breault
May 24,home,San Joaquin  Delta,L,14-7,14,7,7,win,20150524_a76s,0,0,0,0,0.0,,,,0.0,,,2015,2014-15,Palomar,palomar,dylanbreaultfe6h,Dylan Breault
Jan 27,home,Reedley,L,4-1,4,1,3,win,20150127_9f2m,0,0,0,0,0.0,,,,0.0,,,2015,2014-15,Monterey,monterey,jjboylezsxz,JJ Boyle
Jan 31,home,Mission,L,13-1,13,1,12,win,20150131_fbwi,0,0,0,0,0.0,,,,0.0,,,2015,2014-15,Monterey,monterey,jjboylezsxz,JJ Boyle
Feb 3,home,Modesto,W,10-8,10,8,2,win,20150203_m45h,0,0,0,0,0.0,,,,0.0,,,2015,2014-15,Monterey,monterey,jjboylezsxz,JJ Boyle
Feb 7,home,Laney,L,1-0,1,0,1,win,20150207_c1wn,0,0,0,0,0.0,,,,0.0,,,2015,2014-15,Monterey,monterey,jjboylezsxz,JJ Boyle
Feb 13,home,Taft,L,10-3,10,3,7,win,20150213_hmzu,0,0,0,0,0.0,,,,0.0,,,2015,2014-15,Monterey,monterey,jjboylezsxz,JJ Boyle
Feb 13,home,Taft,L,8-7,8,7,1,win,20150213_r0g9,0,0,0,0,0.0,,,,0.0,,,2015,2014-15,Monterey,monterey,jjboylezsxz,JJ Boyle
Feb 17,home,De Anza,W,5-4,5,4,1,win,20150217_076v,0,0,0,0,0.0,,,,0.0,,,2015,2014-15,Monterey,monterey,jjboylezsxz,JJ Boyle
Feb 20,home,Folsom Lake,W,9-3,9,3,6,win,20150220_74t6,0,0,0,0,0.0,,,,0.0,,,2015,2014-15,Monterey,monterey,jjboylezsxz,JJ Boyle
Feb 21,home,Folsom Lake,L,2-0,2,0,2,win,20150221_emko,0,0,0,0,0.0,,,,0.0,,,2015,2014-15,Monterey,monterey,jjboylezsxz,JJ Boyle
Feb 24,home,Hartnell,W,9-4,9,4,5,win,20150224_sgrm,0,0,0,0,0.0,,,,0.0,,,2015,2014-15,Monterey,monterey,jjboylezsxz,JJ Boyle
Feb 26,home,Gavilan,L,2-0,2,0,2,win,20150226_lxo2,0,0,0,0,0.0,,,,0.0,,,2015,2014-15,Monterey,monterey,jjboylezsxz,JJ Boyle
Mar 3,home,Skyline,L,2-1,2,1,1,win,20150303_brup,0,0,0,0,0.0,,,,0.0,,,2015,2014-15,Monterey,monterey,jjboylezsxz,JJ Boyle
Mar 7,home,Cabrillo,W,2-1,2,1,1,win,20150307_utfl,0,0,0,0,0.0,,,,0.0,,,2015,2014-15,Monterey,monterey,jjboylezsxz,JJ Boyle
Mar 10,home,Mission,W,13-12,13,12,1,win,20150310_1mh3,0,0,0,0,0.0,,,,0.0,,,2015,2014-15,Monterey,monterey,jjboylezsxz,JJ Boyle
Mar 12,home,De Anza,L,5-4,5,4,1,win,20150312_olrt,0,0,0,0,0.0,,,,0.0,,,2015,2014-15,Monterey,monterey,jjboylezsxz,JJ Boyle
Mar 14,home,Ohlone,L,6-4,6,4,2,win,20150314_xlmc,0,0,0,0,0.0,,,,0.0,,,2015,2014-15,Monterey,monterey,jjboylezsxz,JJ Boyle
Mar 19,home,Cabrillo,W,4-2,4,2,2,win,20150319_tv22,0,0,0,0,0.0,,,,0.0,,,2015,2014-15,Monterey,monterey,jjboylezsxz,JJ Boyle
Mar 21,home,Ohlone,L,5-3,5,3,2,win,20150321_ugax,0,0,0,0,0.0,,,,0.0,,,2015,2014-15,Monterey,monterey,jjboylezsxz,JJ Boyle
Mar 24,home,San Francisco,W,13-3,13,3,10,win,20150324_56qn,0,0,0,0,0.0,,,,0.0,,,2015,2014-15,Monterey,monterey,jjboylezsxz,JJ Boyle
Mar 26,home,Skyline,L,4-3,4,3,1,win,20150326_buvo,0,0,0,0,0.0,,,,0.0,,,2015,2014-15,Monterey,monterey,jjboylezsxz,JJ Boyle
Mar 28,home,Gavilan,L,3-2,3,2,1,win,20150328_rlr0,0,0,0,0,0.0,,,,0.0,,,2015,2014-15,Monterey,monterey,jjboylezsxz,JJ Boyle
Mar 31,home,West Valley,W,2-1,2,1,1,win,20150331_xx5c,0,0,0,0,0.0,,,,0.0,,,2015,2014-15,Monterey,monterey,jjboylezsxz,JJ Boyle
Apr 2,home,Hartnell,L,6-4,6,4,2,win,20150402_bloy,0,0,0,0,0.0,,,,0.0,,,2015,2014-15,Monterey,monterey,jjboylezsxz,JJ Boyle
Apr 4,home,Canada,W,8-4,8,4,4,win,20150404_edkv,0,0,0,0,0.0,,,,0.0,,,2015,2014-15,Monterey,monterey,jjboylezsxz,JJ Boyle
Apr 7,home,San Mateo,L,7-3,7,3,4,win,20150407_xi7c,0,0,0,0,0.0,,,,0.0,,,2015,2014-15,Monterey,monterey,jjboylezsxz,JJ Boyle
Apr 9,home,Cabrillo,L,9-0,9,0,9,win,20150409_cxtz,0,0,0,0,0.0,,,,0.0,,,2015,2014-15,Monterey,monterey,jjboylezsxz,JJ Boyle
Apr 11,home,Gavilan,L,3-1,3,1,2,win,20150411_vmrr,0,0,0,0,0.0,,,,0.0,,,2015,2014-15,Monterey,monterey,jjboylezsxz,JJ Boyle
Apr 14,home,Chabot,W,8-4,8,4,4,win,20150414_r7ws,0,0,0,0,0.0,,,,0.0,,,2015,2014-15,Monterey,monterey,jjboylezsxz,JJ Boyle
Apr 16,home,Ohlone,W,3-1,3,1,2,win,20150416_aqli,0,0,0,0,0.0,,,,0.0,,,2015,2014-15,Monterey,monterey,jjboylezsxz,JJ Boyle
Apr 18,home,Hartnell,L,12-5,12,5,7,win,20150418_dl5k,0,0,0,0,0.0,,,,0.0,,,2015,2014-15,Monterey,monterey,jjboylezsxz,JJ Boyle
Apr 21,home,Canada,W,5-2,5,2,3,win,20150421_a2v7,0,0,0,0,0.0,,,,0.0,,,2015,2014-15,Monterey,monterey,jjboylezsxz,JJ Boyle
Apr 23,home,Skyline,L,6-2,6,2,4,win,20150423_2nek,0,0,0,0,0.0,,,,0.0,,,2015,2014-15,Monterey,monterey,jjboylezsxz,JJ Boyle
Jan 27,home,Grossmont,W,7-3,7,3,4,win,20150127_n9zn,0,0,0,0,0.0,,,,0.0,,,2015,2014-15,Cypress,cypress,johnsantospagot849,John Santospago
Jan 31,home,Ventura,W,11-4,11,4,7,win,20150131_q00k,0,0,0,0,0.0,,,,0.0,,,2015,2014-15,Cypress,cypress,johnsantospagot849,John Santospago
Feb 5,home,San Bernardino,W,2-0,2,0,2,win,20150205_ml2m,0,0,0,0,0.0,,,,0.0,,,2015,2014-15,Cypress,cypress,johnsantospagot849,John Santospago
Feb 6,home,Desert,W,8-7,8,7,1,win,20150206_qytm,0,0,0,0,0.0,,,,0.0,,,2015,2014-15,Cypress,cypress,johnsantospagot849,John Santospago
Feb 7,home,Palomar,W,8-7,8,7,1,win,20150207_jyfv,0,0,0,0,0.0,,,,0.0,,,2015,2014-15,Cypress,cypress,johnsantospagot849,John Santospago
Feb 10,home,Moorpark,L,10-4,10,4,6,win,20150210_bcqb,0,0,0,0,0.0,,,,0.0,,,2015,2014-15,Cypress,cypress,johnsantospagot849,John Santospago
Feb 13,home,Merced,W,21-1,21,1,20,win,20150213_41z9,0,0,0,0,0.0,,,,0.0,,,2015,2014-15,Cypress,cypress,johnsantospagot849,John Santospago
Feb 14,home,Merced,L,13-12,13,12,1,win,20150214_7zuj,0,0,0,0,0.0,,,,0.0,,,2015,2014-15,Cypress,cypress,johnsantospagot849,John Santospago
Feb 17,home,Desert,W,22-1,22,1,21,win,20150217_f0sh,0,0,0,0,0.0,,,,0.0,,,2015,2014-15,Cypress,cypress,johnsantospagot849,John Santospago
Feb 20,home,Glendale,W,11-3,11,3,8,win,20150220_74fi,0,0,0,0,0.0,,,,0.0,,,2015,2014-15,Cypress,cypress,johnsantospagot849,John Santospago
Feb 21,home,El Camino,W,6-5,6,5,1,win,20150221_geuz,0,0,0,0,0.0,,,,0.0,,,2015,2014-15,Cypress,cypress,johnsantospagot849,John Santospago
Feb 26,home,Golden West,L,7-6,7,6,1,win,20150226_pu3e,0,0,0,0,0.0,,,,0.0,,,2015,2014-15,Cypress,cypress,johnsantospagot849,John Santospago
Feb 28,home,Saddleback,W,10-3,10,3,7,win,20150228_z393,0,0,0,0,0.0,,,,0.0,,,2015,2014-15,Cypress,cypress,johnsantospagot849,John Santospago
Mar 3,home,Irvine Valley,W,5-0,5,0,5,win,20150303_xvpi,0,0,0,0,0.0,,,,0.0,,,2015,2014-15,Cypress,cypress,johnsantospagot849,John Santospago
Mar 5,home,Orange Coast,L,3-2,3,2,1,win,20150305_cryy,0,0,0,0,0.0,,,,0.0,,,2015,2014-15,Cypress,cypress,johnsantospagot849,John Santospago
Mar 7,home,Riverside,W,8-3,8,3,5,win,20150307_nyul,0,0,0,0,0.0,,,,0.0,,,2015,2014-15,Cypress,cypress,johnsantospagot849,John Santospago
Mar 10,home,Santa Ana,W,5-2,5,2,3,win,20150310_fxsq,0,0,0,0,0.0,,,,0.0,,,2015,2014-15,Cypress,cypress,johnsantospagot849,John Santospago
Mar 12,home,Fullerton,L,6-5,6,5,1,win,20150312_y0g2,0,0,0,0,0.0,,,,0.0,,,2015,2014-15,Cypress,cypress,johnsantospagot849,John Santospago
Mar 17,home,Golden West,L,5-4,5,4,1,win,20150317_k9qu,0,0,0,0,0.0,,,,0.0,,,2015,2014-15,Cypress,cypress,johnsantospagot849,John Santospago
Mar 19,home,Golden West,W,5-1,5,1,4,win,20150319_wg7p,0,0,0,0,0.0,,,,0.0,,,2015,2014-15,Cypress,cypress,johnsantospagot849,John Santospago
Mar 21,home,Saddleback,W,4-1,4,1,3,win,20150321_swz9,0,0,0,0,0.0,,,,0.0,,,2015,2014-15,Cypress,cypress,johnsantospagot849,John Santospago
Mar 24,home,Saddleback,W,3-1,3,1,2,win,20150324_3dej,0,0,0,0,0.0,,,,0.0,,,2015,2014-15,Cypress,cypress,johnsantospagot849,John Santospago
Mar 26,home,Irvine Valley,W,3-2,3,2,1,win,20150326_cp7i,0,0,0,0,0.0,,,,0.0,,,2015,2014-15,Cypress,cypress,johnsantospagot849,John Santospago
Mar 27,home,Irvine Valley,W,4-3,4,3,1,win,20150327_5809,0,0,0,0,0.0,,,,0.0,,,2015,2014-15,Cypress,cypress,johnsantospagot849,John Santospago
Apr 1,home,Fresno City,L,14-6,14,6,8,win,20150401_lmv2,0,0,0,0,0.0,,,,0.0,,,2015,2014-15,Cypress,cypress,johnsantospagot849,John Santospago
Apr 2,home,Allan Hancock,W,7-4,7,4,3,win,20150402_fkxa,0,0,0,0,0.0,,,,0.0,,,2015,2014-15,Cypress,cypress,johnsantospagot849,John Santospago
Apr 7,home,Orange Coast,W,15-9,15,9,6,win,20150407_2385,0,0,0,0,0.0,,,,0.0,,,2015,2014-15,Cypress,cypress,johnsantospagot849,John Santospago
Apr 9,home,Orange Coast,W,11-10,11,10,1,win,20150409_7qne,0,0,0,0,0.0,,,,0.0,,,2015,2014-15,Cypress,cypress,johnsantospagot849,John Santospago
Apr 11,home,Riverside,L,9-2,9,2,7,win,20150411_36ur,0,0,0,0,0.0,,,,0.0,,,2015,2014-15,Cypress,cypress,johnsantospagot849,John Santospago
Apr 14,home,Riverside,W,8-7,8,7,1,win,20150414_x9aj,0,0,0,0,0.0,,,,0.0,,,2015,2014-15,Cypress,cypress,johnsantospagot849,John Santospago
Apr 16,home,Santa Ana,W,12-1,12,1,11,win,20150416_j99p,0,0,0,0,0.0,,,,0.0,,,2015,2014-15,Cypress,cypress,johnsantospagot849,John Santospago
Apr 17,home,Santa Ana,L,18-5,18,5,13,win,20150417_rv4i,0,0,0,0,0.0,,,,0.0,,,2015,2014-15,Cypress,cypress,johnsantospagot849,John Santospago
Apr 21,home,Fullerton,L,4-1,4,1,3,win,20150421_mjza,0,0,0,0,0.0,,,,0.0,,,2015,2014-15,Cypress,cypress,johnsantospagot849,John Santospago
Apr 23,home,Fullerton,W,6-1,6,1,5,win,20150423_w78y,0,0,0,0,0.0,,,,0.0,,,2015,2014-15,Cypress,cypress,johnsantospagot849,John Santospago
May 1,home,Fullerton,L,6-5,6,5,1,win,20150501_aclw,0,0,0,0,0.0,,,,0.0,,,2015,2014-15,Cypress,cypress,johnsantospagot849,John Santospago
May 2,home,Fullerton,L,6-5,6,5,1,win,20150502_6nw9,0,0,0,0,0.0,,,,0.0,,,2015,2014-15,Cypress,cypress,johnsantospagot849,John Santospago
Jan 27,home,Monterey,W,4-1,4,1,3,win,20150127_9f2m,0,0,0,0,0.0,,,,0.0,,,2015,2014-15,Reedley,reedley,jocolemanr1mw,J.O. Coleman
Feb 6,home,Golden West,L,7-2,7,2,5,win,20150206_o7yk,0,0,0,0,0.0,,,,0.0,,,2015,2014-15,Reedley,reedley,jocolemanr1mw,J.O. Coleman
Feb 21,home,Fresno City,L,6-5,6,5,1,win,20150221_g9y0,0,0,0,0,0.0,,,,0.0,,,2015,2014-15,Reedley,reedley,jocolemanr1mw,J.O. Coleman
Feb 24,home,Taft,W,8-2,8,2,6,win,20150224_ttow,0,0,0,0,0.0,,,,0.0,,,2015,2014-15,Reedley,reedley,jocolemanr1mw,J.O. Coleman
Feb 26,home,Taft,W,8-1,8,1,7,win,20150226_grht,0,0,0,0,0.0,,,,0.0,,,2015,2014-15,Reedley,reedley,jocolemanr1mw,J.O. Coleman
Feb 28,home,Taft,L,6-5,6,5,1,win,20150228_74p6,0,0,0,0,0.0,,,,0.0,,,2015,2014-15,Reedley,reedley,jocolemanr1mw,J.O. Coleman
Mar 7,home,Merced,L,8-7,8,7,1,win,20150307_sx3l,0,0,0,0,0.0,,,,0.0,,,2015,2014-15,Reedley,reedley,jocolemanr1mw,J.O. Coleman
Mar 19,home,Sequoias,L,8-0,8,0,8,win,20150319_6bw4,0,0,0,0,0.0,,,,0.0,,,2015,2014-15,Reedley,reedley,jocolemanr1mw,J.O. Coleman
Mar 24,home,West Hills Coalinga,W,10-5,10,5,5,win,20150324_9ym4,0,0,0,0,0.0,,,,0.0,,,2015,2014-15,Reedley,reedley,jocolemanr1mw,J.O. Coleman
Mar 26,home,West Hills Coalinga,W,3-2,3,2,1,win,20150326_nesi,0,0,0,0,0.0,,,,0.0,,,2015,2014-15,Reedley,reedley,jocolemanr1mw,J.O. Coleman
Mar 28,home,West Hills Coalinga,W,9-8,9,8,1,win,20150328_33os,0,0,0,0,0.0,,,,0.0,,,2015,2014-15,Reedley,reedley,jocolemanr1mw,J.O. Coleman
Apr 1,home,Bakersfield,L,5-3,5,3,2,win,20150401_3t1y,0,0,0,0,0.0,,,,0.0,,,2015,2014-15,Reedley,reedley,jocolemanr1mw,J.O. Coleman
Apr 3,home,Santa Barbara,L,11-8,11,8,3,win,20150403_1oip,0,0,0,0,0.0,,,,0.0,,,2015,2014-15,Reedley,reedley,jocolemanr1mw,J.O. Coleman
Apr 9,home,Porterville,W,5-2,5,2,3,win,20150409_gudn,0,0,0,0,0.0,,,,0.0,,,2015,2014-15,Reedley,reedley,jocolemanr1mw,J.O. Coleman
Apr 10,home,Porterville,W,11-0,11,0,11,win,20150410_966u,0,0,0,0,0.0,,,,0.0,,,2015,2014-15,Reedley,reedley,jocolemanr1mw,J.O. Coleman
Apr 11,home,Porterville,W,7-2,7,2,5,win,20150411_204e,0,0,0,0,0.0,,,,0.0,,,2015,2014-15,Reedley,reedley,jocolemanr1mw,J.O. Coleman
Apr 14,home,Merced,L,10-5,10,5,5,win,20150414_j11g,0,0,0,0,0.0,,,,0.0,,,2015,2014-15,Reedley,reedley,jocolemanr1mw,J.O. Coleman
Apr 16,home,Porterville,W,7-4,7,4,3,win,20150416_t3eo,0,0,0,0,0.0,,,,0.0,,,2015,2014-15,Reedley,reedley,jocolemanr1mw,J.O. Coleman
Apr 18,home,Fresno City,W,9-6,9,6,3,win,20150418_6p1k,0,0,0,0,0.0,,,,0.0,,,2015,2014-15,Reedley,reedley,jocolemanr1mw,J.O. Coleman
Apr 19,home,West Hills Coalinga,W,14-4,14,4,10,win,20150419_2l75,0,0,0,0,0.0,,,,0.0,,,2015,2014-15,Reedley,reedley,jocolemanr1mw,J.O. Coleman
Apr 23,home,Taft,L,4-2,4,2,2,win,20150423_39h3,0,0,0,0,0.0,,,,0.0,,,2015,2014-15,Reedley,reedley,jocolemanr1mw,J.O. Coleman
Apr 24,home,Sequoias,L,5-2,5,2,3,win,20150424_gh13,0,0,0,0,0.0,,,,0.0,,,2015,2014-15,Reedley,reedley,jocolemanr1mw,J.O. Coleman
Jan 27,home,Shasta,W,5-4,5,4,1,win,20150127_hrxj,0,0,0,0,0.0,,,,0.0,,,2015,2014-15,Folsom Lake,folsomlake,michaelmajeskixml5,Michael Majeski
Jan 30,home,Butte,W,14-9,14,9,5,win,20150130_cke7,0,0,0,0,0.0,,,,0.0,,,2015,2014-15,Folsom Lake,folsomlake,michaelmajeskixml5,Michael Majeski
Jan 31,home,Butte,W,7-2,7,2,5,win,20150131_nt7f,0,0,0,0,0.0,,,,0.0,,,2015,2014-15,Folsom Lake,folsomlake,michaelmajeskixml5,Michael Majeski
Feb 4,home,Sierra,L,8-1,8,1,7,win,20150204_202t,0,0,0,0,0.0,,,,0.0,,,2015,2014-15,Folsom Lake,folsomlake,michaelmajeskixml5,Michael Majeski
Feb 6,home,Siskiyous,W,9-6,9,6,3,win,20150206_d87l,0,0,0,0,0.0,,,,0.0,,,2015,2014-15,Folsom Lake,folsomlake,michaelmajeskixml5,Michael Majeski
Feb 12,home,Sierra,W,3-2,3,2,1,win,20150212_hgh9,0,0,0,0,0.0,,,,0.0,,,2015,2014-15,Folsom Lake,folsomlake,michaelmajeskixml5,Michael Majeski
Feb 13,home,Gavilan,L,6-0,6,0,6,win,20150213_wmh8,0,0,0,0,0.0,,,,0.0,,,2015,2014-15,Folsom Lake,folsomlake,michaelmajeskixml5,Michael Majeski
Feb 14,home,Gavilan,W,13-4,13,4,9,win,20150214_torj,0,0,0,0,0.0,,,,0.0,,,2015,2014-15,Folsom Lake,folsomlake,michaelmajeskixml5,Michael Majeski
Feb 17,home,Gavilan,W,6-1,6,1,5,win,20150217_vmww,0,0,0,0,0.0,,,,0.0,,,2015,2014-15,Folsom Lake,folsomlake,michaelmajeskixml5,Michael Majeski
Feb 20,home,Monterey,L,9-3,9,3,6,win,20150220_74t6,0,0,0,0,0.0,,,,0.0,,,2015,2014-15,Folsom Lake,folsomlake,michaelmajeskixml5,Michael Majeski
Feb 21,home,Monterey,W,2-0,2,0,2,win,20150221_emko,0,0,0,0,0.0,,,,0.0,,,2015,2014-15,Folsom Lake,folsomlake,michaelmajeskixml5,Michael Majeski
Feb 24,home,Los Medanos,W,4-2,4,2,2,win,20150224_ub14,0,0,0,0,0.0,,,,0.0,,,2015,2014-15,Folsom Lake,folsomlake,michaelmajeskixml5,Michael Majeski
Feb 26,home,Los Medanos,W,6-4,6,4,2,win,20150226_p1fp,0,0,0,0,0.0,,,,0.0,,,2015,2014-15,Folsom Lake,folsomlake,michaelmajeskixml5,Michael Majeski
Feb 28,home,Marin,W,7-1,7,1,6,win,20150228_ndg2,0,0,0,0,0.0,,,,0.0,,,2015,2014-15,Folsom Lake,folsomlake,michaelmajeskixml5,Michael Majeski
Mar 3,home,Marin,L,6-3,6,3,3,win,20150303_70sg,0,0,0,0,0.0,,,,0.0,,,2015,2014-15,Folsom Lake,folsomlake,michaelmajeskixml5,Michael Majeski
Mar 5,home,Solano,L,8-3,8,3,5,win,20150305_95dr,0,0,0,0,0.0,,,,0.0,,,2015,2014-15,Folsom Lake,folsomlake,michaelmajeskixml5,Michael Majeski
Mar 7,home,Solano,L,2-1,2,1,1,win,20150307_lffh,0,0,0,0,0.0,,,,0.0,,,2015,2014-15,Folsom Lake,folsomlake,michaelmajeskixml5,Michael Majeski
Mar 10,home,Yuba,W,13-6,13,6,7,win,20150310_050t,0,0,0,0,0.0,,,,0.0,,,2015,2014-15,Folsom Lake,folsomlake,michaelmajeskixml5,Michael Majeski
Mar 12,home,Yuba,L,8-1,8,1,7,win,20150312_tfej,1,0,1,0,4.2,5.0,8.0,2.0,3.86,2.0,2.0,2015,2014-15,Folsom Lake,folsomlake,michaelmajeskixml5,Michael Majeski
Mar 14,home,Mendocino,L,7-6,7,6,1,win,20150314_g0a9,0,0,0,0,0.0,,,,0.0,,,2015,2014-15,Folsom Lake,folsomlake,michaelmajeskixml5,Michael Majeski
Mar 17,home,Mendocino,W,7-2,7,2,5,win,20150317_ii5f,0,0,0,0,0.0,,,,0.0,,,2015,2014-15,Folsom Lake,folsomlake,michaelmajeskixml5,Michael Majeski
Mar 19,home,Contra Costa,W,16-13,16,13,3,win,20150319_fbyd,0,0,0,0,0.0,,,,0.0,,,2015,2014-15,Folsom Lake,folsomlake,michaelmajeskixml5,Michael Majeski
Mar 21,home,Contra Costa,W,9-7,9,7,2,win,20150321_lxgw,0,1,0,0,1.1,,,,0.0,,1.0,2015,2014-15,Folsom Lake,folsomlake,michaelmajeskixml5,Michael Majeski
Mar 24,home,Laney,W,4-3,4,3,1,win,20150324_vc9a,0,0,0,0,0.0,,,,0.0,,,2015,2014-15,Folsom Lake,folsomlake,michaelmajeskixml5,Michael Majeski
Mar 26,home,Laney,W,7-6,7,6,1,win,20150326_l0fb,0,1,0,0,5.0,6.0,3.0,3.0,5.4,2.0,0.0,2015,2014-15,Folsom Lake,folsomlake,michaelmajeskixml5,Michael Majeski
Mar 28,home,Napa,W,4-0,4,0,4,win,20150328_lkac,0,0,0,0,0.0,,,,0.0,,,2015,2014-15,Folsom Lake,folsomlake,michaelmajeskixml5,Michael Majeski
Mar 31,home,Napa,L,3-0,3,0,3,win,20150331_uzqo,0,0,0,0,0.0,,,,0.0,,,2015,2014-15,Folsom Lake,folsomlake,michaelmajeskixml5,Michael Majeski
Apr 7,home,Los Medanos,W,8-3,8,3,5,win,20150407_vmgz,0,0,0,0,0.0,,,,0.0,,,2015,2014-15,Folsom Lake,folsomlake,michaelmajeskixml5,Michael Majeski
Apr 9,home,Marin,L,5-4,5,4,1,win,20150409_3jrk,0,0,0,0,0.0,,,,0.0,,,2015,2014-15,Folsom Lake,folsomlake,michaelmajeskixml5,Michael Majeski
Apr 10,home,Solano,L,11-3,11,3,8,win,20150410_d27z,1,0,1,0,3.2,13.0,11.0,7.0,17.18,1.0,1.0,2015,2014-15,Folsom Lake,folsomlake,michaelmajeskixml5,Michael Majeski
Apr 14,home,Yuba,W,6-5,6,5,1,win,20150414_209l,0,0,0,0,0.0,,,,0.0,,,2015,2014-15,Folsom Lake,folsomlake,michaelmajeskixml5,Michael Majeski
Apr 17,home,Contra Costa,W,6-1,6,1,5,win,20150417_3v88,0,0,0,0,0.0,,,,0.0,,,2015,2014-15,Folsom Lake,folsomlake,michaelmajeskixml5,Michael Majeski
Apr 20,home,Mendocino,W,6-3,6,3,3,win,20150420_ecx7,1,1,0,0,7.0,1.0,2.0,0.0,0.0,3.0,3.0,2015,2014-15,Folsom Lake,folsomlake,michaelmajeskixml5,Michael Majeski
Apr 21,home,Laney,L,16-5,16,5,11,win,20150421_zwga,0,0,0,0,0.0,,,,0.0,,,2015,2014-15,Folsom Lake,folsomlake,michaelmajeskixml5,Michael Majeski
Apr 23,home,Napa,L,10-4,10,4,6,win,20150423_fchi,0,0,0,0,0.0,,,,0.0,,,2015,2014-15,Folsom Lake,folsomlake,michaelmajeskixml5,Michael Majeski
May 1,home,Feather River,W,8-7,8,7,1,win,20150501_xamj,0,0,0,0,0.0,,,,0.0,,,2015,2014-15,Folsom Lake,folsomlake,michaelmajeskixml5,Michael Majeski
May 2,home,Feather River,L,9-6,9,6,3,win,20150502_2nzi,1,0,1,0,1.1,4.0,4.0,4.0,27.0,4.0,1.0,2015,2014-15,Folsom Lake,folsomlake,michaelmajeskixml5,Michael Majeski
May 2,home,Feather River,L,5-4,5,4,1,win,20150502_1iqo,0,0,0,0,0.0,,,,0.0,,,2015,2014-15,Folsom Lake,folsomlake,michaelmajeskixml5,Michael Majeski
Feb 3,home,Victor Valley,L,6-1,6,1,5,win,20150203_9cm9,0,0,0,0,0.0,,,,0.0,,,2015,2014-15,Antelope Valley,antelopevalley,chrisdaviesood8,Chris Davies
Feb 7,home,Victor Valley,L,15-3,15,3,12,win,20150207_mtxs,0,0,0,0,0.0,,,,0.0,,,2015,2014-15,Antelope Valley,antelopevalley,chrisdaviesood8,Chris Davies
Feb 10,home,Barstow,W,10-6,10,6,4,win,20150210_9rvr,0,0,0,0,0.0,,,,0.0,,,2015,2014-15,Antelope Valley,antelopevalley,chrisdaviesood8,Chris Davies
Feb 12,home,Porterville,L,8-0,8,0,8,win,20150212_jm6v,0,0,0,0,0.0,,,,0.0,,,2015,2014-15,Antelope Valley,antelopevalley,chrisdaviesood8,Chris Davies
Mar 26,home,Glendale,L,14-2,14,2,12,win,20150326_7na7,0,0,0,0,0.0,,,,0.0,,,2015,2014-15,Antelope Valley,antelopevalley,chrisdaviesood8,Chris Davies
Mar 27,home,Citrus,L,17-4,17,4,13,win,20150327_xncz,0,0,0,0,0.0,,,,0.0,,,2015,2014-15,Antelope Valley,antelopevalley,chrisdaviesood8,Chris Davies
Jan 30,home,Sacramento City,L,3-1,3,1,2,win,20150130_adfq,0,0,0,0,0.0,,,,0.0,,,2015,2014-15,Fresno City,fresno,loganpoisall8c7g,Logan Poisall
Jan 31,home,Sacramento City,W,10-7,10,7,3,win,20150131_229k,0,0,0,0,0.0,,,,0.0,,,2015,2014-15,Fresno City,fresno,loganpoisall8c7g,Logan Poisall
Feb 14,home,Chabot,W,4-3,4,3,1,win,20150214_5ax4,0,0,0,0,0.0,,,,0.0,,,2015,2014-15,Fresno City,fresno,loganpoisall8c7g,Logan Poisall
Feb 17,home,Reedley,W,7-3,7,3,4,win,20150217_p4wd,0,0,0,0,0.0,,,,0.0,,,2015,2014-15,Fresno City,fresno,loganpoisall8c7g,Logan Poisall
Feb 19,home,Reedley,W,6-0,6,0,6,win,20150219_azzf,0,0,0,0,0.0,,,,0.0,,,2015,2014-15,Fresno City,fresno,loganpoisall8c7g,Logan Poisall
Feb 21,home,Reedley,W,6-5,6,5,1,win,20150221_g9y0,0,0,0,0,0.0,,,,0.0,,,2015,2014-15,Fresno City,fresno,loganpoisall8c7g,Logan Poisall
Feb 24,home,West Hills Coalinga,W,14-1,14,1,13,win,20150224_x2fb,0,0,0,0,0.0,,,,0.0,,,2015,2014-15,Fresno City,fresno,loganpoisall8c7g,Logan Poisall
Feb 26,home,West Hills Coalinga,W,4-2,4,2,2,win,20150226_jx3o,0,0,0,0,0.0,,,,0.0,,,2015,2014-15,Fresno City,fresno,loganpoisall8c7g,Logan Poisall
Feb 27,home,West Hills Coalinga,W,7-3,7,3,4,win,20150227_1q3q,0,0,0,0,0.0,,,,0.0,,,2015,2014-15,Fresno City,fresno,loganpoisall8c7g,Logan Poisall
Mar 3,home,Sequoias,W,10-6,10,6,4,win,20150303_03u2,0,0,0,0,0.0,,,,0.0,,,2015,2014-15,Fresno City,fresno,loganpoisall8c7g,Logan Poisall
Mar 5,home,Sequoias,L,9-4,9,4,5,win,20150305_h7pf,0,0,0,0,0.0,,,,0.0,,,2015,2014-15,Fresno City,fresno,loganpoisall8c7g,Logan Poisall
Mar 7,home,Sequoias,W,5-1,5,1,4,win,20150307_e4cq,0,0,0,0,0.0,,,,0.0,,,2015,2014-15,Fresno City,fresno,loganpoisall8c7g,Logan Poisall
Mar 10,home,Porterville,W,7-0,7,0,7,win,20150310_ypgw,0,0,0,0,0.0,,,,0.0,,,2015,2014-15,Fresno City,fresno,loganpoisall8c7g,Logan Poisall
Mar 14,home,Porterville,W,8-1,8,1,7,win,20150314_3v67,0,0,0,0,0.0,,,,0.0,,,2015,2014-15,Fresno City,fresno,loganpoisall8c7g,Logan Poisall
Mar 17,home,Merced,W,9-0,9,0,9,win,20150317_zalv,0,0,0,0,0.0,,,,0.0,,,2015,2014-15,Fresno City,fresno,loganpoisall8c7g,Logan Poisall
Mar 19,home,Merced,W,4-3,4,3,1,win,20150319_1uty,0,0,0,0,0.0,,,,0.0,,,2015,2014-15,Fresno City,fresno,loganpoisall8c7g,Logan Poisall
Mar 21,home,Merced,W,13-4,13,4,9,win,20150321_qd6h,0,0,0,0,0.0,,,,0.0,,,2015,2014-15,Fresno City,fresno,loganpoisall8c7g,Logan Poisall
Mar 24,home,Taft,W,18-2,18,2,16,win,20150324_sq5j,0,0,0,0,0.0,,,,0.0,,,2015,2014-15,Fresno City,fresno,loganpoisall8c7g,Logan Poisall
Mar 28,home,Taft,W,10-2,10,2,8,win,20150328_2md6,0,0,0,0,0.0,,,,0.0,,,2015,2014-15,Fresno City,fresno,loganpoisall8c7g,Logan Poisall
Apr 1,home,Cypress,W,14-6,14,6,8,win,20150401_lmv2,0,0,0,0,0.0,,,,0.0,,,2015,2014-15,Fresno City,fresno,loganpoisall8c7g,Logan Poisall
Apr 2,home,Cuesta,L,8-1,8,1,7,win,20150402_12kj,0,0,0,0,0.0,,,,0.0,,,2015,2014-15,Fresno City,fresno,loganpoisall8c7g,Logan Poisall
Apr 8,home,Oxnard,W,4-3,4,3,1,win,20150408_adup,0,0,0,0,0.0,,,,0.0,,,2015,2014-15,Fresno City,fresno,loganpoisall8c7g,Logan Poisall
Apr 9,home,Santa Barbara,L,5-3,5,3,2,win,20150409_pia0,0,0,0,0,0.0,,,,0.0,,,2015,2014-15,Fresno City,fresno,loganpoisall8c7g,Logan Poisall
Apr 14,home,Sequoias,W,14-10,14,10,4,win,20150414_euy1,0,0,0,0,0.0,,,,0.0,,,2015,2014-15,Fresno City,fresno,loganpoisall8c7g,Logan Poisall
Apr 18,home,Reedley,L,9-6,9,6,3,win,20150418_6p1k,0,0,0,0,0.0,,,,0.0,,,2015,2014-15,Fresno City,fresno,loganpoisall8c7g,Logan Poisall
Apr 19,home,Taft,L,4-3,4,3,1,win,20150419_q06i,0,0,0,0,0.0,,,,0.0,,,2015,2014-15,Fresno City,fresno,loganpoisall8c7g,Logan Poisall
Apr 21,home,Porterville,W,7-0,7,0,7,win,20150421_mgi5,0,0,0,0,0.0,,,,0.0,,,2015,2014-15,Fresno City,fresno,loganpoisall8c7g,Logan Poisall
Apr 23,home,West Hills Coalinga,W,4-0,4,0,4,win,20150423_qqvz,0,0,0,0,0.0,,,,0.0,,,2015,2014-15,Fresno City,fresno,loganpoisall8c7g,Logan Poisall
Apr 24,home,Merced,W,14-4,14,4,10,win,20150424_3jm4,0,0,0,0,0.0,,,,0.0,,,2015,2014-15,Fresno City,fresno,loganpoisall8c7g,Logan Poisall
May 1,home,Skyline,L,5-3,5,3,2,win,20150501_27to,0,0,0,0,0.0,,,,0.0,,,2015,2014-15,Fresno City,fresno,loganpoisall8c7g,Logan Poisall
May 2,home,Skyline,W,16-6,16,6,10,win,20150502_mk3f,0,0,0,0,0.0,,,,0.0,,,2015,2014-15,Fresno City,fresno,loganpoisall8c7g,Logan Poisall
May 2,home,Skyline,W,11-8,11,8,3,win,20150502_sraw,0,0,0,0,0.0,,,,0.0,,,2015,2014-15,Fresno City,fresno,loganpoisall8c7g,Logan Poisall
May 8,home,Ohlone,W,7-2,7,2,5,win,20150508_iwo4,0,0,0,0,0.0,,,,0.0,,,2015,2014-15,Fresno City,fresno,loganpoisall8c7g,Logan Poisall
May 9,home,Ohlone,L,4-3,4,3,1,win,20150509_r2bd,0,0,0,0,0.0,,,,0.0,,,2015,2014-15,Fresno City,fresno,loganpoisall8c7g,Logan Poisall
May 10,home,Ohlone,W,7-2,7,2,5,win,20150510_px0a,0,0,0,0,0.0,,,,0.0,,,2015,2014-15,Fresno City,fresno,loganpoisall8c7g,Logan Poisall
May 15,home,Feather River,W,2-1,2,1,1,win,20150515_ofyn,0,0,0,0,0.0,,,,0.0,,,2015,2014-15,Fresno City,fresno,loganpoisall8c7g,Logan Poisall
May 16,home,Feather River,W,9-7,9,7,2,win,20150516_5yt2,0,0,0,0,0.0,,,,0.0,,,2015,2014-15,Fresno City,fresno,loganpoisall8c7g,Logan Poisall
May 23,home,Palomar,L,7-3,7,3,4,win,20150523_vaq4,0,0,0,0,0.0,,,,0.0,,,2015,2014-15,Fresno City,fresno,loganpoisall8c7g,Logan Poisall
May 24,home,San Joaquin  Delta,L,13-2,13,2,11,win,20150524_fk8o,0,0,0,0,0.0,,,,0.0,,,2015,2014-15,Fresno City,fresno,loganpoisall8c7g,Logan Poisall
Jan 29,home,Santa Rosa,W,7-6,7,6,1,win,20150129_j5ks,0,0,0,0,0.0,,,,0.0,,,2015,2014-15,Chabot,chabot,iandawkinsodoq,Ian Dawkins
Jan 31,home,Santa Rosa,L,4-3,4,3,1,win,20150131_mzgs,0,0,0,0,0.0,,,,0.0,,,2015,2014-15,Chabot,chabot,iandawkinsodoq,Ian Dawkins
Feb 3,home,Sacramento City,W,10-2,10,2,8,win,20150203_pcua,0,0,0,0,0.0,,,,0.0,,,2015,2014-15,Chabot,chabot,iandawkinsodoq,Ian Dawkins
Feb 5,home,Sacramento City,L,13-7,13,7,6,win,20150205_2a1i,0,0,0,0,0.0,,,,0.0,,,2015,2014-15,Chabot,chabot,iandawkinsodoq,Ian Dawkins
Feb 9,home,Sacramento City,W,7-6,7,6,1,win,20150209_0nm1,0,0,0,0,0.0,,,,0.0,,,2015,2014-15,Chabot,chabot,iandawkinsodoq,Ian Dawkins
Feb 11,home,Cosumnes River,L,8-4,8,4,4,win,20150211_vfb6,0,0,0,0,0.0,,,,0.0,,,2015,2014-15,Chabot,chabot,iandawkinsodoq,Ian Dawkins
Feb 13,home,Fresno City,L,5-1,5,1,4,win,20150213_2d9r,0,0,0,0,0.0,,,,0.0,,,2015,2014-15,Chabot,chabot,iandawkinsodoq,Ian Dawkins
Feb 14,home,Fresno City,L,4-3,4,3,1,win,20150214_5ax4,0,0,0,0,0.0,,,,0.0,,,2015,2014-15,Chabot,chabot,iandawkinsodoq,Ian Dawkins
Feb 17,home,Cosumnes River,L,8-5,8,5,3,win,20150217_loid,0,0,0,0,0.0,,,,0.0,,,2015,2014-15,Chabot,chabot,iandawkinsodoq,Ian Dawkins
Feb 19,home,Sierra,L,5-3,5,3,2,win,20150219_ywgg,0,0,0,0,0.0,,,,0.0,,,2015,2014-15,Chabot,chabot,iandawkinsodoq,Ian Dawkins
Feb 21,home,Sierra,L,9-4,9,4,5,win,20150221_fte9,0,0,0,0,0.0,,,,0.0,,,2015,2014-15,Chabot,chabot,iandawkinsodoq,Ian Dawkins
Feb 24,home,West Valley,W,12-11,12,11,1,win,20150224_cqtk,0,0,0,0,0.0,,,,0.0,,,2015,2014-15,Chabot,chabot,iandawkinsodoq,Ian Dawkins
Feb 26,home,Mission,L,3-1,3,1,2,win,20150226_6yk8,0,0,0,0,0.0,,,,0.0,,,2015,2014-15,Chabot,chabot,iandawkinsodoq,Ian Dawkins
Feb 27,home,San Joaquin  Delta,L,5-3,5,3,2,win,20150227_26ak,0,0,0,0,0.0,,,,0.0,,,2015,2014-15,Chabot,chabot,iandawkinsodoq,Ian Dawkins
Mar 3,home,San Mateo,L,7-0,7,0,7,win,20150303_hno2,0,0,0,0,0.0,,,,0.0,,,2015,2014-15,Chabot,chabot,iandawkinsodoq,Ian Dawkins
Mar 5,home,Cabrillo,L,3-0,3,0,3,win,20150305_j3bm,0,0,0,0,0.0,,,,0.0,,,2015,2014-15,Chabot,chabot,iandawkinsodoq,Ian Dawkins
Mar 6,home,Mission,W,12-6,12,6,6,win,20150306_t3wo,0,0,0,0,0.0,,,,0.0,,,2015,2014-15,Chabot,chabot,iandawkinsodoq,Ian Dawkins
Mar 10,home,Skyline,L,9-5,9,5,4,win,20150310_4zhc,0,0,0,0,0.0,,,,0.0,,,2015,2014-15,Chabot,chabot,iandawkinsodoq,Ian Dawkins
Mar 12,home,San Francisco,L,3-2,3,2,1,win,20150312_6817,0,0,0,0,0.0,,,,0.0,,,2015,2014-15,Chabot,chabot,iandawkinsodoq,Ian Dawkins
Mar 14,home,De Anza,L,17-4,17,4,13,win,20150314_zg9i,0,0,0,0,0.0,,,,0.0,,,2015,2014-15,Chabot,chabot,iandawkinsodoq,Ian Dawkins
Mar 17,home,Ohlone,W,8-0,8,0,8,win,20150316_l393,0,0,0,0,0.0,,,,0.0,,,2015,2014-15,Chabot,chabot,iandawkinsodoq,Ian Dawkins
Mar 19,home,San Francisco,W,7-1,7,1,6,win,20150319_9i8v,0,0,0,0,0.0,,,,0.0,,,2015,2014-15,Chabot,chabot,iandawkinsodoq,Ian Dawkins
Mar 21,home,San Mateo,L,9-3,9,3,6,win,20150321_gcby,0,0,0,0,0.0,,,,0.0,,,2015,2014-15,Chabot,chabot,iandawkinsodoq,Ian Dawkins
Mar 24,home,Mission,L,6-4,6,4,2,win,20150324_lfj6,0,0,0,0,0.0,,,,0.0,,,2015,2014-15,Chabot,chabot,iandawkinsodoq,Ian Dawkins
Mar 26,home,West Valley,L,12-10,12,10,2,win,20150326_e4jh,0,0,0,0,0.0,,,,0.0,,,2015,2014-15,Chabot,chabot,iandawkinsodoq,Ian Dawkins
Mar 28,home,Canada,W,10-3,10,3,7,win,20150328_n3us,0,0,0,0,0.0,,,,0.0,,,2015,2014-15,Chabot,chabot,iandawkinsodoq,Ian Dawkins
Mar 31,home,Gavilan,W,17-11,17,11,6,win,20150330_cog5,0,0,0,0,0.0,,,,0.0,,,2015,2014-15,Chabot,chabot,iandawkinsodoq,Ian Dawkins
Apr 2,home,De Anza,W,6-5,6,5,1,win,20150401_cgjl,0,0,0,0,0.0,,,,0.0,,,2015,2014-15,Chabot,chabot,iandawkinsodoq,Ian Dawkins
Apr 7,home,Hartnell,W,5-4,5,4,1,win,20150407_r1qt,0,0,0,0,0.0,,,,0.0,,,2015,2014-15,Chabot,chabot,iandawkinsodoq,Ian Dawkins
Apr 9,home,De Anza,W,15-4,15,4,11,win,20150408_m9ov,0,0,0,0,0.0,,,,0.0,,,2015,2014-15,Chabot,chabot,iandawkinsodoq,Ian Dawkins
Apr 11,home,West Valley,W,21-9,21,9,12,win,20150411_9xwn,0,0,0,0,0.0,,,,0.0,,,2015,2014-15,Chabot,chabot,iandawkinsodoq,Ian Dawkins
Apr 14,home,Monterey,L,8-4,8,4,4,win,20150414_r7ws,0,0,0,0,0.0,,,,0.0,,,2015,2014-15,Chabot,chabot,iandawkinsodoq,Ian Dawkins
Apr 16,home,San Mateo,L,6-3,6,3,3,win,20150416_5tnc,0,0,0,0,0.0,,,,0.0,,,2015,2014-15,Chabot,chabot,iandawkinsodoq,Ian Dawkins
Apr 18,home,Mission,W,6-4,6,4,2,win,20150418_y3rg,0,0,0,0,0.0,,,,0.0,,,2015,2014-15,Chabot,chabot,iandawkinsodoq,Ian Dawkins
Apr 21,home,San Francisco,W,9-3,9,3,6,win,20150421_5s6h,0,0,0,0,0.0,,,,0.0,,,2015,2014-15,Chabot,chabot,iandawkinsodoq,Ian Dawkins
Apr 22,home,San Mateo,W,15-13,15,13,2,win,20150422_8bl5,0,0,0,0,0.0,,,,0.0,,,2015,2014-15,Chabot,chabot,iandawkinsodoq,Ian Dawkins
Feb 5,home,Desert,W,19-0,19,0,19,win,20150205_kjd3,0,0,0,0,0.0,,,,0.0,,,2015,2014-15,Palomar,palomar,braydenmccoy5whn,Brayden McCoy
Feb 6,home,San Bernardino,W,12-3,12,3,9,win,20150206_nlco,0,0,0,0,0.0,,,,0.0,,,2015,2014-15,Palomar,palomar,braydenmccoy5whn,Brayden McCoy
Feb 17,home,Glendale,W,9-2,9,2,7,win,20150217_enza,0,0,0,0,0.0,,,,0.0,,,2015,2014-15,Palomar,palomar,braydenmccoy5whn,Brayden McCoy
Feb 26,home,Imperial Valley,W,12-1,12,1,11,win,20150226_h4fy,0,0,0,0,0.0,,,,0.0,,,2015,2014-15,Palomar,palomar,braydenmccoy5whn,Brayden McCoy
Mar 26,home,Imperial Valley,W,15-3,15,3,12,win,20150326_nq6i,0,0,0,0,0.0,,,,0.0,,,2015,2014-15,Palomar,palomar,braydenmccoy5whn,Brayden McCoy
Jan 27,home,Saddleback,L,6-4,6,4,2,win,20150127_xzlf,0,0,0,0,0.0,,,,0.0,,,2015,2014-15,Mt. San Jacinto,mtsanjacinto,glennnicholsi28a,Glenn Nichols
Jan 29,home,Rio Hondo,L,9-4,9,4,5,win,20150129_icbk,0,0,0,0,0.0,,,,0.0,,,2015,2014-15,Mt. San Jacinto,mtsanjacinto,glennnicholsi28a,Glenn Nichols
Jan 30,home,Mt. San Antonio,L,6-4,6,4,2,win,20150130_3x10,0,0,0,0,0.0,,,,0.0,,,2015,2014-15,Mt. San Jacinto,mtsanjacinto,glennnicholsi28a,Glenn Nichols
Jan 31,home,East Los Angeles,L,5-2,5,2,3,win,20150131_gwb5,0,0,0,0,0.0,,,,0.0,,,2015,2014-15,Mt. San Jacinto,mtsanjacinto,glennnicholsi28a,Glenn Nichols
Feb 3,home,Riverside,L,9-6,9,6,3,win,20150203_1dd1,0,0,0,0,0.0,,,,0.0,,,2015,2014-15,Mt. San Jacinto,mtsanjacinto,glennnicholsi28a,Glenn Nichols
Feb 5,home,Citrus,W,7-4,7,4,3,win,20150205_jhca,0,0,0,0,0.0,,,,0.0,,,2015,2014-15,Mt. San Jacinto,mtsanjacinto,glennnicholsi28a,Glenn Nichols
Jan 27,home,Irvine Valley,L,12-0,12,0,12,win,20150127_jb0o,0,0,0,0,0.0,,,,0.0,,,2015,2014-15,Imperial Valley,imperialvalley,aaronmamergx3t,Aaron Mamer
Jan 29,home,LA Harbor,L,8-2,8,2,6,win,20150129_qcjf,0,0,0,0,0.0,,,,0.0,,,2015,2014-15,Imperial Valley,imperialvalley,aaronmamergx3t,Aaron Mamer
Feb 5,home,Santa Ana,L,18-7,18,7,11,win,20150205_gn8z,0,0,0,0,0.0,,,,0.0,,,2015,2014-15,Imperial Valley,imperialvalley,aaronmamergx3t,Aaron Mamer
Feb 6,home,Irvine Valley,W,7-3,7,3,4,win,20150206_ez3z,0,0,0,0,0.0,,,,0.0,,,2015,2014-15,Imperial Valley,imperialvalley,aaronmamergx3t,Aaron Mamer
Feb 7,home,Cerro Coso,L,15-9,15,9,6,win,20150207_a6bk,0,0,0,0,0.0,,,,0.0,,,2015,2014-15,Imperial Valley,imperialvalley,aaronmamergx3t,Aaron Mamer
Feb 7,home,Cerro Coso,W,2-0,2,0,2,win,20150207_7yy8,0,0,0,0,0.0,,,,0.0,,,2015,2014-15,Imperial Valley,imperialvalley,aaronmamergx3t,Aaron Mamer
Feb 10,home,Cerro Coso,L,14-12,14,12,2,win,20150210_q3mw,0,0,0,0,0.0,,,,0.0,,,2015,2014-15,Imperial Valley,imperialvalley,aaronmamergx3t,Aaron Mamer
Feb 12,home,Barstow,L,2-0,2,0,2,win,20150212_q87k,0,0,0,0,0.0,,,,0.0,,,2015,2014-15,Imperial Valley,imperialvalley,aaronmamergx3t,Aaron Mamer
Feb 14,home,Barstow,W,4-2,4,2,2,win,20150214_trua,0,0,0,0,0.0,,,,0.0,,,2015,2014-15,Imperial Valley,imperialvalley,aaronmamergx3t,Aaron Mamer
Feb 21,home,Mt. San Jacinto,L,8-5,8,5,3,win,20150221_if58,0,0,0,0,0.0,,,,0.0,,,2015,2014-15,Imperial Valley,imperialvalley,aaronmamergx3t,Aaron Mamer
Feb 24,home,Grossmont,L,8-4,8,4,4,win,20150224_8vh8,0,0,0,0,0.0,,,,0.0,,,2015,2014-15,Imperial Valley,imperialvalley,aaronmamergx3t,Aaron Mamer
Feb 28,home,Southwestern,W,5-4,5,4,1,win,20150228_tzh6,0,0,0,0,0.0,,,,0.0,,,2015,2014-15,Imperial Valley,imperialvalley,aaronmamergx3t,Aaron Mamer
Mar 3,home,San Diego Mesa,L,4-3,4,3,1,win,20150303_izuy,0,0,0,0,0.0,,,,0.0,,,2015,2014-15,Imperial Valley,imperialvalley,aaronmamergx3t,Aaron Mamer
Mar 5,home,San Diego City,W,5-3,5,3,2,win,20150305_jl50,0,0,0,0,0.0,,,,0.0,,,2015,2014-15,Imperial Valley,imperialvalley,aaronmamergx3t,Aaron Mamer
Mar 10,home,Mt. San Jacinto,L,13-4,13,4,9,win,20150310_grq5,0,0,0,0,0.0,,,,0.0,,,2015,2014-15,Imperial Valley,imperialvalley,aaronmamergx3t,Aaron Mamer
Mar 24,home,Palomar,L,7-1,7,1,6,win,20150324_kvgr,0,0,0,0,0.0,,,,0.0,,,2015,2014-15,Imperial Valley,imperialvalley,aaronmamergx3t,Aaron Mamer
Mar 31,home,Southwestern,L,11-0,11,0,11,win,20150331_6xy3,0,0,0,0,0.0,,,,0.0,,,2015,2014-15,Imperial Valley,imperialvalley,aaronmamergx3t,Aaron Mamer
Apr 2,home,Southwestern,L,3-1,3,1,2,win,20150402_y38j,0,0,0,0,0.0,,,,0.0,,,2015,2014-15,Imperial Valley,imperialvalley,aaronmamergx3t,Aaron Mamer
Apr 3,home,Southwestern,L,14-2,14,2,12,win,20150403_x0od,0,0,0,0,0.0,,,,0.0,,,2015,2014-15,Imperial Valley,imperialvalley,aaronmamergx3t,Aaron Mamer
Apr 7,home,San Diego Mesa,W,8-6,8,6,2,win,20150407_j4ha,0,0,0,0,0.0,,,,0.0,,,2015,2014-15,Imperial Valley,imperialvalley,aaronmamergx3t,Aaron Mamer
Apr 9,home,San Diego Mesa,L,20-4,20,4,16,win,20150409_69u6,0,0,0,0,0.0,,,,0.0,,,2015,2014-15,Imperial Valley,imperialvalley,aaronmamergx3t,Aaron Mamer
Apr 10,home,San Diego Mesa,L,8-4,8,4,4,win,20150410_wb4a,0,0,0,0,0.0,,,,0.0,,,2015,2014-15,Imperial Valley,imperialvalley,aaronmamergx3t,Aaron Mamer
Apr 14,home,San Diego City,L,12-7,12,7,5,win,20150414_s13b,0,0,0,0,0.0,,,,0.0,,,2015,2014-15,Imperial Valley,imperialvalley,aaronmamergx3t,Aaron Mamer
Apr 16,home,San Diego City,L,7-6,7,6,1,win,20150416_34ea,0,0,0,0,0.0,,,,0.0,,,2015,2014-15,Imperial Valley,imperialvalley,aaronmamergx3t,Aaron Mamer
Jan 27,home,Reedley,L,4-1,4,1,3,win,20150127_9f2m,0,0,0,0,0.0,,,,0.0,,,2015,2014-15,Monterey,monterey,masonvergezvxu,Mason Verge
Jan 30,home,San Joaquin  Delta,L,13-1,13,1,12,win,20150130_t8xt,0,0,0,0,0.0,,,,0.0,,,2015,2014-15,Monterey,monterey,masonvergezvxu,Mason Verge
Jan 31,home,Mission,L,13-1,13,1,12,win,20150131_fbwi,0,0,0,0,0.0,,,,0.0,,,2015,2014-15,Monterey,monterey,masonvergezvxu,Mason Verge
Feb 3,home,Modesto,W,10-8,10,8,2,win,20150203_m45h,0,0,0,0,0.0,,,,0.0,,,2015,2014-15,Monterey,monterey,masonvergezvxu,Mason Verge
Feb 5,home,Modesto,L,1-0,1,0,1,win,20150205_85pr,0,0,0,0,0.0,,,,0.0,,,2015,2014-15,Monterey,monterey,masonvergezvxu,Mason Verge
Feb 7,home,Laney,L,1-0,1,0,1,win,20150207_c1wn,0,0,0,0,0.0,,,,0.0,,,2015,2014-15,Monterey,monterey,masonvergezvxu,Mason Verge
Feb 13,home,Taft,L,10-3,10,3,7,win,20150213_hmzu,0,0,0,0,0.0,,,,0.0,,,2015,2014-15,Monterey,monterey,masonvergezvxu,Mason Verge
Feb 13,home,Taft,L,8-7,8,7,1,win,20150213_r0g9,0,0,0,0,0.0,,,,0.0,,,2015,2014-15,Monterey,monterey,masonvergezvxu,Mason Verge
Feb 17,home,De Anza,W,5-4,5,4,1,win,20150217_076v,0,0,0,0,0.0,,,,0.0,,,2015,2014-15,Monterey,monterey,masonvergezvxu,Mason Verge
Feb 20,home,Folsom Lake,W,9-3,9,3,6,win,20150220_74t6,0,0,0,0,0.0,,,,0.0,,,2015,2014-15,Monterey,monterey,masonvergezvxu,Mason Verge
Feb 21,home,Folsom Lake,L,2-0,2,0,2,win,20150221_emko,0,0,0,0,0.0,,,,0.0,,,2015,2014-15,Monterey,monterey,masonvergezvxu,Mason Verge
Feb 24,home,Hartnell,W,9-4,9,4,5,win,20150224_sgrm,0,0,0,0,0.0,,,,0.0,,,2015,2014-15,Monterey,monterey,masonvergezvxu,Mason Verge
Feb 26,home,Gavilan,L,2-0,2,0,2,win,20150226_lxo2,0,0,0,0,0.0,,,,0.0,,,2015,2014-15,Monterey,monterey,masonvergezvxu,Mason Verge
Mar 3,home,Skyline,L,2-1,2,1,1,win,20150303_brup,0,0,0,0,0.0,,,,0.0,,,2015,2014-15,Monterey,monterey,masonvergezvxu,Mason Verge
Mar 5,home,Canada,L,7-1,7,1,6,win,20150305_vcue,0,0,0,0,0.0,,,,0.0,,,2015,2014-15,Monterey,monterey,masonvergezvxu,Mason Verge
Mar 7,home,Cabrillo,W,2-1,2,1,1,win,20150307_utfl,0,0,0,0,0.0,,,,0.0,,,2015,2014-15,Monterey,monterey,masonvergezvxu,Mason Verge
Mar 10,home,Mission,W,13-12,13,12,1,win,20150310_1mh3,0,0,0,0,0.0,,,,0.0,,,2015,2014-15,Monterey,monterey,masonvergezvxu,Mason Verge
Mar 14,home,Ohlone,L,6-4,6,4,2,win,20150314_xlmc,0,0,0,0,0.0,,,,0.0,,,2015,2014-15,Monterey,monterey,masonvergezvxu,Mason Verge
Mar 19,home,Cabrillo,W,4-2,4,2,2,win,20150319_tv22,0,0,0,0,0.0,,,,0.0,,,2015,2014-15,Monterey,monterey,masonvergezvxu,Mason Verge
Mar 21,home,Ohlone,L,5-3,5,3,2,win,20150321_ugax,0,0,0,0,0.0,,,,0.0,,,2015,2014-15,Monterey,monterey,masonvergezvxu,Mason Verge
Mar 24,home,San Francisco,W,13-3,13,3,10,win,20150324_56qn,0,0,0,0,0.0,,,,0.0,,,2015,2014-15,Monterey,monterey,masonvergezvxu,Mason Verge
Mar 26,home,Skyline,L,4-3,4,3,1,win,20150326_buvo,0,0,0,0,0.0,,,,0.0,,,2015,2014-15,Monterey,monterey,masonvergezvxu,Mason Verge
Mar 28,home,Gavilan,L,3-2,3,2,1,win,20150328_rlr0,0,0,0,0,0.0,,,,0.0,,,2015,2014-15,Monterey,monterey,masonvergezvxu,Mason Verge
Mar 31,home,West Valley,W,2-1,2,1,1,win,20150331_xx5c,0,0,0,0,0.0,,,,0.0,,,2015,2014-15,Monterey,monterey,masonvergezvxu,Mason Verge
Apr 2,home,Hartnell,L,6-4,6,4,2,win,20150402_bloy,0,0,0,0,0.0,,,,0.0,,,2015,2014-15,Monterey,monterey,masonvergezvxu,Mason Verge
Apr 4,home,Canada,W,8-4,8,4,4,win,20150404_edkv,0,0,0,0,0.0,,,,0.0,,,2015,2014-15,Monterey,monterey,masonvergezvxu,Mason Verge
Apr 7,home,San Mateo,L,7-3,7,3,4,win,20150407_xi7c,0,0,0,0,0.0,,,,0.0,,,2015,2014-15,Monterey,monterey,masonvergezvxu,Mason Verge
Apr 11,home,Gavilan,L,3-1,3,1,2,win,20150411_vmrr,0,0,0,0,0.0,,,,0.0,,,2015,2014-15,Monterey,monterey,masonvergezvxu,Mason Verge
Apr 14,home,Chabot,W,8-4,8,4,4,win,20150414_r7ws,0,0,0,0,0.0,,,,0.0,,,2015,2014-15,Monterey,monterey,masonvergezvxu,Mason Verge
Apr 16,home,Ohlone,W,3-1,3,1,2,win,20150416_aqli,0,0,0,0,0.0,,,,0.0,,,2015,2014-15,Monterey,monterey,masonvergezvxu,Mason Verge
Apr 18,home,Hartnell,L,12-5,12,5,7,win,20150418_dl5k,0,0,0,0,0.0,,,,0.0,,,2015,2014-15,Monterey,monterey,masonvergezvxu,Mason Verge
Apr 21,home,Canada,W,5-2,5,2,3,win,20150421_a2v7,0,0,0,0,0.0,,,,0.0,,,2015,2014-15,Monterey,monterey,masonvergezvxu,Mason Verge
Jan 27,home,Fullerton,L,14-8,14,8,6,win,20150127_yt6x,0,0,0,0,0.0,,,,0.0,,,2015,2014-15,Victor Valley,victorvalley,adamschoechjbep,Adam Schoech
Jan 31,home,Southwestern,L,8-1,8,1,7,win,20150131_0wkx,0,0,0,0,0.0,,,,0.0,,,2015,2014-15,Victor Valley,victorvalley,adamschoechjbep,Adam Schoech
Feb 3,home,Antelope Valley,W,6-1,6,1,5,win,20150203_9cm9,0,0,0,0,0.0,,,,0.0,,,2015,2014-15,Victor Valley,victorvalley,adamschoechjbep,Adam Schoech
Feb 7,home,Antelope Valley,W,15-3,15,3,12,win,20150207_mtxs,0,0,0,0,0.0,,,,0.0,,,2015,2014-15,Victor Valley,victorvalley,adamschoechjbep,Adam Schoech
Feb 13,home,Southwestern,L,8-3,8,3,5,win,20150213_ar1x,0,0,0,0,0.0,,,,0.0,,,2015,2014-15,Victor Valley,victorvalley,adamschoechjbep,Adam Schoech
Feb 17,home,Long Beach,L,6-3,6,3,3,win,20150217_tuvt,0,0,0,0,0.0,,,,0.0,,,2015,2014-15,Victor Valley,victorvalley,adamschoechjbep,Adam Schoech
Feb 18,home,East Los Angeles,L,11-5,11,5,6,win,20150218_jp05,0,0,0,0,0.0,,,,0.0,,,2015,2014-15,Victor Valley,victorvalley,adamschoechjbep,Adam Schoech
Feb 28,home,San Bernardino,W,7-6,7,6,1,win,20150228_xaq9,0,0,0,0,0.0,,,,0.0,,,2015,2014-15,Victor Valley,victorvalley,adamschoechjbep,Adam Schoech
Mar 5,home,Desert,W,4-0,4,0,4,win,20150305_n92p,0,0,0,0,0.0,,,,0.0,,,2015,2014-15,Victor Valley,victorvalley,adamschoechjbep,Adam Schoech
Mar 7,home,Cerro Coso,W,20-0,20,0,20,win,20150307_q501,0,0,0,0,0.0,,,,0.0,,,2015,2014-15,Victor Valley,victorvalley,adamschoechjbep,Adam Schoech
Mar 19,home,Chaffey,L,5-0,5,0,5,win,20150319_d5tm,0,0,0,0,0.0,,,,0.0,,,2015,2014-15,Victor Valley,victorvalley,adamschoechjbep,Adam Schoech
Mar 26,home,Rio Hondo,L,12-6,12,6,6,win,20150326_75es,0,0,0,0,0.0,,,,0.0,,,2015,2014-15,Victor Valley,victorvalley,adamschoechjbep,Adam Schoech
Mar 31,home,San Bernardino,L,13-5,13,5,8,win,20150331_qgq8,0,0,0,0,0.0,,,,0.0,,,2015,2014-15,Victor Valley,victorvalley,adamschoechjbep,Adam Schoech
Apr 4,home,San Bernardino,L,15-6,15,6,9,win,20150404_30w6,0,0,0,0,0.0,,,,0.0,,,2015,2014-15,Victor Valley,victorvalley,adamschoechjbep,Adam Schoech
Apr 9,home,Barstow,W,8-7,8,7,1,win,20150409_xpuk,0,0,0,0,0.0,,,,0.0,,,2015,2014-15,Victor Valley,victorvalley,adamschoechjbep,Adam Schoech
Apr 11,home,Barstow,W,4-2,4,2,2,win,20150411_hutf,0,0,0,0,0.0,,,,0.0,,,2015,2014-15,Victor Valley,victorvalley,adamschoechjbep,Adam Schoech
Apr 14,home,Desert,L,15-9,15,9,6,win,20150414_kn1w,0,0,0,0,0.0,,,,0.0,,,2015,2014-15,Victor Valley,victorvalley,adamschoechjbep,Adam Schoech
Apr 16,home,Desert,W,11-7,11,7,4,win,20150416_qc9t,0,0,0,0,0.0,,,,0.0,,,2015,2014-15,Victor Valley,victorvalley,adamschoechjbep,Adam Schoech
Apr 18,home,Desert,L,4-0,4,0,4,win,20150418_75hd,0,0,0,0,0.0,,,,0.0,,,2015,2014-15,Victor Valley,victorvalley,adamschoechjbep,Adam Schoech
Apr 21,home,Cerro Coso,W,31-7,31,7,24,win,20150421_dyis,0,0,0,0,0.0,,,,0.0,,,2015,2014-15,Victor Valley,victorvalley,adamschoechjbep,Adam Schoech
Apr 23,home,Cerro Coso,W,9-5,9,5,4,win,20150423_qjsm,0,0,0,0,0.0,,,,0.0,,,2015,2014-15,Victor Valley,victorvalley,adamschoechjbep,Adam Schoech
Jan 31,home,Yuba,W,6-5,6,5,1,win,20150131_5p0n,0,0,0,0,0.0,,,,0.0,,,2015,2014-15,Ohlone,ohlone,aleciniguez5wym,Alec Iniguez
Feb 3,home,West Hills Coalinga,W,4-3,4,3,1,win,20150203_kikc,0,0,0,0,0.0,,,,0.0,,,2015,2014-15,Ohlone,ohlone,aleciniguez5wym,Alec Iniguez
Feb 6,home,Porterville,W,8-3,8,3,5,win,20150206_zso5,0,0,0,0,0.0,,,,0.0,,,2015,2014-15,Ohlone,ohlone,aleciniguez5wym,Alec Iniguez
Feb 6,home,Porterville,W,11-4,11,4,7,win,20150206_nbhv,0,0,0,0,0.0,,,,0.0,,,2015,2014-15,Ohlone,ohlone,aleciniguez5wym,Alec Iniguez
Feb 7,home,Porterville,W,4-0,4,0,4,win,20150207_snaq,0,0,0,0,0.0,,,,0.0,,,2015,2014-15,Ohlone,ohlone,aleciniguez5wym,Alec Iniguez
Feb 10,home,West Hills Coalinga,W,6-3,6,3,3,win,20150210_xudq,0,0,0,0,0.0,,,,0.0,,,2015,2014-15,Ohlone,ohlone,aleciniguez5wym,Alec Iniguez
Feb 11,home,West Hills Coalinga,W,14-3,14,3,11,win,20150211_w4ws,0,0,0,0,0.0,,,,0.0,,,2015,2014-15,Ohlone,ohlone,aleciniguez5wym,Alec Iniguez
Feb 14,home,Siskiyous,W,3-1,3,1,2,win,20150214_fzu3,0,0,0,0,0.0,,,,0.0,,,2015,2014-15,Ohlone,ohlone,aleciniguez5wym,Alec Iniguez
Feb 18,home,Los Medanos,W,11-3,11,3,8,win,20150218_898a,0,0,0,0,0.0,,,,0.0,,,2015,2014-15,Ohlone,ohlone,aleciniguez5wym,Alec Iniguez
Feb 21,home,Los Medanos,L,6-4,6,4,2,win,20150221_ubgt,0,0,0,0,0.0,,,,0.0,,,2015,2014-15,Ohlone,ohlone,aleciniguez5wym,Alec Iniguez
Feb 26,home,Cabrillo,L,9-0,9,0,9,win,20150226_f8v1,0,0,0,0,0.0,,,,0.0,,,2015,2014-15,Ohlone,ohlone,aleciniguez5wym,Alec Iniguez
Mar 3,home,Mission,L,6-4,6,4,2,win,20150303_22s2,0,0,0,0,0.0,,,,0.0,,,2015,2014-15,Ohlone,ohlone,aleciniguez5wym,Alec Iniguez
Mar 5,home,Hartnell,W,17-4,17,4,13,win,20150305_9m5o,0,0,0,0,0.0,,,,0.0,,,2015,2014-15,Ohlone,ohlone,aleciniguez5wym,Alec Iniguez
Mar 7,home,Skyline,W,3-2,3,2,1,win,20150307_it7z,0,0,0,0,0.0,,,,0.0,,,2015,2014-15,Ohlone,ohlone,aleciniguez5wym,Alec Iniguez
Mar 10,home,San Francisco,W,7-1,7,1,6,win,20150310_d7yo,0,0,0,0,0.0,,,,0.0,,,2015,2014-15,Ohlone,ohlone,aleciniguez5wym,Alec Iniguez
Mar 14,home,Monterey,W,6-4,6,4,2,win,20150314_xlmc,0,0,0,0,0.0,,,,0.0,,,2015,2014-15,Ohlone,ohlone,aleciniguez5wym,Alec Iniguez
Mar 17,home,Chabot,L,8-0,8,0,8,win,20150316_l393,0,0,0,0,0.0,,,,0.0,,,2015,2014-15,Ohlone,ohlone,aleciniguez5wym,Alec Iniguez
Mar 24,home,Cabrillo,W,3-1,3,1,2,win,20150324_g52y,0,0,0,0,0.0,,,,0.0,,,2015,2014-15,Ohlone,ohlone,aleciniguez5wym,Alec Iniguez
Mar 28,home,Hartnell,W,14-2,14,2,12,win,20150328_0dfj,0,0,0,0,0.0,,,,0.0,,,2015,2014-15,Ohlone,ohlone,aleciniguez5wym,Alec Iniguez
Mar 31,home,San Mateo,L,2-1,2,1,1,win,20150331_bubz,0,0,0,0,0.0,,,,0.0,,,2015,2014-15,Ohlone,ohlone,aleciniguez5wym,Alec Iniguez
Apr 4,home,Gavilan,L,2-1,2,1,1,win,20150404_tmdj,0,0,0,0,0.0,,,,0.0,,,2015,2014-15,Ohlone,ohlone,aleciniguez5wym,Alec Iniguez
Apr 14,home,Skyline,W,13-4,13,4,9,win,20150414_6lrp,0,0,0,0,0.0,,,,0.0,,,2015,2014-15,Ohlone,ohlone,aleciniguez5wym,Alec Iniguez
Apr 16,home,Monterey,L,3-1,3,1,2,win,20150416_aqli,0,0,0,0,0.0,,,,0.0,,,2015,2014-15,Ohlone,ohlone,aleciniguez5wym,Alec Iniguez
Apr 21,home,De Anza,W,6-2,6,2,4,win,20150421_fmzd,0,0,0,0,0.0,,,,0.0,,,2015,2014-15,Ohlone,ohlone,aleciniguez5wym,Alec Iniguez
Apr 23,home,Canada,W,12-2,12,2,10,win,20150423_erb7,0,0,0,0,0.0,,,,0.0,,,2015,2014-15,Ohlone,ohlone,aleciniguez5wym,Alec Iniguez
May 2,home,Solano,W,3-2,3,2,1,win,20150502_9m0n,0,0,0,0,0.0,,,,0.0,,,2015,2014-15,Ohlone,ohlone,aleciniguez5wym,Alec Iniguez
May 9,home,Fresno City,W,4-3,4,3,1,win,20150509_r2bd,0,0,0,0,0.0,,,,0.0,,,2015,2014-15,Ohlone,ohlone,aleciniguez5wym,Alec Iniguez
Jan 27,home,Grossmont,W,7-3,7,3,4,win,20150127_n9zn,0,0,0,0,0.0,,,,0.0,,,2015,2014-15,Cypress,cypress,tylergnesdayxto,Tyler Gnesda
Jan 30,home,Ventura,W,4-3,4,3,1,win,20150130_gopd,0,0,0,0,0.0,,,,0.0,,,2015,2014-15,Cypress,cypress,tylergnesdayxto,Tyler Gnesda
Jan 31,home,Ventura,W,11-4,11,4,7,win,20150131_q00k,0,0,0,0,0.0,,,,0.0,,,2015,2014-15,Cypress,cypress,tylergnesdayxto,Tyler Gnesda
Feb 5,home,San Bernardino,W,2-0,2,0,2,win,20150205_ml2m,0,0,0,0,0.0,,,,0.0,,,2015,2014-15,Cypress,cypress,tylergnesdayxto,Tyler Gnesda
Feb 6,home,Desert,W,8-7,8,7,1,win,20150206_qytm,0,0,0,0,0.0,,,,0.0,,,2015,2014-15,Cypress,cypress,tylergnesdayxto,Tyler Gnesda
Feb 7,home,Palomar,W,8-7,8,7,1,win,20150207_jyfv,0,0,0,0,0.0,,,,0.0,,,2015,2014-15,Cypress,cypress,tylergnesdayxto,Tyler Gnesda
Feb 10,home,Moorpark,L,10-4,10,4,6,win,20150210_bcqb,0,0,0,0,0.0,,,,0.0,,,2015,2014-15,Cypress,cypress,tylergnesdayxto,Tyler Gnesda
Feb 13,home,Merced,W,21-1,21,1,20,win,20150213_41z9,0,0,0,0,0.0,,,,0.0,,,2015,2014-15,Cypress,cypress,tylergnesdayxto,Tyler Gnesda
Feb 14,home,Merced,L,13-12,13,12,1,win,20150214_7zuj,0,0,0,0,0.0,,,,0.0,,,2015,2014-15,Cypress,cypress,tylergnesdayxto,Tyler Gnesda
Feb 17,home,Desert,W,22-1,22,1,21,win,20150217_f0sh,0,0,0,0,0.0,,,,0.0,,,2015,2014-15,Cypress,cypress,tylergnesdayxto,Tyler Gnesda
Feb 20,home,Glendale,W,11-3,11,3,8,win,20150220_74fi,0,0,0,0,0.0,,,,0.0,,,2015,2014-15,Cypress,cypress,tylergnesdayxto,Tyler Gnesda
Feb 21,home,El Camino,W,6-5,6,5,1,win,20150221_geuz,0,0,0,0,0.0,,,,0.0,,,2015,2014-15,Cypress,cypress,tylergnesdayxto,Tyler Gnesda
Feb 26,home,Golden West,L,7-6,7,6,1,win,20150226_pu3e,0,0,0,0,0.0,,,,0.0,,,2015,2014-15,Cypress,cypress,tylergnesdayxto,Tyler Gnesda
Feb 28,home,Saddleback,W,10-3,10,3,7,win,20150228_z393,0,0,0,0,0.0,,,,0.0,,,2015,2014-15,Cypress,cypress,tylergnesdayxto,Tyler Gnesda
Mar 3,home,Irvine Valley,W,5-0,5,0,5,win,20150303_xvpi,0,0,0,0,0.0,,,,0.0,,,2015,2014-15,Cypress,cypress,tylergnesdayxto,Tyler Gnesda
Mar 5,home,Orange Coast,L,3-2,3,2,1,win,20150305_cryy,0,0,0,0,0.0,,,,0.0,,,2015,2014-15,Cypress,cypress,tylergnesdayxto,Tyler Gnesda
Mar 7,home,Riverside,W,8-3,8,3,5,win,20150307_nyul,0,0,0,0,0.0,,,,0.0,,,2015,2014-15,Cypress,cypress,tylergnesdayxto,Tyler Gnesda
Mar 10,home,Santa Ana,W,5-2,5,2,3,win,20150310_fxsq,0,0,0,0,0.0,,,,0.0,,,2015,2014-15,Cypress,cypress,tylergnesdayxto,Tyler Gnesda
Mar 12,home,Fullerton,L,6-5,6,5,1,win,20150312_y0g2,0,0,0,0,0.0,,,,0.0,,,2015,2014-15,Cypress,cypress,tylergnesdayxto,Tyler Gnesda
Mar 19,home,Golden West,W,5-1,5,1,4,win,20150319_wg7p,0,0,0,0,0.0,,,,0.0,,,2015,2014-15,Cypress,cypress,tylergnesdayxto,Tyler Gnesda
Mar 21,home,Saddleback,W,4-1,4,1,3,win,20150321_swz9,0,0,0,0,0.0,,,,0.0,,,2015,2014-15,Cypress,cypress,tylergnesdayxto,Tyler Gnesda
Mar 24,home,Saddleback,W,3-1,3,1,2,win,20150324_3dej,0,0,0,0,0.0,,,,0.0,,,2015,2014-15,Cypress,cypress,tylergnesdayxto,Tyler Gnesda
Mar 26,home,Irvine Valley,W,3-2,3,2,1,win,20150326_cp7i,0,0,0,0,0.0,,,,0.0,,,2015,2014-15,Cypress,cypress,tylergnesdayxto,Tyler Gnesda
Mar 27,home,Irvine Valley,W,4-3,4,3,1,win,20150327_5809,0,0,0,0,0.0,,,,0.0,,,2015,2014-15,Cypress,cypress,tylergnesdayxto,Tyler Gnesda
Apr 1,home,Fresno City,L,14-6,14,6,8,win,20150401_lmv2,0,0,0,0,0.0,,,,0.0,,,2015,2014-15,Cypress,cypress,tylergnesdayxto,Tyler Gnesda
Apr 2,home,Allan Hancock,W,7-4,7,4,3,win,20150402_fkxa,0,0,0,0,0.0,,,,0.0,,,2015,2014-15,Cypress,cypress,tylergnesdayxto,Tyler Gnesda
Apr 7,home,Orange Coast,W,15-9,15,9,6,win,20150407_2385,0,0,0,0,0.0,,,,0.0,,,2015,2014-15,Cypress,cypress,tylergnesdayxto,Tyler Gnesda
Apr 9,home,Orange Coast,W,11-10,11,10,1,win,20150409_7qne,0,0,0,0,0.0,,,,0.0,,,2015,2014-15,Cypress,cypress,tylergnesdayxto,Tyler Gnesda
Apr 11,home,Riverside,L,9-2,9,2,7,win,20150411_36ur,0,0,0,0,0.0,,,,0.0,,,2015,2014-15,Cypress,cypress,tylergnesdayxto,Tyler Gnesda
Apr 14,home,Riverside,W,8-7,8,7,1,win,20150414_x9aj,0,0,0,0,0.0,,,,0.0,,,2015,2014-15,Cypress,cypress,tylergnesdayxto,Tyler Gnesda
Apr 16,home,Santa Ana,W,12-1,12,1,11,win,20150416_j99p,0,0,0,0,0.0,,,,0.0,,,2015,2014-15,Cypress,cypress,tylergnesdayxto,Tyler Gnesda
Apr 17,home,Santa Ana,L,18-5,18,5,13,win,20150417_rv4i,0,0,0,0,0.0,,,,0.0,,,2015,2014-15,Cypress,cypress,tylergnesdayxto,Tyler Gnesda
Apr 21,home,Fullerton,L,4-1,4,1,3,win,20150421_mjza,0,0,0,0,0.0,,,,0.0,,,2015,2014-15,Cypress,cypress,tylergnesdayxto,Tyler Gnesda
Apr 23,home,Fullerton,W,6-1,6,1,5,win,20150423_w78y,0,0,0,0,0.0,,,,0.0,,,2015,2014-15,Cypress,cypress,tylergnesdayxto,Tyler Gnesda
May 1,home,Fullerton,L,6-5,6,5,1,win,20150501_aclw,0,0,0,0,0.0,,,,0.0,,,2015,2014-15,Cypress,cypress,tylergnesdayxto,Tyler Gnesda
May 2,home,Fullerton,L,6-5,6,5,1,win,20150502_6nw9,0,0,0,0,0.0,,,,0.0,,,2015,2014-15,Cypress,cypress,tylergnesdayxto,Tyler Gnesda
Feb 3,home,Chabot,L,10-2,10,2,8,win,20150203_pcua,0,0,0,0,0.0,,,,0.0,,,2015,2014-15,Sacramento City,sacramentocity,mattpoulinjxvg,Matt Poulin
Feb 5,home,Chabot,W,13-7,13,7,6,win,20150205_2a1i,0,0,0,0,0.0,,,,0.0,,,2015,2014-15,Sacramento City,sacramentocity,mattpoulinjxvg,Matt Poulin
Feb 14,home,Canada,L,12-4,12,4,8,win,20150214_5z1w,0,0,0,0,0.0,,,,0.0,,,2015,2014-15,Sacramento City,sacramentocity,mattpoulinjxvg,Matt Poulin
Feb 19,home,Butte,W,10-2,10,2,8,win,20150219_cefi,0,0,0,0,0.0,,,,0.0,,,2015,2014-15,Sacramento City,sacramentocity,mattpoulinjxvg,Matt Poulin
Feb 20,home,Butte,W,4-2,4,2,2,win,20150220_a6gb,0,0,0,0,0.0,,,,0.0,,,2015,2014-15,Sacramento City,sacramentocity,mattpoulinjxvg,Matt Poulin
Feb 21,home,Butte,W,9-3,9,3,6,win,20150221_hv9f,0,0,0,0,0.0,,,,0.0,,,2015,2014-15,Sacramento City,sacramentocity,mattpoulinjxvg,Matt Poulin
Feb 28,home,Cabrillo,L,7-5,7,5,2,win,20150228_nla2,0,0,0,0,0.0,,,,0.0,,,2015,2014-15,Sacramento City,sacramentocity,mattpoulinjxvg,Matt Poulin
Mar 5,home,Sierra,L,10-6,10,6,4,win,20150305_q4cf,0,0,0,0,0.0,,,,0.0,,,2015,2014-15,Sacramento City,sacramentocity,mattpoulinjxvg,Matt Poulin
Mar 10,home,American River,L,2-1,2,1,1,win,20150310_dmfn,0,0,0,0,0.0,,,,0.0,,,2015,2014-15,Sacramento City,sacramentocity,mattpoulinjxvg,Matt Poulin
Mar 12,home,American River,L,12-1,12,1,11,win,20150312_u2ru,0,0,0,0,0.0,,,,0.0,,,2015,2014-15,Sacramento City,sacramentocity,mattpoulinjxvg,Matt Poulin
Mar 21,home,Santa Rosa,L,8-1,8,1,7,win,20150321_mr56,0,0,0,0,0.0,,,,0.0,,,2015,2014-15,Sacramento City,sacramentocity,mattpoulinjxvg,Matt Poulin
Mar 31,home,Diablo Valley,W,4-1,4,1,3,win,20150331_971e,0,0,0,0,0.0,,,,0.0,,,2015,2014-15,Sacramento City,sacramentocity,mattpoulinjxvg,Matt Poulin
Apr 23,home,Modesto,W,5-4,5,4,1,win,20150423_kihm,0,0,0,0,0.0,,,,0.0,,,2015,2014-15,Sacramento City,sacramentocity,mattpoulinjxvg,Matt Poulin
Apr 24,home,Modesto,W,7-4,7,4,3,win,20150424_cyky,0,0,0,0,0.0,,,,0.0,,,2015,2014-15,Sacramento City,sacramentocity,mattpoulinjxvg,Matt Poulin
Jan 29,home,Solano,W,6-1,6,1,5,win,20150129_goi0,0,0,0,0,0.0,,,,0.0,,,2015,2014-15,Taft,taft,michaeldaggg3yq,Michael Dagg
Jan 30,home,Feather River,W,3-2,3,2,1,win,20150130_q1vt,0,0,0,0,0.0,,,,0.0,,,2015,2014-15,Taft,taft,michaeldaggg3yq,Michael Dagg
Jan 31,home,Barstow,L,7-3,7,3,4,win,20150131_l2tm,0,0,0,0,0.0,,,,0.0,,,2015,2014-15,Taft,taft,michaeldaggg3yq,Michael Dagg
Feb 5,home,Siskiyous,W,3-2,3,2,1,win,20150205_6f4v,0,0,0,0,0.0,,,,0.0,,,2015,2014-15,Taft,taft,michaeldaggg3yq,Michael Dagg
Feb 6,home,Siskiyous,L,6-3,6,3,3,win,20150206_ecuz,0,0,0,0,0.0,,,,0.0,,,2015,2014-15,Taft,taft,michaeldaggg3yq,Michael Dagg
Feb 7,home,Folsom Lake,W,17-4,17,4,13,win,20150207_mju4,0,0,0,0,0.0,,,,0.0,,,2015,2014-15,Taft,taft,michaeldaggg3yq,Michael Dagg
Feb 13,home,Monterey,W,10-3,10,3,7,win,20150213_hmzu,0,0,0,0,0.0,,,,0.0,,,2015,2014-15,Taft,taft,michaeldaggg3yq,Michael Dagg
Feb 13,home,Monterey,W,8-7,8,7,1,win,20150213_r0g9,0,0,0,0,0.0,,,,0.0,,,2015,2014-15,Taft,taft,michaeldaggg3yq,Michael Dagg
Feb 14,home,Cerro Coso,W,12-5,12,5,7,win,20150214_d85d,0,0,0,0,0.0,,,,0.0,,,2015,2014-15,Taft,taft,michaeldaggg3yq,Michael Dagg
Feb 17,home,West Hills Coalinga,W,12-6,12,6,6,win,20150217_22zu,0,0,0,0,0.0,,,,0.0,,,2015,2014-15,Taft,taft,michaeldaggg3yq,Michael Dagg
Feb 19,home,West Hills Coalinga,W,14-5,14,5,9,win,20150219_cbmt,0,0,0,0,0.0,,,,0.0,,,2015,2014-15,Taft,taft,michaeldaggg3yq,Michael Dagg
Feb 21,home,West Hills Coalinga,W,4-3,4,3,1,win,20150221_o8g9,0,0,0,0,0.0,,,,0.0,,,2015,2014-15,Taft,taft,michaeldaggg3yq,Michael Dagg
Feb 24,home,Reedley,L,8-2,8,2,6,win,20150224_ttow,0,0,0,0,0.0,,,,0.0,,,2015,2014-15,Taft,taft,michaeldaggg3yq,Michael Dagg
Feb 28,home,Reedley,W,6-5,6,5,1,win,20150228_74p6,0,0,0,0,0.0,,,,0.0,,,2015,2014-15,Taft,taft,michaeldaggg3yq,Michael Dagg
Mar 3,home,Porterville,W,8-7,8,7,1,win,20150303_y1uy,0,0,0,0,0.0,,,,0.0,,,2015,2014-15,Taft,taft,michaeldaggg3yq,Michael Dagg
Mar 5,home,Porterville,W,6-2,6,2,4,win,20150305_6h0a,0,0,0,0,0.0,,,,0.0,,,2015,2014-15,Taft,taft,michaeldaggg3yq,Michael Dagg
Mar 7,home,Porterville,W,8-2,8,2,6,win,20150307_3mzd,0,0,0,0,0.0,,,,0.0,,,2015,2014-15,Taft,taft,michaeldaggg3yq,Michael Dagg
Mar 10,home,Sequoias,L,5-1,5,1,4,win,20150310_mv0m,0,0,0,0,0.0,,,,0.0,,,2015,2014-15,Taft,taft,michaeldaggg3yq,Michael Dagg
Mar 12,home,Sequoias,L,4-3,4,3,1,win,20150312_mgo4,0,0,0,0,0.0,,,,0.0,,,2015,2014-15,Taft,taft,michaeldaggg3yq,Michael Dagg
Mar 14,home,Sequoias,L,5-3,5,3,2,win,20150314_63po,0,0,0,0,0.0,,,,0.0,,,2015,2014-15,Taft,taft,michaeldaggg3yq,Michael Dagg
Mar 24,home,Fresno City,L,18-2,18,2,16,win,20150324_sq5j,0,0,0,0,0.0,,,,0.0,,,2015,2014-15,Taft,taft,michaeldaggg3yq,Michael Dagg
Mar 28,home,Fresno City,L,10-2,10,2,8,win,20150328_2md6,0,0,0,0,0.0,,,,0.0,,,2015,2014-15,Taft,taft,michaeldaggg3yq,Michael Dagg
Apr 1,home,Fullerton,L,11-0,11,0,11,win,20150401_q0je,0,0,0,0,0.0,,,,0.0,,,2015,2014-15,Taft,taft,michaeldaggg3yq,Michael Dagg
Apr 2,home,Riverside,W,4-3,4,3,1,win,20150402_gveg,0,0,0,0,0.0,,,,0.0,,,2015,2014-15,Taft,taft,michaeldaggg3yq,Michael Dagg
Apr 3,home,Moorpark,L,12-4,12,4,8,win,20150403_ujjd,0,0,0,0,0.0,,,,0.0,,,2015,2014-15,Taft,taft,michaeldaggg3yq,Michael Dagg
Apr 8,home,Merced,L,9-7,9,7,2,win,20150408_rzug,0,0,0,0,0.0,,,,0.0,,,2015,2014-15,Taft,taft,michaeldaggg3yq,Michael Dagg
Apr 9,home,Merced,W,3-1,3,1,2,win,20150409_c190,0,0,0,0,0.0,,,,0.0,,,2015,2014-15,Taft,taft,michaeldaggg3yq,Michael Dagg
Apr 11,home,Merced,L,6-4,6,4,2,win,20150411_q2wk,0,0,0,0,0.0,,,,0.0,,,2015,2014-15,Taft,taft,michaeldaggg3yq,Michael Dagg
Apr 14,home,Porterville,W,9-4,9,4,5,win,20150414_v841,0,0,0,0,0.0,,,,0.0,,,2015,2014-15,Taft,taft,michaeldaggg3yq,Michael Dagg
Apr 16,home,Merced,L,13-3,13,3,10,win,20150416_jt8o,0,0,0,0,0.0,,,,0.0,,,2015,2014-15,Taft,taft,michaeldaggg3yq,Michael Dagg
Apr 18,home,West Hills Coalinga,W,6-2,6,2,4,win,20150418_w7nt,0,0,0,0,0.0,,,,0.0,,,2015,2014-15,Taft,taft,michaeldaggg3yq,Michael Dagg
Apr 19,home,Fresno City,W,4-3,4,3,1,win,20150419_q06i,0,0,0,0,0.0,,,,0.0,,,2015,2014-15,Taft,taft,michaeldaggg3yq,Michael Dagg
Apr 21,home,Sequoias,W,2-1,2,1,1,win,20150421_qc8k,0,0,0,0,0.0,,,,0.0,,,2015,2014-15,Taft,taft,michaeldaggg3yq,Michael Dagg
Apr 23,home,Reedley,W,4-2,4,2,2,win,20150423_39h3,0,0,0,0,0.0,,,,0.0,,,2015,2014-15,Taft,taft,michaeldaggg3yq,Michael Dagg
Jan 31,home,Taft,W,7-3,7,3,4,win,20150131_l2tm,0,0,0,0,0.0,,,,0.0,,,2015,2014-15,Barstow,barstow,carterblouin1b6w,Carter Blouin
Feb 3,home,Porterville,L,12-2,12,2,10,win,20150203_m27j,0,0,0,0,0.0,,,,0.0,,,2015,2014-15,Barstow,barstow,carterblouin1b6w,Carter Blouin
Feb 10,home,Antelope Valley,L,10-6,10,6,4,win,20150210_9rvr,0,0,0,0,0.0,,,,0.0,,,2015,2014-15,Barstow,barstow,carterblouin1b6w,Carter Blouin
Feb 12,home,Imperial Valley,W,2-0,2,0,2,win,20150212_q87k,0,0,0,0,0.0,,,,0.0,,,2015,2014-15,Barstow,barstow,carterblouin1b6w,Carter Blouin
Feb 14,home,Imperial Valley,L,4-2,4,2,2,win,20150214_trua,0,0,0,0,0.0,,,,0.0,,,2015,2014-15,Barstow,barstow,carterblouin1b6w,Carter Blouin
Feb 17,home,El Camino,L,6-0,6,0,6,win,20150217_c9ep,0,0,0,0,0.0,,,,0.0,,,2015,2014-15,Barstow,barstow,carterblouin1b6w,Carter Blouin
Feb 19,home,Long Beach,W,10-7,10,7,3,win,20150219_9bzk,0,0,0,0,0.0,,,,0.0,,,2015,2014-15,Barstow,barstow,carterblouin1b6w,Carter Blouin
Feb 21,home,San Bernardino,W,9-3,9,3,6,win,20150221_xemq,0,0,0,0,0.0,,,,0.0,,,2015,2014-15,Barstow,barstow,carterblouin1b6w,Carter Blouin
Feb 24,home,Desert,W,5-4,5,4,1,win,20150224_rxw2,0,0,0,0,0.0,,,,0.0,,,2015,2014-15,Barstow,barstow,carterblouin1b6w,Carter Blouin
Feb 26,home,Cerro Coso,W,9-7,9,7,2,win,20150226_46k2,0,0,0,0,0.0,,,,0.0,,,2015,2014-15,Barstow,barstow,carterblouin1b6w,Carter Blouin
Feb 28,home,Rio Hondo,W,9-8,9,8,1,win,20150228_6ifb,0,0,0,0,0.0,,,,0.0,,,2015,2014-15,Barstow,barstow,carterblouin1b6w,Carter Blouin
Mar 7,home,Chaffey,W,6-4,6,4,2,win,20150307_vnjn,0,0,0,0,0.0,,,,0.0,,,2015,2014-15,Barstow,barstow,carterblouin1b6w,Carter Blouin
Mar 10,home,San Bernardino,L,11-7,11,7,4,win,20150310_0v7c,0,0,0,0,0.0,,,,0.0,,,2015,2014-15,Barstow,barstow,carterblouin1b6w,Carter Blouin
Mar 12,home,San Bernardino,L,7-0,7,0,7,win,20150312_dgmd,0,0,0,0,0.0,,,,0.0,,,2015,2014-15,Barstow,barstow,carterblouin1b6w,Carter Blouin
Mar 14,home,San Bernardino,L,8-2,8,2,6,win,20150314_3sjw,0,0,0,0,0.0,,,,0.0,,,2015,2014-15,Barstow,barstow,carterblouin1b6w,Carter Blouin
Mar 17,home,Desert,W,8-7,8,7,1,win,20150317_37m7,0,0,0,0,0.0,,,,0.0,,,2015,2014-15,Barstow,barstow,carterblouin1b6w,Carter Blouin
Mar 19,home,Desert,L,5-2,5,2,3,win,20150319_g897,0,0,0,0,0.0,,,,0.0,,,2015,2014-15,Barstow,barstow,carterblouin1b6w,Carter Blouin
Mar 26,home,Cerro Coso,W,7-2,7,2,5,win,20150326_cd08,0,0,0,0,0.0,,,,0.0,,,2015,2014-15,Barstow,barstow,carterblouin1b6w,Carter Blouin
Mar 28,home,Cerro Coso,W,17-2,17,2,15,win,20150328_n0z1,0,0,0,0,0.0,,,,0.0,,,2015,2014-15,Barstow,barstow,carterblouin1b6w,Carter Blouin
Apr 4,home,Rio Hondo,L,12-3,12,3,9,win,20150404_9imy,0,0,0,0,0.0,,,,0.0,,,2015,2014-15,Barstow,barstow,carterblouin1b6w,Carter Blouin
Apr 7,home,Victor Valley,L,6-4,6,4,2,win,20150407_ldom,0,0,0,0,0.0,,,,0.0,,,2015,2014-15,Barstow,barstow,carterblouin1b6w,Carter Blouin
Apr 9,home,Victor Valley,L,8-7,8,7,1,win,20150409_xpuk,0,0,0,0,0.0,,,,0.0,,,2015,2014-15,Barstow,barstow,carterblouin1b6w,Carter Blouin
Apr 23,home,Chaffey,W,7-4,7,4,3,win,20150423_h2cb,0,0,0,0,0.0,,,,0.0,,,2015,2014-15,Barstow,barstow,carterblouin1b6w,Carter Blouin
Apr 24,home,Chaffey,L,11-3,11,3,8,win,20150424_e4m8,0,0,0,0,0.0,,,,0.0,,,2015,2014-15,Barstow,barstow,carterblouin1b6w,Carter Blouin
Jan 27,home,San Francisco,W,5-4,5,4,1,win,20150127_cogz,0,0,0,0,0.0,,,,0.0,,,2015,2014-15,Laney,laney,ryanmyersmmbw,Ryan Myers
Jan 29,home,Skyline,L,12-6,12,6,6,win,20150129_a9wz,0,0,0,0,0.0,,,,0.0,,,2015,2014-15,Laney,laney,ryanmyersmmbw,Ryan Myers
Jan 31,home,San Francisco,W,11-0,11,0,11,win,20150131_lmz0,0,0,0,0,0.0,,,,0.0,,,2015,2014-15,Laney,laney,ryanmyersmmbw,Ryan Myers
Feb 3,home,Hartnell,W,10-8,10,8,2,win,20150203_craf,0,0,0,0,0.0,,,,0.0,,,2015,2014-15,Laney,laney,ryanmyersmmbw,Ryan Myers
Feb 5,home,Cabrillo,L,7-3,7,3,4,win,20150205_cqna,0,0,0,0,0.0,,,,0.0,,,2015,2014-15,Laney,laney,ryanmyersmmbw,Ryan Myers
Feb 7,home,Monterey,W,1-0,1,0,1,win,20150207_c1wn,0,0,0,0,0.0,,,,0.0,,,2015,2014-15,Laney,laney,ryanmyersmmbw,Ryan Myers
Feb 10,home,Santa Rosa,L,9-3,9,3,6,win,20150210_vsc0,0,0,0,0,0.0,,,,0.0,,,2015,2014-15,Laney,laney,ryanmyersmmbw,Ryan Myers
Feb 13,home,Diablo Valley,W,16-4,16,4,12,win,20150213_gm0a,0,0,0,0,0.0,,,,0.0,,,2015,2014-15,Laney,laney,ryanmyersmmbw,Ryan Myers
Feb 14,home,Redwoods,W,10-3,10,3,7,win,20150214_u959,0,0,0,0,0.0,,,,0.0,,,2015,2014-15,Laney,laney,ryanmyersmmbw,Ryan Myers
Feb 17,home,Sierra,W,2-1,2,1,1,win,20150217_b591,0,0,0,0,0.0,,,,0.0,,,2015,2014-15,Laney,laney,ryanmyersmmbw,Ryan Myers
Feb 19,home,Canada,W,8-3,8,3,5,win,20150219_4t76,0,0,0,0,0.0,,,,0.0,,,2015,2014-15,Laney,laney,ryanmyersmmbw,Ryan Myers
Feb 21,home,American River,L,10-4,10,4,6,win,20150221_z3ln,0,0,0,0,0.0,,,,0.0,,,2015,2014-15,Laney,laney,ryanmyersmmbw,Ryan Myers
Feb 24,home,Mendocino,L,3-2,3,2,1,win,20150224_n725,0,0,0,0,0.0,,,,0.0,,,2015,2014-15,Laney,laney,ryanmyersmmbw,Ryan Myers
Feb 26,home,Mendocino,L,8-5,8,5,3,win,20150226_pb1z,0,0,0,0,0.0,,,,0.0,,,2015,2014-15,Laney,laney,ryanmyersmmbw,Ryan Myers
Feb 28,home,Napa,L,10-9,10,9,1,win,20150228_yhrx,0,0,0,0,0.0,,,,0.0,,,2015,2014-15,Laney,laney,ryanmyersmmbw,Ryan Myers
Mar 3,home,Napa,L,4-3,4,3,1,win,20150303_hrdj,0,0,0,0,0.0,,,,0.0,,,2015,2014-15,Laney,laney,ryanmyersmmbw,Ryan Myers
Mar 5,home,Contra Costa,L,6-0,6,0,6,win,20150305_34hh,0,0,0,0,0.0,,,,0.0,,,2015,2014-15,Laney,laney,ryanmyersmmbw,Ryan Myers
Mar 7,home,Contra Costa,L,4-3,4,3,1,win,20150307_2p9b,0,0,0,0,0.0,,,,0.0,,,2015,2014-15,Laney,laney,ryanmyersmmbw,Ryan Myers
Mar 10,home,Solano,L,10-3,10,3,7,win,20150310_pve7,0,0,0,0,0.0,,,,0.0,,,2015,2014-15,Laney,laney,ryanmyersmmbw,Ryan Myers
Mar 12,home,Solano,L,11-7,11,7,4,win,20150312_5897,0,0,0,0,0.0,,,,0.0,,,2015,2014-15,Laney,laney,ryanmyersmmbw,Ryan Myers
Mar 14,home,Yuba,L,5-3,5,3,2,win,20150314_08r9,0,0,0,0,0.0,,,,0.0,,,2015,2014-15,Laney,laney,ryanmyersmmbw,Ryan Myers
Mar 17,home,Yuba,L,14-2,14,2,12,win,20150317_f3b6,0,0,0,0,0.0,,,,0.0,,,2015,2014-15,Laney,laney,ryanmyersmmbw,Ryan Myers
Mar 24,home,Folsom Lake,L,4-3,4,3,1,win,20150324_vc9a,0,0,0,0,0.0,,,,0.0,,,2015,2014-15,Laney,laney,ryanmyersmmbw,Ryan Myers
Mar 26,home,Folsom Lake,L,7-6,7,6,1,win,20150326_l0fb,0,0,0,0,0.0,,,,0.0,,,2015,2014-15,Laney,laney,ryanmyersmmbw,Ryan Myers
Mar 31,home,Los Medanos,L,7-2,7,2,5,win,20150331_nioo,0,0,0,0,0.0,,,,0.0,,,2015,2014-15,Laney,laney,ryanmyersmmbw,Ryan Myers
Apr 2,home,Marin,L,17-7,17,7,10,win,20150402_23ec,0,0,0,0,0.0,,,,0.0,,,2015,2014-15,Laney,laney,ryanmyersmmbw,Ryan Myers
Apr 3,home,Marin,L,2-0,2,0,2,win,20150403_m663,0,0,0,0,0.0,,,,0.0,,,2015,2014-15,Laney,laney,ryanmyersmmbw,Ryan Myers
Apr 9,home,Napa,W,5-2,5,2,3,win,20150409_jd3n,0,0,0,0,0.0,,,,0.0,,,2015,2014-15,Laney,laney,ryanmyersmmbw,Ryan Myers
Apr 10,home,Contra Costa,W,10-4,10,4,6,win,20150410_hukd,0,0,0,0,0.0,,,,0.0,,,2015,2014-15,Laney,laney,ryanmyersmmbw,Ryan Myers
Apr 14,home,Solano,W,9-6,9,6,3,win,20150414_7jni,0,0,0,0,0.0,,,,0.0,,,2015,2014-15,Laney,laney,ryanmyersmmbw,Ryan Myers
Apr 16,home,Yuba,L,9-2,9,2,7,win,20150416_s0rn,0,0,0,0,0.0,,,,0.0,,,2015,2014-15,Laney,laney,ryanmyersmmbw,Ryan Myers
Apr 21,home,Folsom Lake,W,16-5,16,5,11,win,20150421_zwga,0,0,0,0,0.0,,,,0.0,,,2015,2014-15,Laney,laney,ryanmyersmmbw,Ryan Myers
Apr 24,home,Marin,L,9-2,9,2,7,win,20150424_v800,0,0,0,0,0.0,,,,0.0,,,2015,2014-15,Laney,laney,ryanmyersmmbw,Ryan Myers
Jan 31,home,Yuba,W,6-5,6,5,1,win,20150131_5p0n,0,0,0,0,0.0,,,,0.0,,,2015,2014-15,Ohlone,ohlone,tylertate5top,Tyler Tate
Feb 6,home,Porterville,W,11-4,11,4,7,win,20150206_nbhv,0,0,0,0,0.0,,,,0.0,,,2015,2014-15,Ohlone,ohlone,tylertate5top,Tyler Tate
Feb 11,home,West Hills Coalinga,W,14-3,14,3,11,win,20150211_w4ws,0,0,0,0,0.0,,,,0.0,,,2015,2014-15,Ohlone,ohlone,tylertate5top,Tyler Tate
Feb 18,home,Los Medanos,W,11-3,11,3,8,win,20150218_898a,0,0,0,0,0.0,,,,0.0,,,2015,2014-15,Ohlone,ohlone,tylertate5top,Tyler Tate
Feb 21,home,Los Medanos,L,6-4,6,4,2,win,20150221_ubgt,0,0,0,0,0.0,,,,0.0,,,2015,2014-15,Ohlone,ohlone,tylertate5top,Tyler Tate
Feb 24,home,Gavilan,L,3-2,3,2,1,win,20150224_4eq2,0,0,0,0,0.0,,,,0.0,,,2015,2014-15,Ohlone,ohlone,tylertate5top,Tyler Tate
Feb 26,home,Cabrillo,L,9-0,9,0,9,win,20150226_f8v1,0,0,0,0,0.0,,,,0.0,,,2015,2014-15,Ohlone,ohlone,tylertate5top,Tyler Tate
Mar 3,home,Mission,L,6-4,6,4,2,win,20150303_22s2,0,0,0,0,0.0,,,,0.0,,,2015,2014-15,Ohlone,ohlone,tylertate5top,Tyler Tate
Mar 5,home,Hartnell,W,17-4,17,4,13,win,20150305_9m5o,0,0,0,0,0.0,,,,0.0,,,2015,2014-15,Ohlone,ohlone,tylertate5top,Tyler Tate
Mar 7,home,Skyline,W,3-2,3,2,1,win,20150307_it7z,0,0,0,0,0.0,,,,0.0,,,2015,2014-15,Ohlone,ohlone,tylertate5top,Tyler Tate
Mar 10,home,San Francisco,W,7-1,7,1,6,win,20150310_d7yo,0,0,0,0,0.0,,,,0.0,,,2015,2014-15,Ohlone,ohlone,tylertate5top,Tyler Tate
Mar 17,home,Chabot,L,8-0,8,0,8,win,20150316_l393,0,0,0,0,0.0,,,,0.0,,,2015,2014-15,Ohlone,ohlone,tylertate5top,Tyler Tate
Mar 19,home,Skyline,W,11-3,11,3,8,win,20150319_i9ba,0,0,0,0,0.0,,,,0.0,,,2015,2014-15,Ohlone,ohlone,tylertate5top,Tyler Tate
Mar 21,home,Monterey,W,5-3,5,3,2,win,20150321_ugax,0,0,0,0,0.0,,,,0.0,,,2015,2014-15,Ohlone,ohlone,tylertate5top,Tyler Tate
Mar 28,home,Hartnell,W,14-2,14,2,12,win,20150328_0dfj,0,0,0,0,0.0,,,,0.0,,,2015,2014-15,Ohlone,ohlone,tylertate5top,Tyler Tate
Mar 31,home,San Mateo,L,2-1,2,1,1,win,20150331_bubz,0,0,0,0,0.0,,,,0.0,,,2015,2014-15,Ohlone,ohlone,tylertate5top,Tyler Tate
Apr 4,home,Gavilan,L,2-1,2,1,1,win,20150404_tmdj,0,0,0,0,0.0,,,,0.0,,,2015,2014-15,Ohlone,ohlone,tylertate5top,Tyler Tate
Apr 14,home,Skyline,W,13-4,13,4,9,win,20150414_6lrp,0,0,0,0,0.0,,,,0.0,,,2015,2014-15,Ohlone,ohlone,tylertate5top,Tyler Tate
Apr 23,home,Canada,W,12-2,12,2,10,win,20150423_erb7,0,0,0,0,0.0,,,,0.0,,,2015,2014-15,Ohlone,ohlone,tylertate5top,Tyler Tate
Jan 29,home,Cuesta,W,6-1,6,1,5,win,20150129_gc0p,0,0,0,0,0.0,,,,0.0,,,2015,2014-15,Riverside,riverside,brodyweisse9qx,Brody Weiss
Jan 30,home,Cuesta,W,4-2,4,2,2,win,20150130_ll7m,0,0,0,0,0.0,,,,0.0,,,2015,2014-15,Riverside,riverside,brodyweisse9qx,Brody Weiss
Jan 31,home,Cuesta,W,4-3,4,3,1,win,20150131_35pp,0,0,0,0,0.0,,,,0.0,,,2015,2014-15,Riverside,riverside,brodyweisse9qx,Brody Weiss
Feb 3,home,Mt. San Jacinto,W,9-6,9,6,3,win,20150203_1dd1,0,0,0,0,0.0,,,,0.0,,,2015,2014-15,Riverside,riverside,brodyweisse9qx,Brody Weiss
Feb 6,home,East Los Angeles,W,4-3,4,3,1,win,20150206_9rbe,0,0,0,0,0.0,,,,0.0,,,2015,2014-15,Riverside,riverside,brodyweisse9qx,Brody Weiss
Feb 7,home,East Los Angeles,W,9-2,9,2,7,win,20150207_tegn,0,0,0,0,0.0,,,,0.0,,,2015,2014-15,Riverside,riverside,brodyweisse9qx,Brody Weiss
Feb 10,home,Desert,W,12-5,12,5,7,win,20150210_zvrb,0,0,0,0,0.0,,,,0.0,,,2015,2014-15,Riverside,riverside,brodyweisse9qx,Brody Weiss
Feb 13,home,Western Nevada,W,8-1,8,1,7,win,20150213_1tmm,0,0,0,0,0.0,,,,0.0,,,2015,2014-15,Riverside,riverside,brodyweisse9qx,Brody Weiss
Feb 14,home,Western Nevada,W,7-1,7,1,6,win,20150214_g58a,0,0,0,0,0.0,,,,0.0,,,2015,2014-15,Riverside,riverside,brodyweisse9qx,Brody Weiss
Feb 15,home,Western Nevada,W,8-5,8,5,3,win,20150215_71lo,0,0,0,0,0.0,,,,0.0,,,2015,2014-15,Riverside,riverside,brodyweisse9qx,Brody Weiss
Feb 17,home,Mt. San Antonio,L,13-4,13,4,9,win,20150217_pmed,0,0,0,0,0.0,,,,0.0,,,2015,2014-15,Riverside,riverside,brodyweisse9qx,Brody Weiss
Feb 19,home,Mt. San Jacinto,W,9-8,9,8,1,win,20150219_z49w,0,0,0,0,0.0,,,,0.0,,,2015,2014-15,Riverside,riverside,brodyweisse9qx,Brody Weiss
Feb 24,home,Mt. San Antonio,W,11-4,11,4,7,win,20150224_rv5x,0,0,0,0,0.0,,,,0.0,,,2015,2014-15,Riverside,riverside,brodyweisse9qx,Brody Weiss
Feb 26,home,Orange Coast,L,4-3,4,3,1,win,20150226_tvw9,0,0,0,0,0.0,,,,0.0,,,2015,2014-15,Riverside,riverside,brodyweisse9qx,Brody Weiss
Feb 28,home,Irvine Valley,L,4-1,4,1,3,win,20150228_i4t0,0,0,0,0,0.0,,,,0.0,,,2015,2014-15,Riverside,riverside,brodyweisse9qx,Brody Weiss
Mar 3,home,Santa Ana,W,6-3,6,3,3,win,20150303_rhpf,0,0,0,0,0.0,,,,0.0,,,2015,2014-15,Riverside,riverside,brodyweisse9qx,Brody Weiss
Mar 5,home,Saddleback,W,4-1,4,1,3,win,20150305_bpwy,0,0,0,0,0.0,,,,0.0,,,2015,2014-15,Riverside,riverside,brodyweisse9qx,Brody Weiss
Mar 7,home,Cypress,L,8-3,8,3,5,win,20150307_nyul,0,0,0,0,0.0,,,,0.0,,,2015,2014-15,Riverside,riverside,brodyweisse9qx,Brody Weiss
Mar 10,home,Fullerton,L,3-2,3,2,1,win,20150310_d493,0,0,0,0,0.0,,,,0.0,,,2015,2014-15,Riverside,riverside,brodyweisse9qx,Brody Weiss
Mar 12,home,Golden West,W,13-0,13,0,13,win,20150312_ugk6,0,0,0,0,0.0,,,,0.0,,,2015,2014-15,Riverside,riverside,brodyweisse9qx,Brody Weiss
Mar 17,home,Orange Coast,L,9-5,9,5,4,win,20150317_f5ng,0,0,0,0,0.0,,,,0.0,,,2015,2014-15,Riverside,riverside,brodyweisse9qx,Brody Weiss
Mar 19,home,Orange Coast,L,5-0,5,0,5,win,20150319_etae,0,0,0,0,0.0,,,,0.0,,,2015,2014-15,Riverside,riverside,brodyweisse9qx,Brody Weiss
Mar 21,home,Irvine Valley,W,5-0,5,0,5,win,20150321_3ztt,0,0,0,0,0.0,,,,0.0,,,2015,2014-15,Riverside,riverside,brodyweisse9qx,Brody Weiss
Mar 24,home,Irvine Valley,L,9-4,9,4,5,win,20150324_gbrm,0,0,0,0,0.0,,,,0.0,,,2015,2014-15,Riverside,riverside,brodyweisse9qx,Brody Weiss
Mar 26,home,Santa Ana,W,7-0,7,0,7,win,20150326_49o7,0,0,0,0,0.0,,,,0.0,,,2015,2014-15,Riverside,riverside,brodyweisse9qx,Brody Weiss
Mar 27,home,Santa Ana,W,3-2,3,2,1,win,20150327_qblk,0,0,0,0,0.0,,,,0.0,,,2015,2014-15,Riverside,riverside,brodyweisse9qx,Brody Weiss
Apr 1,home,Santa Barbara,L,5-2,5,2,3,win,20150401_ba1w,0,0,0,0,0.0,,,,0.0,,,2015,2014-15,Riverside,riverside,brodyweisse9qx,Brody Weiss
Apr 2,home,Taft,L,4-3,4,3,1,win,20150402_gveg,0,0,0,0,0.0,,,,0.0,,,2015,2014-15,Riverside,riverside,brodyweisse9qx,Brody Weiss
Apr 7,home,Saddleback,L,8-5,8,5,3,win,20150407_tn3k,0,0,0,0,0.0,,,,0.0,,,2015,2014-15,Riverside,riverside,brodyweisse9qx,Brody Weiss
Apr 9,home,Saddleback,L,9-4,9,4,5,win,20150409_0f7n,0,0,0,0,0.0,,,,0.0,,,2015,2014-15,Riverside,riverside,brodyweisse9qx,Brody Weiss
Apr 11,home,Cypress,W,9-2,9,2,7,win,20150411_36ur,0,0,0,0,0.0,,,,0.0,,,2015,2014-15,Riverside,riverside,brodyweisse9qx,Brody Weiss
Apr 14,home,Cypress,L,8-7,8,7,1,win,20150414_x9aj,0,0,0,0,0.0,,,,0.0,,,2015,2014-15,Riverside,riverside,brodyweisse9qx,Brody Weiss
Apr 16,home,Fullerton,W,9-3,9,3,6,win,20150416_238x,0,0,0,0,0.0,,,,0.0,,,2015,2014-15,Riverside,riverside,brodyweisse9qx,Brody Weiss
Apr 17,home,Fullerton,W,5-2,5,2,3,win,20150417_8nxm,0,0,0,0,0.0,,,,0.0,,,2015,2014-15,Riverside,riverside,brodyweisse9qx,Brody Weiss
Apr 21,home,Golden West,L,4-2,4,2,2,win,20150421_e3mk,0,0,0,0,0.0,,,,0.0,,,2015,2014-15,Riverside,riverside,brodyweisse9qx,Brody Weiss
Apr 23,home,Golden West,L,5-1,5,1,4,win,20150423_giyt,0,0,0,0,0.0,,,,0.0,,,2015,2014-15,Riverside,riverside,brodyweisse9qx,Brody Weiss
Apr 28,home,Cerritos,W,6-2,6,2,4,win,20150428_bbuq,0,0,0,0,0.0,,,,0.0,,,2015,2014-15,Riverside,riverside,brodyweisse9qx,Brody Weiss
May 1,home,Palomar,L,7-3,7,3,4,win,20150501_6ln4,0,0,0,0,0.0,,,,0.0,,,2015,2014-15,Riverside,riverside,brodyweisse9qx,Brody Weiss
May 2,home,Palomar,L,4-2,4,2,2,win,20150502_871a,0,0,0,0,0.0,,,,0.0,,,2015,2014-15,Riverside,riverside,brodyweisse9qx,Brody Weiss
Jan 27,home,Monterey,W,4-1,4,1,3,win,20150127_9f2m,0,0,0,0,0.0,,,,0.0,,,2015,2014-15,Reedley,reedley,mattynunes8gor,Matty Nunes
Jan 30,home,Canada,L,9-0,9,0,9,win,20150130_aevu,0,0,0,0,0.0,,,,0.0,,,2015,2014-15,Reedley,reedley,mattynunes8gor,Matty Nunes
Jan 31,home,San Mateo,L,3-1,3,1,2,win,20150131_kpt8,0,0,0,0,0.0,,,,0.0,,,2015,2014-15,Reedley,reedley,mattynunes8gor,Matty Nunes
Feb 3,home,De Anza,L,4-3,4,3,1,win,20150203_ux06,0,0,0,0,0.0,,,,0.0,,,2015,2014-15,Reedley,reedley,mattynunes8gor,Matty Nunes
Feb 5,home,Hartnell,W,5-1,5,1,4,win,20150205_trml,0,0,0,0,0.0,,,,0.0,,,2015,2014-15,Reedley,reedley,mattynunes8gor,Matty Nunes
Feb 6,home,Golden West,L,7-2,7,2,5,win,20150206_o7yk,0,0,0,0,0.0,,,,0.0,,,2015,2014-15,Reedley,reedley,mattynunes8gor,Matty Nunes
Feb 6,home,Marin,W,3-2,3,2,1,win,20150206_ldwm,0,0,0,0,0.0,,,,0.0,,,2015,2014-15,Reedley,reedley,mattynunes8gor,Matty Nunes
Feb 10,home,Sierra,L,3-1,3,1,2,win,20150210_ej9r,0,0,0,0,0.0,,,,0.0,,,2015,2014-15,Reedley,reedley,mattynunes8gor,Matty Nunes
Feb 12,home,Modesto,L,2-1,2,1,1,win,20150212_2h76,0,0,0,0,0.0,,,,0.0,,,2015,2014-15,Reedley,reedley,mattynunes8gor,Matty Nunes
Feb 17,home,Fresno City,L,7-3,7,3,4,win,20150217_p4wd,0,0,0,0,0.0,,,,0.0,,,2015,2014-15,Reedley,reedley,mattynunes8gor,Matty Nunes
Feb 19,home,Fresno City,L,6-0,6,0,6,win,20150219_azzf,0,0,0,0,0.0,,,,0.0,,,2015,2014-15,Reedley,reedley,mattynunes8gor,Matty Nunes
Feb 21,home,Fresno City,L,6-5,6,5,1,win,20150221_g9y0,0,0,0,0,0.0,,,,0.0,,,2015,2014-15,Reedley,reedley,mattynunes8gor,Matty Nunes
Feb 24,home,Taft,W,8-2,8,2,6,win,20150224_ttow,0,0,0,0,0.0,,,,0.0,,,2015,2014-15,Reedley,reedley,mattynunes8gor,Matty Nunes
Feb 26,home,Taft,W,8-1,8,1,7,win,20150226_grht,0,0,0,0,0.0,,,,0.0,,,2015,2014-15,Reedley,reedley,mattynunes8gor,Matty Nunes
Feb 28,home,Taft,L,6-5,6,5,1,win,20150228_74p6,0,0,0,0,0.0,,,,0.0,,,2015,2014-15,Reedley,reedley,mattynunes8gor,Matty Nunes
Mar 3,home,Merced,W,5-4,5,4,1,win,20150303_m2nz,0,0,0,0,0.0,,,,0.0,,,2015,2014-15,Reedley,reedley,mattynunes8gor,Matty Nunes
Mar 5,home,Merced,L,4-3,4,3,1,win,20150305_ucfq,0,0,0,0,0.0,,,,0.0,,,2015,2014-15,Reedley,reedley,mattynunes8gor,Matty Nunes
Mar 7,home,Merced,L,8-7,8,7,1,win,20150307_sx3l,0,0,0,0,0.0,,,,0.0,,,2015,2014-15,Reedley,reedley,mattynunes8gor,Matty Nunes
Mar 17,home,Sequoias,L,9-1,9,1,8,win,20150317_u06t,0,0,0,0,0.0,,,,0.0,,,2015,2014-15,Reedley,reedley,mattynunes8gor,Matty Nunes
Mar 19,home,Sequoias,L,8-0,8,0,8,win,20150319_6bw4,0,0,0,0,0.0,,,,0.0,,,2015,2014-15,Reedley,reedley,mattynunes8gor,Matty Nunes
Mar 21,home,Sequoias,W,8-2,8,2,6,win,20150321_50m1,0,0,0,0,0.0,,,,0.0,,,2015,2014-15,Reedley,reedley,mattynunes8gor,Matty Nunes
Mar 24,home,West Hills Coalinga,W,10-5,10,5,5,win,20150324_9ym4,0,0,0,0,0.0,,,,0.0,,,2015,2014-15,Reedley,reedley,mattynunes8gor,Matty Nunes
Mar 26,home,West Hills Coalinga,W,3-2,3,2,1,win,20150326_nesi,0,0,0,0,0.0,,,,0.0,,,2015,2014-15,Reedley,reedley,mattynunes8gor,Matty Nunes
Mar 28,home,West Hills Coalinga,W,9-8,9,8,1,win,20150328_33os,0,0,0,0,0.0,,,,0.0,,,2015,2014-15,Reedley,reedley,mattynunes8gor,Matty Nunes
Mar 31,home,Saddleback,L,13-7,13,7,6,win,20150331_leeq,0,0,0,0,0.0,,,,0.0,,,2015,2014-15,Reedley,reedley,mattynunes8gor,Matty Nunes
Apr 1,home,Bakersfield,L,5-3,5,3,2,win,20150401_3t1y,0,0,0,0,0.0,,,,0.0,,,2015,2014-15,Reedley,reedley,mattynunes8gor,Matty Nunes
Apr 3,home,Santa Barbara,L,11-8,11,8,3,win,20150403_1oip,0,0,0,0,0.0,,,,0.0,,,2015,2014-15,Reedley,reedley,mattynunes8gor,Matty Nunes
Apr 9,home,Porterville,W,5-2,5,2,3,win,20150409_gudn,0,0,0,0,0.0,,,,0.0,,,2015,2014-15,Reedley,reedley,mattynunes8gor,Matty Nunes
Apr 10,home,Porterville,W,11-0,11,0,11,win,20150410_966u,0,0,0,0,0.0,,,,0.0,,,2015,2014-15,Reedley,reedley,mattynunes8gor,Matty Nunes
Apr 11,home,Porterville,W,7-2,7,2,5,win,20150411_204e,0,0,0,0,0.0,,,,0.0,,,2015,2014-15,Reedley,reedley,mattynunes8gor,Matty Nunes
Apr 14,home,Merced,L,10-5,10,5,5,win,20150414_j11g,0,0,0,0,0.0,,,,0.0,,,2015,2014-15,Reedley,reedley,mattynunes8gor,Matty Nunes
Apr 16,home,Porterville,W,7-4,7,4,3,win,20150416_t3eo,0,0,0,0,0.0,,,,0.0,,,2015,2014-15,Reedley,reedley,mattynunes8gor,Matty Nunes
Apr 18,home,Fresno City,W,9-6,9,6,3,win,20150418_6p1k,0,0,0,0,0.0,,,,0.0,,,2015,2014-15,Reedley,reedley,mattynunes8gor,Matty Nunes
Apr 19,home,West Hills Coalinga,W,14-4,14,4,10,win,20150419_2l75,0,0,0,0,0.0,,,,0.0,,,2015,2014-15,Reedley,reedley,mattynunes8gor,Matty Nunes
Apr 23,home,Taft,L,4-2,4,2,2,win,20150423_39h3,0,0,0,0,0.0,,,,0.0,,,2015,2014-15,Reedley,reedley,mattynunes8gor,Matty Nunes
Apr 24,home,Sequoias,L,5-2,5,2,3,win,20150424_gh13,0,0,0,0,0.0,,,,0.0,,,2015,2014-15,Reedley,reedley,mattynunes8gor,Matty Nunes
Jan 27,home,Santa Ana,L,8-1,8,1,7,win,20150127_p33k,0,0,0,0,0.0,,,,0.0,,,2015,2014-15,El Camino-Compton Center,elcaminocomptoncenter,blakemendozamfqk,Blake Mendoza
Jan 31,home,Chaffey,L,4-1,4,1,3,win,20150131_luyq,0,0,0,0,0.0,,,,0.0,,,2015,2014-15,El Camino-Compton Center,elcaminocomptoncenter,blakemendozamfqk,Blake Mendoza
Feb 7,home,Barstow,W,5-0,5,0,5,win,20150207_fvkv,0,0,0,0,0.0,,,,0.0,,,2015,2014-15,El Camino-Compton Center,elcaminocomptoncenter,blakemendozamfqk,Blake Mendoza
Feb 10,home,West LA,W,7-3,7,3,4,win,20150210_rcnd,0,0,0,0,0.0,,,,0.0,,,2015,2014-15,El Camino-Compton Center,elcaminocomptoncenter,blakemendozamfqk,Blake Mendoza
Feb 12,home,LA Valley,W,5-2,5,2,3,win,20150212_j5eg,0,0,0,0,0.0,,,,0.0,,,2015,2014-15,El Camino-Compton Center,elcaminocomptoncenter,blakemendozamfqk,Blake Mendoza
Feb 14,home,San Diego City,W,6-3,6,3,3,win,20150214_c86d,0,0,0,0,0.0,,,,0.0,,,2015,2014-15,El Camino-Compton Center,elcaminocomptoncenter,blakemendozamfqk,Blake Mendoza
Feb 17,home,San Bernardino,L,9-6,9,6,3,win,20150217_920x,0,0,0,0,0.0,,,,0.0,,,2015,2014-15,El Camino-Compton Center,elcaminocomptoncenter,blakemendozamfqk,Blake Mendoza
Feb 18,home,Imperial Valley,W,6-3,6,3,3,win,20150218_pskx,0,0,0,0,0.0,,,,0.0,,,2015,2014-15,El Camino-Compton Center,elcaminocomptoncenter,blakemendozamfqk,Blake Mendoza
Feb 21,home,Saddleback,L,6-1,6,1,5,win,20150221_lr78,0,0,0,0,0.0,,,,0.0,,,2015,2014-15,El Camino-Compton Center,elcaminocomptoncenter,blakemendozamfqk,Blake Mendoza
Mar 3,home,East Los Angeles,W,2-1,2,1,1,win,20150303_4okn,0,0,0,0,0.0,,,,0.0,,,2015,2014-15,El Camino-Compton Center,elcaminocomptoncenter,blakemendozamfqk,Blake Mendoza
Mar 7,home,East Los Angeles,L,10-3,10,3,7,win,20150307_22es,0,0,0,0,0.0,,,,0.0,,,2015,2014-15,El Camino-Compton Center,elcaminocomptoncenter,blakemendozamfqk,Blake Mendoza
Mar 10,home,El Camino,W,13-11,13,11,2,win,20150310_9sd1,0,0,0,0,0.0,,,,0.0,,,2015,2014-15,El Camino-Compton Center,elcaminocomptoncenter,blakemendozamfqk,Blake Mendoza
Mar 12,home,El Camino,W,11-10,11,10,1,win,20150312_h8tp,0,0,0,0,0.0,,,,0.0,,,2015,2014-15,El Camino-Compton Center,elcaminocomptoncenter,blakemendozamfqk,Blake Mendoza
Mar 14,home,El Camino,W,10-4,10,4,6,win,20150314_5akw,0,0,0,0,0.0,,,,0.0,,,2015,2014-15,El Camino-Compton Center,elcaminocomptoncenter,blakemendozamfqk,Blake Mendoza
Mar 17,home,LA Harbor,L,5-2,5,2,3,win,20150317_opfm,0,0,0,0,0.0,,,,0.0,,,2015,2014-15,El Camino-Compton Center,elcaminocomptoncenter,blakemendozamfqk,Blake Mendoza
Mar 19,home,LA Harbor,W,10-4,10,4,6,win,20150319_w6un,0,0,0,0,0.0,,,,0.0,,,2015,2014-15,El Camino-Compton Center,elcaminocomptoncenter,blakemendozamfqk,Blake Mendoza
Mar 21,home,LA Harbor,L,9-8,9,8,1,win,20150321_yxv2,0,0,0,0,0.0,,,,0.0,,,2015,2014-15,El Camino-Compton Center,elcaminocomptoncenter,blakemendozamfqk,Blake Mendoza
Mar 24,home,Cerritos,L,1-0,1,0,1,win,20150324_830h,0,0,0,0,0.0,,,,0.0,,,2015,2014-15,El Camino-Compton Center,elcaminocomptoncenter,blakemendozamfqk,Blake Mendoza
Mar 26,home,Cerritos,W,5-1,5,1,4,win,20150326_shcq,0,0,0,0,0.0,,,,0.0,,,2015,2014-15,El Camino-Compton Center,elcaminocomptoncenter,blakemendozamfqk,Blake Mendoza
Mar 28,home,Cerritos,W,2-1,2,1,1,win,20150328_1ngb,0,0,0,0,0.0,,,,0.0,,,2015,2014-15,El Camino-Compton Center,elcaminocomptoncenter,blakemendozamfqk,Blake Mendoza
Mar 31,home,Fullerton,W,5-2,5,2,3,win,20150331_hbsj,0,0,0,0,0.0,,,,0.0,,,2015,2014-15,El Camino-Compton Center,elcaminocomptoncenter,blakemendozamfqk,Blake Mendoza
Apr 2,home,LA Mission,L,3-2,3,2,1,win,20150402_i759,0,0,0,0,0.0,,,,0.0,,,2015,2014-15,El Camino-Compton Center,elcaminocomptoncenter,blakemendozamfqk,Blake Mendoza
Apr 4,home,Ventura,W,9-4,9,4,5,win,20150404_7uzh,0,0,0,0,0.0,,,,0.0,,,2015,2014-15,El Camino-Compton Center,elcaminocomptoncenter,blakemendozamfqk,Blake Mendoza
Apr 7,home,Pasadena,L,4-3,4,3,1,win,20150407_bw1b,0,0,0,0,0.0,,,,0.0,,,2015,2014-15,El Camino-Compton Center,elcaminocomptoncenter,blakemendozamfqk,Blake Mendoza
Apr 9,home,Pasadena,W,6-5,6,5,1,win,20150409_e6x4,0,0,0,0,0.0,,,,0.0,,,2015,2014-15,El Camino-Compton Center,elcaminocomptoncenter,blakemendozamfqk,Blake Mendoza
Apr 11,home,Pasadena,W,7-2,7,2,5,win,20150411_fn38,0,0,0,0,0.0,,,,0.0,,,2015,2014-15,El Camino-Compton Center,elcaminocomptoncenter,blakemendozamfqk,Blake Mendoza
Apr 14,home,Mt. San Antonio,L,10-6,10,6,4,win,20150414_tecz,0,0,0,0,0.0,,,,0.0,,,2015,2014-15,El Camino-Compton Center,elcaminocomptoncenter,blakemendozamfqk,Blake Mendoza
Apr 16,home,Mt. San Antonio,L,7-3,7,3,4,win,20150416_7bjj,0,0,0,0,0.0,,,,0.0,,,2015,2014-15,El Camino-Compton Center,elcaminocomptoncenter,blakemendozamfqk,Blake Mendoza
Apr 18,home,Mt. San Antonio,W,8-7,8,7,1,win,20150418_ndf8,0,0,0,0,0.0,,,,0.0,,,2015,2014-15,El Camino-Compton Center,elcaminocomptoncenter,blakemendozamfqk,Blake Mendoza
Apr 21,home,Long Beach,W,15-8,15,8,7,win,20150421_00qc,0,0,0,0,0.0,,,,0.0,,,2015,2014-15,El Camino-Compton Center,elcaminocomptoncenter,blakemendozamfqk,Blake Mendoza
Apr 23,home,Long Beach,W,2-1,2,1,1,win,20150423_7o06,0,0,0,0,0.0,,,,0.0,,,2015,2014-15,El Camino-Compton Center,elcaminocomptoncenter,blakemendozamfqk,Blake Mendoza
Apr 24,home,Long Beach,L,8-6,8,6,2,win,20150424_8uo9,0,0,0,0,0.0,,,,0.0,,,2015,2014-15,El Camino-Compton Center,elcaminocomptoncenter,blakemendozamfqk,Blake Mendoza
Jan 31,home,Santa Barbara,L,4-0,4,0,4,win,20150131_2ly5,0,0,0,0,0.0,,,,0.0,,,2015,2014-15,Napa,napa,jakepierceg320,Jake Pierce
Feb 4,home,Butte,L,8-6,8,6,2,win,20150204_7omn,0,0,0,0,0.0,,,,0.0,,,2015,2014-15,Napa,napa,jakepierceg320,Jake Pierce
Feb 12,home,San Francisco,W,4-3,4,3,1,win,20150212_6oi9,0,0,0,0,0.0,,,,0.0,,,2015,2014-15,Napa,napa,jakepierceg320,Jake Pierce
Feb 13,home,San Francisco,W,10-4,10,4,6,win,20150213_xbtf,0,0,0,0,0.0,,,,0.0,,,2015,2014-15,Napa,napa,jakepierceg320,Jake Pierce
Feb 26,home,Contra Costa,L,8-2,8,2,6,win,20150226_esp7,0,0,0,0,0.0,,,,0.0,,,2015,2014-15,Napa,napa,jakepierceg320,Jake Pierce
Feb 28,home,Laney,W,10-9,10,9,1,win,20150228_yhrx,0,0,0,0,0.0,,,,0.0,,,2015,2014-15,Napa,napa,jakepierceg320,Jake Pierce
Mar 14,home,Los Medanos,W,7-6,7,6,1,win,20150314_jcqz,0,0,0,0,0.0,,,,0.0,,,2015,2014-15,Napa,napa,jakepierceg320,Jake Pierce
Apr 3,home,Yuba,L,17-7,17,7,10,win,20150403_gco0,0,0,0,0,0.0,,,,0.0,,,2015,2014-15,Napa,napa,jakepierceg320,Jake Pierce
Apr 7,home,Contra Costa,W,16-3,16,3,13,win,20150407_zlf5,0,0,0,0,0.0,,,,0.0,,,2015,2014-15,Napa,napa,jakepierceg320,Jake Pierce
Apr 9,home,Laney,L,5-2,5,2,3,win,20150409_jd3n,0,0,0,0,0.0,,,,0.0,,,2015,2014-15,Napa,napa,jakepierceg320,Jake Pierce
Jan 27,home,Southwestern,L,3-1,3,1,2,win,20150127_ypu5,0,0,0,0,0.0,,,,0.0,,,2015,2014-15,Barstow,barstow,kylesilvae64d,Kyle Silva
Jan 31,home,Feather River,L,4-1,4,1,3,win,20150131_87b6,0,0,0,0,0.0,,,,0.0,,,2015,2014-15,Barstow,barstow,kylesilvae64d,Kyle Silva
Jan 31,home,Taft,W,7-3,7,3,4,win,20150131_l2tm,0,0,0,0,0.0,,,,0.0,,,2015,2014-15,Barstow,barstow,kylesilvae64d,Kyle Silva
Feb 3,home,Porterville,L,12-2,12,2,10,win,20150203_m27j,0,0,0,0,0.0,,,,0.0,,,2015,2014-15,Barstow,barstow,kylesilvae64d,Kyle Silva
Feb 5,home,Antelope Valley,W,4-2,4,2,2,win,20150205_9z8j,0,0,0,0,0.0,,,,0.0,,,2015,2014-15,Barstow,barstow,kylesilvae64d,Kyle Silva
Feb 7,home,El Camino-Compton Center,L,5-0,5,0,5,win,20150207_fvkv,0,0,0,0,0.0,,,,0.0,,,2015,2014-15,Barstow,barstow,kylesilvae64d,Kyle Silva
Feb 9,home,Porterville,L,9-6,9,6,3,win,20150209_4zyw,0,0,0,0,0.0,,,,0.0,,,2015,2014-15,Barstow,barstow,kylesilvae64d,Kyle Silva
Feb 10,home,Antelope Valley,L,10-6,10,6,4,win,20150210_9rvr,0,0,0,0,0.0,,,,0.0,,,2015,2014-15,Barstow,barstow,kylesilvae64d,Kyle Silva
Feb 12,home,Imperial Valley,W,2-0,2,0,2,win,20150212_q87k,0,0,0,0,0.0,,,,0.0,,,2015,2014-15,Barstow,barstow,kylesilvae64d,Kyle Silva
Feb 14,home,Imperial Valley,L,4-2,4,2,2,win,20150214_trua,0,0,0,0,0.0,,,,0.0,,,2015,2014-15,Barstow,barstow,kylesilvae64d,Kyle Silva
Feb 17,home,El Camino,L,6-0,6,0,6,win,20150217_c9ep,0,0,0,0,0.0,,,,0.0,,,2015,2014-15,Barstow,barstow,kylesilvae64d,Kyle Silva
Feb 19,home,Long Beach,W,10-7,10,7,3,win,20150219_9bzk,0,0,0,0,0.0,,,,0.0,,,2015,2014-15,Barstow,barstow,kylesilvae64d,Kyle Silva
Feb 21,home,San Bernardino,W,9-3,9,3,6,win,20150221_xemq,0,0,0,0,0.0,,,,0.0,,,2015,2014-15,Barstow,barstow,kylesilvae64d,Kyle Silva
Feb 24,home,Desert,W,5-4,5,4,1,win,20150224_rxw2,0,0,0,0,0.0,,,,0.0,,,2015,2014-15,Barstow,barstow,kylesilvae64d,Kyle Silva
Feb 26,home,Cerro Coso,W,9-7,9,7,2,win,20150226_46k2,0,0,0,0,0.0,,,,0.0,,,2015,2014-15,Barstow,barstow,kylesilvae64d,Kyle Silva
Feb 28,home,Rio Hondo,W,9-8,9,8,1,win,20150228_6ifb,0,0,0,0,0.0,,,,0.0,,,2015,2014-15,Barstow,barstow,kylesilvae64d,Kyle Silva
Mar 3,home,Victor Valley,L,6-4,6,4,2,win,20150303_20g3,0,0,0,0,0.0,,,,0.0,,,2015,2014-15,Barstow,barstow,kylesilvae64d,Kyle Silva
Mar 7,home,Chaffey,W,6-4,6,4,2,win,20150307_vnjn,0,0,0,0,0.0,,,,0.0,,,2015,2014-15,Barstow,barstow,kylesilvae64d,Kyle Silva
Mar 10,home,San Bernardino,L,11-7,11,7,4,win,20150310_0v7c,0,0,0,0,0.0,,,,0.0,,,2015,2014-15,Barstow,barstow,kylesilvae64d,Kyle Silva
Mar 12,home,San Bernardino,L,7-0,7,0,7,win,20150312_dgmd,0,0,0,0,0.0,,,,0.0,,,2015,2014-15,Barstow,barstow,kylesilvae64d,Kyle Silva
Mar 14,home,San Bernardino,L,8-2,8,2,6,win,20150314_3sjw,0,0,0,0,0.0,,,,0.0,,,2015,2014-15,Barstow,barstow,kylesilvae64d,Kyle Silva
Mar 17,home,Desert,W,8-7,8,7,1,win,20150317_37m7,0,0,0,0,0.0,,,,0.0,,,2015,2014-15,Barstow,barstow,kylesilvae64d,Kyle Silva
Mar 19,home,Desert,L,5-2,5,2,3,win,20150319_g897,0,0,0,0,0.0,,,,0.0,,,2015,2014-15,Barstow,barstow,kylesilvae64d,Kyle Silva
Mar 21,home,Desert,L,6-2,6,2,4,win,20150321_qvv1,0,0,0,0,0.0,,,,0.0,,,2015,2014-15,Barstow,barstow,kylesilvae64d,Kyle Silva
Mar 24,home,Cerro Coso,W,11-2,11,2,9,win,20150324_f1mp,0,0,0,0,0.0,,,,0.0,,,2015,2014-15,Barstow,barstow,kylesilvae64d,Kyle Silva
Mar 26,home,Cerro Coso,W,7-2,7,2,5,win,20150326_cd08,0,0,0,0,0.0,,,,0.0,,,2015,2014-15,Barstow,barstow,kylesilvae64d,Kyle Silva
Mar 28,home,Cerro Coso,W,17-2,17,2,15,win,20150328_n0z1,0,0,0,0,0.0,,,,0.0,,,2015,2014-15,Barstow,barstow,kylesilvae64d,Kyle Silva
Mar 31,home,Rio Hondo,L,6-0,6,0,6,win,20150331_wvgg,0,0,0,0,0.0,,,,0.0,,,2015,2014-15,Barstow,barstow,kylesilvae64d,Kyle Silva
Apr 2,home,Rio Hondo,L,7-3,7,3,4,win,20150402_q4aa,0,0,0,0,0.0,,,,0.0,,,2015,2014-15,Barstow,barstow,kylesilvae64d,Kyle Silva
Apr 4,home,Rio Hondo,L,12-3,12,3,9,win,20150404_9imy,0,0,0,0,0.0,,,,0.0,,,2015,2014-15,Barstow,barstow,kylesilvae64d,Kyle Silva
Apr 7,home,Victor Valley,L,6-4,6,4,2,win,20150407_ldom,0,0,0,0,0.0,,,,0.0,,,2015,2014-15,Barstow,barstow,kylesilvae64d,Kyle Silva
Apr 9,home,Victor Valley,L,8-7,8,7,1,win,20150409_xpuk,0,0,0,0,0.0,,,,0.0,,,2015,2014-15,Barstow,barstow,kylesilvae64d,Kyle Silva
Apr 11,home,Victor Valley,L,4-2,4,2,2,win,20150411_hutf,0,0,0,0,0.0,,,,0.0,,,2015,2014-15,Barstow,barstow,kylesilvae64d,Kyle Silva
Apr 21,home,Chaffey,L,5-1,5,1,4,win,20150421_yj77,0,0,0,0,0.0,,,,0.0,,,2015,2014-15,Barstow,barstow,kylesilvae64d,Kyle Silva
Apr 23,home,Chaffey,W,7-4,7,4,3,win,20150423_h2cb,0,0,0,0,0.0,,,,0.0,,,2015,2014-15,Barstow,barstow,kylesilvae64d,Kyle Silva
Apr 24,home,Chaffey,L,11-3,11,3,8,win,20150424_e4m8,0,0,0,0,0.0,,,,0.0,,,2015,2014-15,Barstow,barstow,kylesilvae64d,Kyle Silva
Jan 29,home,Riverside,L,6-1,6,1,5,win,20150129_gc0p,0,0,0,0,0.0,,,,0.0,,,2015,2014-15,Cuesta,cuesta,joshsidleylcuq,Josh Sidley
Jan 30,home,Riverside,L,4-2,4,2,2,win,20150130_ll7m,0,0,0,0,0.0,,,,0.0,,,2015,2014-15,Cuesta,cuesta,joshsidleylcuq,Josh Sidley
Jan 31,home,Riverside,L,4-3,4,3,1,win,20150131_35pp,0,0,0,0,0.0,,,,0.0,,,2015,2014-15,Cuesta,cuesta,joshsidleylcuq,Josh Sidley
Feb 5,home,Orange Coast,L,9-1,9,1,8,win,20150205_c9df,0,0,0,0,0.0,,,,0.0,,,2015,2014-15,Cuesta,cuesta,joshsidleylcuq,Josh Sidley
Feb 6,home,Orange Coast,L,14-8,14,8,6,win,20150206_m0a8,0,0,0,0,0.0,,,,0.0,,,2015,2014-15,Cuesta,cuesta,joshsidleylcuq,Josh Sidley
Feb 14,home,Saddleback,L,11-2,11,2,9,win,20150214_5e0x,0,0,0,0,0.0,,,,0.0,,,2015,2014-15,Cuesta,cuesta,joshsidleylcuq,Josh Sidley
Feb 19,home,Allan Hancock,W,7-1,7,1,6,win,20150219_51st,0,0,0,0,0.0,,,,0.0,,,2015,2014-15,Cuesta,cuesta,joshsidleylcuq,Josh Sidley
Feb 21,home,Allan Hancock,L,9-5,9,5,4,win,20150221_e557,0,0,0,0,0.0,,,,0.0,,,2015,2014-15,Cuesta,cuesta,joshsidleylcuq,Josh Sidley
Feb 24,home,Santa Barbara,L,4-0,4,0,4,win,20150224_j8wj,0,0,0,0,0.0,,,,0.0,,,2015,2014-15,Cuesta,cuesta,joshsidleylcuq,Josh Sidley
Feb 26,home,Santa Barbara,W,3-0,3,0,3,win,20150226_jkhk,0,0,0,0,0.0,,,,0.0,,,2015,2014-15,Cuesta,cuesta,joshsidleylcuq,Josh Sidley
Feb 28,home,Moorpark,W,11-2,11,2,9,win,20150228_1dl8,0,0,0,0,0.0,,,,0.0,,,2015,2014-15,Cuesta,cuesta,joshsidleylcuq,Josh Sidley
Mar 3,home,Moorpark,W,4-1,4,1,3,win,20150303_1yv2,0,0,0,0,0.0,,,,0.0,,,2015,2014-15,Cuesta,cuesta,joshsidleylcuq,Josh Sidley
Mar 5,home,Ventura,W,3-0,3,0,3,win,20150305_mm1e,0,0,0,0,0.0,,,,0.0,,,2015,2014-15,Cuesta,cuesta,joshsidleylcuq,Josh Sidley
Mar 7,home,Ventura,W,5-4,5,4,1,win,20150307_ov37,0,0,0,0,0.0,,,,0.0,,,2015,2014-15,Cuesta,cuesta,joshsidleylcuq,Josh Sidley
Mar 10,home,Oxnard,L,2-1,2,1,1,win,20150310_tqv2,0,0,0,0,0.0,,,,0.0,,,2015,2014-15,Cuesta,cuesta,joshsidleylcuq,Josh Sidley
Mar 12,home,Oxnard,W,4-0,4,0,4,win,20150312_0jpv,0,0,0,0,0.0,,,,0.0,,,2015,2014-15,Cuesta,cuesta,joshsidleylcuq,Josh Sidley
Mar 14,home,LA Pierce,L,7-5,7,5,2,win,20150314_bl32,0,0,0,0,0.0,,,,0.0,,,2015,2014-15,Cuesta,cuesta,joshsidleylcuq,Josh Sidley
Mar 17,home,LA Pierce,W,9-2,9,2,7,win,20150317_eao5,0,0,0,0,0.0,,,,0.0,,,2015,2014-15,Cuesta,cuesta,joshsidleylcuq,Josh Sidley
Mar 19,home,Rio Hondo,W,5-2,5,2,3,win,20150319_3xvf,0,0,0,0,0.0,,,,0.0,,,2015,2014-15,Cuesta,cuesta,joshsidleylcuq,Josh Sidley
Mar 24,home,Allan Hancock,L,5-2,5,2,3,win,20150324_ylti,0,0,0,0,0.0,,,,0.0,,,2015,2014-15,Cuesta,cuesta,joshsidleylcuq,Josh Sidley
Mar 26,home,Allan Hancock,W,4-2,4,2,2,win,20150326_zhgm,0,0,0,0,0.0,,,,0.0,,,2015,2014-15,Cuesta,cuesta,joshsidleylcuq,Josh Sidley
Mar 27,home,Santa Barbara,L,10-1,10,1,9,win,20150327_byno,0,0,0,0,0.0,,,,0.0,,,2015,2014-15,Cuesta,cuesta,joshsidleylcuq,Josh Sidley
Mar 31,home,Cypress,W,2-1,2,1,1,win,20150331_1ugz,0,0,0,0,0.0,,,,0.0,,,2015,2014-15,Cuesta,cuesta,joshsidleylcuq,Josh Sidley
Apr 2,home,Fresno City,W,8-1,8,1,7,win,20150402_12kj,0,0,0,0,0.0,,,,0.0,,,2015,2014-15,Cuesta,cuesta,joshsidleylcuq,Josh Sidley
Apr 9,home,Moorpark,L,9-5,9,5,4,win,20150409_mvp5,0,0,0,0,0.0,,,,0.0,,,2015,2014-15,Cuesta,cuesta,joshsidleylcuq,Josh Sidley
Apr 16,home,Ventura,W,5-4,5,4,1,win,20150416_1yll,0,0,0,0,0.0,,,,0.0,,,2015,2014-15,Cuesta,cuesta,joshsidleylcuq,Josh Sidley
Apr 18,home,Oxnard,L,5-4,5,4,1,win,20150418_x1ay,0,0,0,0,0.0,,,,0.0,,,2015,2014-15,Cuesta,cuesta,joshsidleylcuq,Josh Sidley
Apr 21,home,Oxnard,W,4-2,4,2,2,win,20150421_agpz,0,0,0,0,0.0,,,,0.0,,,2015,2014-15,Cuesta,cuesta,joshsidleylcuq,Josh Sidley
Apr 23,home,LA Pierce,W,6-5,6,5,1,win,20150423_6uys,0,0,0,0,0.0,,,,0.0,,,2015,2014-15,Cuesta,cuesta,joshsidleylcuq,Josh Sidley
Apr 24,home,LA Pierce,L,6-5,6,5,1,win,20150424_zkiu,0,0,0,0,0.0,,,,0.0,,,2015,2014-15,Cuesta,cuesta,joshsidleylcuq,Josh Sidley
May 1,home,Golden West,W,8-0,8,0,8,win,20150501_i0bn,0,0,0,0,0.0,,,,0.0,,,2015,2014-15,Cuesta,cuesta,joshsidleylcuq,Josh Sidley
May 2,home,Golden West,L,13-8,13,8,5,win,20150502_85s5,0,0,0,0,0.0,,,,0.0,,,2015,2014-15,Cuesta,cuesta,joshsidleylcuq,Josh Sidley
Jan 31,home,Skyline,L,6-5,6,5,1,win,20150131_7itl,0,0,0,0,0.0,,,,0.0,,,2015,2014-15,Cosumnes River,cosumnesriver,austinfriello04r3,Austin Friello
Feb 19,home,Sequoias,W,4-3,4,3,1,win,20150219_pbht,0,0,0,0,0.0,,,,0.0,,,2015,2014-15,Cosumnes River,cosumnesriver,austinfriello04r3,Austin Friello
Feb 20,home,Sequoias,L,4-2,4,2,2,win,20150220_mx1e,0,0,0,0,0.0,,,,0.0,,,2015,2014-15,Cosumnes River,cosumnesriver,austinfriello04r3,Austin Friello
Feb 24,home,Shasta,W,20-13,20,13,7,win,20150224_yrwb,0,0,0,0,0.0,,,,0.0,,,2015,2014-15,Cosumnes River,cosumnesriver,austinfriello04r3,Austin Friello
Feb 27,home,Canyons,W,9-6,9,6,3,win,20150227_qrhk,0,0,0,0,0.0,,,,0.0,,,2015,2014-15,Cosumnes River,cosumnesriver,austinfriello04r3,Austin Friello
Mar 3,home,Santa Rosa,W,5-4,5,4,1,win,20150303_mecu,0,0,0,0,0.0,,,,0.0,,,2015,2014-15,Cosumnes River,cosumnesriver,austinfriello04r3,Austin Friello
Mar 5,home,American River,W,8-2,8,2,6,win,20150305_ud0a,0,0,0,0,0.0,,,,0.0,,,2015,2014-15,Cosumnes River,cosumnesriver,austinfriello04r3,Austin Friello
Mar 7,home,San Joaquin  Delta,L,5-0,5,0,5,win,20150307_78iu,0,0,0,0,0.0,,,,0.0,,,2015,2014-15,Cosumnes River,cosumnesriver,austinfriello04r3,Austin Friello
Mar 10,home,Sierra,W,8-5,8,5,3,win,20150310_q844,0,0,0,0,0.0,,,,0.0,,,2015,2014-15,Cosumnes River,cosumnesriver,austinfriello04r3,Austin Friello
Mar 12,home,Sierra,W,7-1,7,1,6,win,20150312_1qp3,0,0,0,0,0.0,,,,0.0,,,2015,2014-15,Cosumnes River,cosumnesriver,austinfriello04r3,Austin Friello
Mar 17,home,Modesto,L,9-8,9,8,1,win,20150317_zhe3,0,0,0,0,0.0,,,,0.0,,,2015,2014-15,Cosumnes River,cosumnesriver,austinfriello04r3,Austin Friello
Mar 19,home,Modesto,L,3-2,3,2,1,win,20150319_3q8b,0,0,0,0,0.0,,,,0.0,,,2015,2014-15,Cosumnes River,cosumnesriver,austinfriello04r3,Austin Friello
Mar 21,home,Modesto,L,7-2,7,2,5,win,20150321_4tph,0,0,0,0,0.0,,,,0.0,,,2015,2014-15,Cosumnes River,cosumnesriver,austinfriello04r3,Austin Friello
Mar 24,home,American River,W,10-4,10,4,6,win,20150324_eunl,0,0,0,0,0.0,,,,0.0,,,2015,2014-15,Cosumnes River,cosumnesriver,austinfriello04r3,Austin Friello
Mar 26,home,American River,W,10-3,10,3,7,win,20150326_faul,0,0,0,0,0.0,,,,0.0,,,2015,2014-15,Cosumnes River,cosumnesriver,austinfriello04r3,Austin Friello
Mar 28,home,American River,W,3-2,3,2,1,win,20150328_zf98,0,0,0,0,0.0,,,,0.0,,,2015,2014-15,Cosumnes River,cosumnesriver,austinfriello04r3,Austin Friello
Mar 31,home,Santa Rosa,L,10-5,10,5,5,win,20150331_byci,0,0,0,0,0.0,,,,0.0,,,2015,2014-15,Cosumnes River,cosumnesriver,austinfriello04r3,Austin Friello
Apr 2,home,Santa Rosa,W,5-4,5,4,1,win,20150402_ss1v,0,0,0,0,0.0,,,,0.0,,,2015,2014-15,Cosumnes River,cosumnesriver,austinfriello04r3,Austin Friello
Apr 8,home,Diablo Valley,W,2-0,2,0,2,win,20150408_5nxc,0,0,0,0,0.0,,,,0.0,,,2015,2014-15,Cosumnes River,cosumnesriver,austinfriello04r3,Austin Friello
Apr 9,home,Diablo Valley,L,6-5,6,5,1,win,20150409_om2c,0,0,0,0,0.0,,,,0.0,,,2015,2014-15,Cosumnes River,cosumnesriver,austinfriello04r3,Austin Friello
Apr 14,home,Sacramento City,W,12-8,12,8,4,win,20150414_w65g,0,0,0,0,0.0,,,,0.0,,,2015,2014-15,Cosumnes River,cosumnesriver,austinfriello04r3,Austin Friello
Apr 16,home,Sacramento City,W,9-4,9,4,5,win,20150416_cs65,0,0,0,0,0.0,,,,0.0,,,2015,2014-15,Cosumnes River,cosumnesriver,austinfriello04r3,Austin Friello
Apr 17,home,Sacramento City,W,8-7,8,7,1,win,20150417_r2jt,0,0,0,0,0.0,,,,0.0,,,2015,2014-15,Cosumnes River,cosumnesriver,austinfriello04r3,Austin Friello
Apr 21,home,San Joaquin  Delta,W,8-1,8,1,7,win,20150421_km5k,0,0,0,0,0.0,,,,0.0,,,2015,2014-15,Cosumnes River,cosumnesriver,austinfriello04r3,Austin Friello
Apr 24,home,San Joaquin  Delta,L,3-1,3,1,2,win,20150424_4qrw,0,0,0,0,0.0,,,,0.0,,,2015,2014-15,Cosumnes River,cosumnesriver,austinfriello04r3,Austin Friello
May 1,home,Gavilan,W,6-2,6,2,4,win,20150501_l21p,0,0,0,0,0.0,,,,0.0,,,2015,2014-15,Cosumnes River,cosumnesriver,austinfriello04r3,Austin Friello
May 2,home,Gavilan,W,4-2,4,2,2,win,20150502_8j9n,0,0,0,0,0.0,,,,0.0,,,2015,2014-15,Cosumnes River,cosumnesriver,austinfriello04r3,Austin Friello
May 8,home,Feather River,W,9-3,9,3,6,win,20150508_mjt3,0,0,0,0,0.0,,,,0.0,,,2015,2014-15,Cosumnes River,cosumnesriver,austinfriello04r3,Austin Friello
May 10,home,Feather River,L,3-2,3,2,1,win,20150510_z2mm,0,0,0,0,0.0,,,,0.0,,,2015,2014-15,Cosumnes River,cosumnesriver,austinfriello04r3,Austin Friello
Jan 27,home,Los Medanos,W,3-2,3,2,1,win,20150127_shm7,0,0,0,0,0.0,,,,0.0,,,2015,2014-15,Cabrillo,cabrillo,zanegreenbergs7tu,Zane Greenberg
Jan 29,home,Diablo Valley,W,8-4,8,4,4,win,20150129_ttjc,0,0,0,0,0.0,,,,0.0,,,2015,2014-15,Cabrillo,cabrillo,zanegreenbergs7tu,Zane Greenberg
Feb 3,home,Marin,W,2-1,2,1,1,win,20150203_ad4u,0,0,0,0,0.0,,,,0.0,,,2015,2014-15,Cabrillo,cabrillo,zanegreenbergs7tu,Zane Greenberg
Feb 5,home,Laney,W,7-3,7,3,4,win,20150205_cqna,0,0,0,0,0.0,,,,0.0,,,2015,2014-15,Cabrillo,cabrillo,zanegreenbergs7tu,Zane Greenberg
Feb 9,home,Feather River,L,11-10,11,10,1,win,20150209_o3s5,0,0,0,0,0.0,,,,0.0,,,2015,2014-15,Cabrillo,cabrillo,zanegreenbergs7tu,Zane Greenberg
Feb 12,home,West Valley,L,6-5,6,5,1,win,20150212_zyik,0,0,0,0,0.0,,,,0.0,,,2015,2014-15,Cabrillo,cabrillo,zanegreenbergs7tu,Zane Greenberg
Feb 13,home,Yuba,W,10-7,10,7,3,win,20150213_g3ph,0,0,0,0,0.0,,,,0.0,,,2015,2014-15,Cabrillo,cabrillo,zanegreenbergs7tu,Zane Greenberg
Feb 14,home,Feather River,W,7-6,7,6,1,win,20150214_55y7,0,0,0,0,0.0,,,,0.0,,,2015,2014-15,Cabrillo,cabrillo,zanegreenbergs7tu,Zane Greenberg
Feb 18,home,De Anza,L,7-5,7,5,2,win,20150218_bvdz,0,0,0,0,0.0,,,,0.0,,,2015,2014-15,Cabrillo,cabrillo,zanegreenbergs7tu,Zane Greenberg
Feb 19,home,San Joaquin  Delta,L,4-3,4,3,1,win,20150219_tuxo,0,0,0,0,0.0,,,,0.0,,,2015,2014-15,Cabrillo,cabrillo,zanegreenbergs7tu,Zane Greenberg
Feb 21,home,San Joaquin  Delta,L,14-1,14,1,13,win,20150221_v8kd,0,0,0,0,0.0,,,,0.0,,,2015,2014-15,Cabrillo,cabrillo,zanegreenbergs7tu,Zane Greenberg
Feb 24,home,Canada,W,3-2,3,2,1,win,20150224_yj32,0,0,0,0,0.0,,,,0.0,,,2015,2014-15,Cabrillo,cabrillo,zanegreenbergs7tu,Zane Greenberg
Feb 26,home,Ohlone,W,9-0,9,0,9,win,20150226_f8v1,0,0,0,0,0.0,,,,0.0,,,2015,2014-15,Cabrillo,cabrillo,zanegreenbergs7tu,Zane Greenberg
Feb 28,home,Sacramento City,W,7-5,7,5,2,win,20150228_nla2,0,0,0,0,0.0,,,,0.0,,,2015,2014-15,Cabrillo,cabrillo,zanegreenbergs7tu,Zane Greenberg
Mar 3,home,Hartnell,L,7-6,7,6,1,win,20150303_u9pc,0,0,0,0,0.0,,,,0.0,,,2015,2014-15,Cabrillo,cabrillo,zanegreenbergs7tu,Zane Greenberg
Mar 5,home,Chabot,W,3-0,3,0,3,win,20150305_j3bm,0,0,0,0,0.0,,,,0.0,,,2015,2014-15,Cabrillo,cabrillo,zanegreenbergs7tu,Zane Greenberg
Mar 7,home,Monterey,L,2-1,2,1,1,win,20150307_utfl,0,0,0,0,0.0,,,,0.0,,,2015,2014-15,Cabrillo,cabrillo,zanegreenbergs7tu,Zane Greenberg
Mar 10,home,San Mateo,W,5-0,5,0,5,win,20150310_h9bl,0,0,0,0,0.0,,,,0.0,,,2015,2014-15,Cabrillo,cabrillo,zanegreenbergs7tu,Zane Greenberg
Mar 12,home,Skyline,W,3-0,3,0,3,win,20150312_mgnd,0,0,0,0,0.0,,,,0.0,,,2015,2014-15,Cabrillo,cabrillo,zanegreenbergs7tu,Zane Greenberg
Mar 14,home,Gavilan,L,3-2,3,2,1,win,20150314_0j56,0,0,0,0,0.0,,,,0.0,,,2015,2014-15,Cabrillo,cabrillo,zanegreenbergs7tu,Zane Greenberg
Mar 17,home,De Anza,W,4-2,4,2,2,win,20150317_iyaq,0,0,0,0,0.0,,,,0.0,,,2015,2014-15,Cabrillo,cabrillo,zanegreenbergs7tu,Zane Greenberg
Apr 2,home,Canada,L,4-2,4,2,2,win,20150402_nd53,0,0,0,0,0.0,,,,0.0,,,2015,2014-15,Cabrillo,cabrillo,zanegreenbergs7tu,Zane Greenberg
Apr 4,home,Hartnell,L,3-2,3,2,1,win,20150404_6fph,0,0,0,0,0.0,,,,0.0,,,2015,2014-15,Cabrillo,cabrillo,zanegreenbergs7tu,Zane Greenberg
Apr 9,home,Monterey,W,9-0,9,0,9,win,20150409_cxtz,0,0,0,0,0.0,,,,0.0,,,2015,2014-15,Cabrillo,cabrillo,zanegreenbergs7tu,Zane Greenberg
Apr 11,home,Canada,L,6-3,6,3,3,win,20150411_nc9h,0,0,0,0,0.0,,,,0.0,,,2015,2014-15,Cabrillo,cabrillo,zanegreenbergs7tu,Zane Greenberg
Apr 14,home,Hartnell,W,6-4,6,4,2,win,20150414_i3h0,0,0,0,0,0.0,,,,0.0,,,2015,2014-15,Cabrillo,cabrillo,zanegreenbergs7tu,Zane Greenberg
Apr 16,home,Skyline,W,4-3,4,3,1,win,20150416_gbtc,0,0,0,0,0.0,,,,0.0,,,2015,2014-15,Cabrillo,cabrillo,zanegreenbergs7tu,Zane Greenberg
Apr 18,home,Ohlone,W,6-4,6,4,2,win,20150418_1kj4,0,0,0,0,0.0,,,,0.0,,,2015,2014-15,Cabrillo,cabrillo,zanegreenbergs7tu,Zane Greenberg
Apr 21,home,Gavilan,W,3-0,3,0,3,win,20150421_4499,0,0,0,0,0.0,,,,0.0,,,2015,2014-15,Cabrillo,cabrillo,zanegreenbergs7tu,Zane Greenberg
Apr 23,home,West Valley,W,15-10,15,10,5,win,20150423_uvbt,0,0,0,0,0.0,,,,0.0,,,2015,2014-15,Cabrillo,cabrillo,zanegreenbergs7tu,Zane Greenberg
May 1,home,Marin,W,5-1,5,1,4,win,20150501_wfe6,0,0,0,0,0.0,,,,0.0,,,2015,2014-15,Cabrillo,cabrillo,zanegreenbergs7tu,Zane Greenberg
May 2,home,Marin,L,6-3,6,3,3,win,20150502_uu0o,0,0,0,0,0.0,,,,0.0,,,2015,2014-15,Cabrillo,cabrillo,zanegreenbergs7tu,Zane Greenberg
May 2,home,Marin,W,4-2,4,2,2,win,20150502_88b4,0,0,0,0,0.0,,,,0.0,,,2015,2014-15,Cabrillo,cabrillo,zanegreenbergs7tu,Zane Greenberg
May 8,home,San Joaquin  Delta,L,11-0,11,0,11,win,20150508_1q9i,0,0,0,0,0.0,,,,0.0,,,2015,2014-15,Cabrillo,cabrillo,zanegreenbergs7tu,Zane Greenberg
May 9,home,San Joaquin  Delta,L,8-2,8,2,6,win,20150509_7yq3,0,0,0,0,0.0,,,,0.0,,,2015,2014-15,Cabrillo,cabrillo,zanegreenbergs7tu,Zane Greenberg
Jan 29,home,San Diego Mesa,L,8-1,8,1,7,win,20150129_2v4m,0,0,0,0,0.0,,,,0.0,,,2015,2014-15,Ventura,ventura,blakediaz7bbg,Blake Diaz
Jan 31,home,Cypress,L,11-4,11,4,7,win,20150131_q00k,0,0,0,0,0.0,,,,0.0,,,2015,2014-15,Ventura,ventura,blakediaz7bbg,Blake Diaz
Mar 12,home,Santa Barbara,L,12-1,12,1,11,win,20150312_p7ux,0,0,0,0,0.0,,,,0.0,,,2015,2014-15,Ventura,ventura,blakediaz7bbg,Blake Diaz
Apr 21,home,Santa Barbara,L,5-4,5,4,1,win,20150421_uwfd,0,0,0,0,0.0,,,,0.0,,,2015,2014-15,Ventura,ventura,blakediaz7bbg,Blake Diaz
Apr 23,home,Oxnard,L,8-2,8,2,6,win,20150423_wvo8,0,0,0,0,0.0,,,,0.0,,,2015,2014-15,Ventura,ventura,blakediaz7bbg,Blake Diaz
Jan 31,home,Marin,L,15-3,15,3,12,win,20150131_76kx,0,0,0,0,0.0,,,,0.0,,,2015,2014-15,Hartnell,hartnell,josecortezrlu0,Jose Cortez
Feb 6,home,Bakersfield,L,11-7,11,7,4,win,20150206_uhin,0,0,0,0,0.0,,,,0.0,,,2015,2014-15,Hartnell,hartnell,josecortezrlu0,Jose Cortez
Feb 7,home,Golden West,L,3-1,3,1,2,win,20150207_f1r5,0,0,0,0,0.0,,,,0.0,,,2015,2014-15,Hartnell,hartnell,josecortezrlu0,Jose Cortez
Feb 13,home,American River,W,10-6,10,6,4,win,20150213_1e5c,0,0,0,0,0.0,,,,0.0,,,2015,2014-15,Hartnell,hartnell,josecortezrlu0,Jose Cortez
Feb 14,home,American River,W,12-1,12,1,11,win,20150214_v1lx,0,0,0,0,0.0,,,,0.0,,,2015,2014-15,Hartnell,hartnell,josecortezrlu0,Jose Cortez
Feb 17,home,Solano,L,12-9,12,9,3,win,20150217_p2g5,0,0,0,0,0.0,,,,0.0,,,2015,2014-15,Hartnell,hartnell,josecortezrlu0,Jose Cortez
Feb 24,home,Monterey,L,9-4,9,4,5,win,20150224_sgrm,0,0,0,0,0.0,,,,0.0,,,2015,2014-15,Hartnell,hartnell,josecortezrlu0,Jose Cortez
Feb 26,home,Skyline,L,10-3,10,3,7,win,20150226_8y77,0,0,0,0,0.0,,,,0.0,,,2015,2014-15,Hartnell,hartnell,josecortezrlu0,Jose Cortez
Mar 3,home,Cabrillo,W,7-6,7,6,1,win,20150303_u9pc,0,0,0,0,0.0,,,,0.0,,,2015,2014-15,Hartnell,hartnell,josecortezrlu0,Jose Cortez
Mar 5,home,Ohlone,L,17-4,17,4,13,win,20150305_9m5o,0,0,0,0,0.0,,,,0.0,,,2015,2014-15,Hartnell,hartnell,josecortezrlu0,Jose Cortez
Mar 7,home,Canada,L,9-1,9,1,8,win,20150307_203t,0,0,0,0,0.0,,,,0.0,,,2015,2014-15,Hartnell,hartnell,josecortezrlu0,Jose Cortez
Mar 14,home,West Valley,L,7-1,7,1,6,win,20150314_bbq4,0,0,0,0,0.0,0.0,0.0,0.0,0.0,0.0,0.0,2015,2014-15,Hartnell,hartnell,josecortezrlu0,Jose Cortez
Jan 27,home,San Bernardino,W,10-7,10,7,3,win,20150127_wati,0,0,0,0,0.0,,,,0.0,,,2015,2014-15,LA Mission,lamission,paytonlongxk38,Payton Long
Feb 13,home,Santa Ana,L,9-4,9,4,5,win,20150213_959c,0,0,0,0,0.0,,,,0.0,,,2015,2014-15,LA Mission,lamission,paytonlongxk38,Payton Long
Feb 21,home,Fullerton,L,10-4,10,4,6,win,20150221_iy3r,0,0,0,0,0.0,,,,0.0,,,2015,2014-15,LA Mission,lamission,paytonlongxk38,Payton Long
Feb 25,home,Pasadena,W,7-0,7,0,7,win,20150225_z2gz,0,0,0,0,0.0,,,,0.0,,,2015,2014-15,LA Mission,lamission,paytonlongxk38,Payton Long
Feb 26,home,El Camino,L,4-1,4,1,3,win,20150226_txa7,0,0,0,0,0.0,,,,0.0,,,2015,2014-15,LA Mission,lamission,paytonlongxk38,Payton Long
Mar 5,home,Bakersfield,W,6-2,6,2,4,win,20150305_bt7e,0,0,0,0,0.0,,,,0.0,,,2015,2014-15,LA Mission,lamission,paytonlongxk38,Payton Long
Mar 10,home,Glendale,L,7-4,7,4,3,win,20150310_4h22,0,0,0,0,0.0,,,,0.0,,,2015,2014-15,LA Mission,lamission,paytonlongxk38,Payton Long
Mar 12,home,Canyons,L,3-2,3,2,1,win,20150312_8drc,0,0,0,0,0.0,,,,0.0,,,2015,2014-15,LA Mission,lamission,paytonlongxk38,Payton Long
Mar 21,home,LA Valley,L,11-4,11,4,7,win,20150321_883o,0,0,0,0,0.0,,,,0.0,,,2015,2014-15,LA Mission,lamission,paytonlongxk38,Payton Long
Mar 24,home,Bakersfield,L,17-8,17,8,9,win,20150324_y48k,0,0,0,0,0.0,,,,0.0,,,2015,2014-15,LA Mission,lamission,paytonlongxk38,Payton Long
Mar 26,home,Bakersfield,W,7-2,7,2,5,win,20150326_aogt,0,0,0,0,0.0,,,,0.0,,,2015,2014-15,LA Mission,lamission,paytonlongxk38,Payton Long
Mar 27,home,West LA,W,9-1,9,1,8,win,20150327_ksuc,0,0,0,0,0.0,,,,0.0,,,2015,2014-15,LA Mission,lamission,paytonlongxk38,Payton Long
Mar 31,home,LA Pierce,L,12-4,12,4,8,win,20150331_3big,0,0,0,0,0.0,,,,0.0,,,2015,2014-15,LA Mission,lamission,paytonlongxk38,Payton Long
Apr 1,home,LA Harbor,W,7-4,7,4,3,win,20150401_3n4f,0,0,0,0,0.0,,,,0.0,,,2015,2014-15,LA Mission,lamission,paytonlongxk38,Payton Long
Apr 2,home,El Camino-Compton Center,W,3-2,3,2,1,win,20150402_i759,0,0,0,0,0.0,,,,0.0,,,2015,2014-15,LA Mission,lamission,paytonlongxk38,Payton Long
Apr 11,home,Glendale,W,21-7,21,7,14,win,20150411_w9gu,0,0,0,0,0.0,,,,0.0,,,2015,2014-15,LA Mission,lamission,paytonlongxk38,Payton Long
Apr 18,home,Citrus,L,10-9,10,9,1,win,20150418_51yc,0,0,0,0,0.0,,,,0.0,,,2015,2014-15,LA Mission,lamission,paytonlongxk38,Payton Long
Apr 21,home,Citrus,W,4-3,4,3,1,win,20150421_fedi,0,0,0,0,0.0,,,,0.0,,,2015,2014-15,LA Mission,lamission,paytonlongxk38,Payton Long
Apr 24,home,Antelope Valley,W,3-2,3,2,1,win,20150424_iswo,0,0,0,0,0.0,,,,0.0,,,2015,2014-15,LA Mission,lamission,paytonlongxk38,Payton Long
Mar 24,home,West LA,W,9-3,9,3,6,win,20150324_k3uz,0,0,0,0,0.0,,,,0.0,,,2015,2014-15,LA Valley,lavalley,amadovilla8hy3,Amado Villa
Apr 1,home,Oxnard,L,7-2,7,2,5,win,20150401_naho,0,0,0,0,0.0,,,,0.0,,,2015,2014-15,LA Valley,lavalley,amadovilla8hy3,Amado Villa
Apr 14,home,Antelope Valley,L,16-6,16,6,10,win,20150414_u5wq,0,0,0,0,0.0,,,,0.0,,,2015,2014-15,LA Valley,lavalley,amadovilla8hy3,Amado Villa
Jan 31,home,Santa Rosa,L,4-3,4,3,1,win,20150131_mzgs,0,0,0,0,0.0,,,,0.0,,,2015,2014-15,Chabot,chabot,craigwoolsonuj1j,Craig Woolson
Feb 5,home,Sacramento City,L,13-7,13,7,6,win,20150205_2a1i,0,0,0,0,0.0,,,,0.0,,,2015,2014-15,Chabot,chabot,craigwoolsonuj1j,Craig Woolson
Feb 13,home,Fresno City,L,5-1,5,1,4,win,20150213_2d9r,0,0,0,0,0.0,,,,0.0,,,2015,2014-15,Chabot,chabot,craigwoolsonuj1j,Craig Woolson
Feb 17,home,Cosumnes River,L,8-5,8,5,3,win,20150217_loid,0,0,0,0,0.0,,,,0.0,,,2015,2014-15,Chabot,chabot,craigwoolsonuj1j,Craig Woolson
Mar 6,home,Mission,W,12-6,12,6,6,win,20150306_t3wo,0,0,0,0,0.0,,,,0.0,,,2015,2014-15,Chabot,chabot,craigwoolsonuj1j,Craig Woolson
Mar 10,home,Skyline,L,9-5,9,5,4,win,20150310_4zhc,0,0,0,0,0.0,,,,0.0,,,2015,2014-15,Chabot,chabot,craigwoolsonuj1j,Craig Woolson
Mar 12,home,San Francisco,L,3-2,3,2,1,win,20150312_6817,0,0,0,0,0.0,,,,0.0,,,2015,2014-15,Chabot,chabot,craigwoolsonuj1j,Craig Woolson
Mar 14,home,De Anza,L,17-4,17,4,13,win,20150314_zg9i,0,0,0,0,0.0,,,,0.0,,,2015,2014-15,Chabot,chabot,craigwoolsonuj1j,Craig Woolson
Apr 2,home,De Anza,W,6-5,6,5,1,win,20150401_cgjl,0,0,0,0,0.0,,,,0.0,,,2015,2014-15,Chabot,chabot,craigwoolsonuj1j,Craig Woolson
Apr 18,home,Mission,W,6-4,6,4,2,win,20150418_y3rg,0,0,0,0,0.0,,,,0.0,,,2015,2014-15,Chabot,chabot,craigwoolsonuj1j,Craig Woolson
Jan 29,home,San Francisco,L,8-6,8,6,2,win,20150129_oa78,0,0,0,0,2.0,1.0,0.0,0.0,0.0,1.0,0.0,2015,2014-15,Contra Costa,contracosta,davidgustafson94ie,David Gustafson
Feb 3,home,Canada,L,9-6,9,6,3,win,20150203_4qb8,0,0,0,0,1.2,1.0,1.0,,0.0,,,2015,2014-15,Contra Costa,contracosta,davidgustafson94ie,David Gustafson
Feb 5,home,San Francisco,L,2-1,2,1,1,win,20150205_mfsy,0,0,1,0,2.2,3.0,1.0,1.0,3.38,1.0,3.0,2015,2014-15,Contra Costa,contracosta,davidgustafson94ie,David Gustafson
Feb 7,home,San Francisco,W,9-2,9,2,7,win,20150207_wrs1,0,0,0,0,1.0,,,,0.0,,1.0,2015,2014-15,Contra Costa,contracosta,davidgustafson94ie,David Gustafson
Feb 10,home,De Anza,L,1-0,1,0,1,win,20150210_go9s,0,0,1,0,1.2,1.0,1.0,1.0,5.4,1.0,1.0,2015,2014-15,Contra Costa,contracosta,davidgustafson94ie,David Gustafson
Feb 15,home,Redwoods,L,6-1,6,1,5,win,20150215_iarc,0,0,0,0,4.0,5.0,,,0.0,1.0,2.0,2015,2014-15,Contra Costa,contracosta,davidgustafson94ie,David Gustafson
Feb 17,home,Santa Rosa,L,4-0,4,0,4,win,20150217_w8ao,0,0,0,0,4.1,5.0,0.0,0.0,0.0,2.0,2.0,2015,2014-15,Contra Costa,contracosta,davidgustafson94ie,David Gustafson
Feb 24,home,Napa,L,6-4,6,4,2,win,20150224_5m5z,0,0,0,0,1.2,1.0,,,0.0,1.0,1.0,2015,2014-15,Contra Costa,contracosta,davidgustafson94ie,David Gustafson
Feb 28,home,Mendocino,L,7-4,7,4,3,win,20150228_u3bl,0,0,1,0,2.1,5.0,5.0,3.0,11.57,,3.0,2015,2014-15,Contra Costa,contracosta,davidgustafson94ie,David Gustafson
Mar 5,home,Laney,W,6-0,6,0,6,win,20150305_34hh,0,0,0,0,2.0,1.0,,,0.0,,3.0,2015,2014-15,Contra Costa,contracosta,davidgustafson94ie,David Gustafson
Mar 7,home,Laney,W,4-3,4,3,1,win,20150307_2p9b,0,0,0,0,2.0,1.0,0.0,0.0,0.0,0.0,0.0,2015,2014-15,Contra Costa,contracosta,davidgustafson94ie,David Gustafson
Mar 10,home,Marin,L,6-3,6,3,3,win,20150310_l984,0,0,0,0,1.2,3.0,1.0,1.0,5.4,,,2015,2014-15,Contra Costa,contracosta,davidgustafson94ie,David Gustafson
Mar 12,home,Marin,L,6-4,6,4,2,win,20150312_r9q7,1,0,1,0,6.0,8.0,2.0,2.0,3.0,1.0,3.0,2015,2014-15,Contra Costa,contracosta,davidgustafson94ie,David Gustafson
Mar 21,home,Folsom Lake,L,9-7,9,7,2,win,20150321_lxgw,0,0,0,0,0.1,1.0,3.0,3.0,81.0,2.0,,2015,2014-15,Contra Costa,contracosta,davidgustafson94ie,David Gustafson
Mar 24,home,Yuba,L,9-4,9,4,5,win,20150324_v5k8,0,0,0,0,2.0,3.0,4.0,4.0,18.0,2.0,,2015,2014-15,Contra Costa,contracosta,davidgustafson94ie,David Gustafson
Mar 28,home,Solano,L,10-0,10,0,10,win,20150328_x4x7,0,0,0,0,2.0,5.0,3.0,3.0,13.5,2.0,,2015,2014-15,Contra Costa,contracosta,davidgustafson94ie,David Gustafson
Apr 2,home,Los Medanos,W,6-4,6,4,2,win,20150402_a944,1,1,0,0,9.0,9.0,4.0,2.0,2.0,3.0,4.0,2015,2014-15,Contra Costa,contracosta,davidgustafson94ie,David Gustafson
Apr 9,home,Mendocino,L,4-3,4,3,1,win,20150409_0oty,1,0,1,0,8.0,7.0,4.0,2.0,2.25,3.0,2.0,2015,2014-15,Contra Costa,contracosta,davidgustafson94ie,David Gustafson
Apr 17,home,Folsom Lake,L,6-1,6,1,5,win,20150417_3v88,0,0,0,0,2.2,1.0,1.0,,0.0,1.0,1.0,2015,2014-15,Contra Costa,contracosta,davidgustafson94ie,David Gustafson
Apr 23,home,Solano,L,18-10,18,10,8,win,20150423_r28r,1,0,1,0,5.1,13.0,12.0,12.0,20.25,5.0,2.0,2015,2014-15,Contra Costa,contracosta,davidgustafson94ie,David Gustafson
Apr 24,home,Los Medanos,L,10-2,10,2,8,win,20150424_v5ia,0,0,0,0,0.0,,,,0.0,,,2015,2014-15,Contra Costa,contracosta,davidgustafson94ie,David Gustafson
Jan 30,home,Palomar,L,3-2,3,2,1,win,20150130_r1ej,0,0,0,0,0.0,,,,0.0,,,2015,2014-15,Golden West,goldenwest,seanwilliamsxi8k,Sean Williams
Jan 31,home,Palomar,W,11-6,11,6,5,win,20150131_fvls,0,0,0,0,0.0,,,,0.0,,,2015,2014-15,Golden West,goldenwest,seanwilliamsxi8k,Sean Williams
Feb 5,home,Sequoias,W,7-3,7,3,4,win,20150205_a6uq,0,0,0,0,0.0,,,,0.0,,,2015,2014-15,Golden West,goldenwest,seanwilliamsxi8k,Sean Williams
Feb 6,home,Reedley,W,7-2,7,2,5,win,20150206_o7yk,0,0,0,0,0.0,,,,0.0,,,2015,2014-15,Golden West,goldenwest,seanwilliamsxi8k,Sean Williams
Feb 7,home,Hartnell,W,3-1,3,1,2,win,20150207_f1r5,0,0,0,0,0.0,,,,0.0,,,2015,2014-15,Golden West,goldenwest,seanwilliamsxi8k,Sean Williams
Feb 10,home,Cerritos,W,4-2,4,2,2,win,20150210_l5yf,0,0,0,0,0.0,,,,0.0,,,2015,2014-15,Golden West,goldenwest,seanwilliamsxi8k,Sean Williams
Feb 12,home,LA Harbor,L,6-2,6,2,4,win,20150212_ib9j,0,0,0,0,0.0,,,,0.0,,,2015,2014-15,Golden West,goldenwest,seanwilliamsxi8k,Sean Williams
Feb 13,home,LA Harbor,W,8-2,8,2,6,win,20150213_f8nf,0,0,0,0,0.0,,,,0.0,,,2015,2014-15,Golden West,goldenwest,seanwilliamsxi8k,Sean Williams
Feb 19,home,Bakersfield,W,4-2,4,2,2,win,20150219_ai2r,0,0,0,0,0.0,,,,0.0,,,2015,2014-15,Golden West,goldenwest,seanwilliamsxi8k,Sean Williams
Feb 20,home,Bakersfield,W,8-5,8,5,3,win,20150220_t7eh,0,0,0,0,0.0,,,,0.0,,,2015,2014-15,Golden West,goldenwest,seanwilliamsxi8k,Sean Williams
Feb 21,home,Bakersfield,L,7-6,7,6,1,win,20150221_zvsx,0,0,0,0,0.0,,,,0.0,,,2015,2014-15,Golden West,goldenwest,seanwilliamsxi8k,Sean Williams
Feb 24,home,Cerritos,L,3-2,3,2,1,win,20150224_iydm,0,0,0,0,0.0,,,,0.0,,,2015,2014-15,Golden West,goldenwest,seanwilliamsxi8k,Sean Williams
Feb 26,home,Cypress,W,7-6,7,6,1,win,20150226_pu3e,0,0,0,0,0.0,,,,0.0,,,2015,2014-15,Golden West,goldenwest,seanwilliamsxi8k,Sean Williams
Feb 28,home,Fullerton,L,7-4,7,4,3,win,20150228_evrf,0,0,0,0,0.0,,,,0.0,,,2015,2014-15,Golden West,goldenwest,seanwilliamsxi8k,Sean Williams
Mar 3,home,Saddleback,L,9-8,9,8,1,win,20150303_b3r5,0,0,0,0,0.0,,,,0.0,,,2015,2014-15,Golden West,goldenwest,seanwilliamsxi8k,Sean Williams
Mar 5,home,Irvine Valley,L,7-3,7,3,4,win,20150305_82mc,0,0,0,0,0.0,,,,0.0,,,2015,2014-15,Golden West,goldenwest,seanwilliamsxi8k,Sean Williams
Mar 10,home,Orange Coast,W,5-4,5,4,1,win,20150310_b690,0,0,0,0,0.0,,,,0.0,,,2015,2014-15,Golden West,goldenwest,seanwilliamsxi8k,Sean Williams
Mar 12,home,Riverside,L,13-0,13,0,13,win,20150312_ugk6,0,0,0,0,0.0,,,,0.0,,,2015,2014-15,Golden West,goldenwest,seanwilliamsxi8k,Sean Williams
Mar 21,home,Fullerton,W,5-4,5,4,1,win,20150321_ssta,0,0,0,0,0.0,,,,0.0,,,2015,2014-15,Golden West,goldenwest,seanwilliamsxi8k,Sean Williams
Mar 31,home,Chaffey,L,6-2,6,2,4,win,20150331_tymd,0,0,0,0,0.0,,,,0.0,,,2015,2014-15,Golden West,goldenwest,seanwilliamsxi8k,Sean Williams
Apr 7,home,Irvine Valley,W,15-0,15,0,15,win,20150407_bwyx,0,0,0,0,0.0,,,,0.0,,,2015,2014-15,Golden West,goldenwest,seanwilliamsxi8k,Sean Williams
Apr 9,home,Irvine Valley,W,2-1,2,1,1,win,20150409_u8uo,0,0,0,0,0.0,,,,0.0,,,2015,2014-15,Golden West,goldenwest,seanwilliamsxi8k,Sean Williams
Apr 11,home,Santa Ana,W,2-1,2,1,1,win,20150411_onqn,0,0,0,0,0.0,,,,0.0,,,2015,2014-15,Golden West,goldenwest,seanwilliamsxi8k,Sean Williams
Apr 14,home,Santa Ana,W,12-6,12,6,6,win,20150414_tvw9,0,0,0,0,0.0,,,,0.0,,,2015,2014-15,Golden West,goldenwest,seanwilliamsxi8k,Sean Williams
Apr 17,home,Orange Coast,W,14-10,14,10,4,win,20150417_ygao,0,0,0,0,0.0,,,,0.0,,,2015,2014-15,Golden West,goldenwest,seanwilliamsxi8k,Sean Williams
May 2,home,Cuesta,W,6-5,6,5,1,win,20150502_coe6,0,0,0,0,0.0,,,,0.0,,,2015,2014-15,Golden West,goldenwest,seanwilliamsxi8k,Sean Williams
Jan 27,home,Solano,L,4-1,4,1,3,win,20150127_i1hs,0,0,0,0,0.0,,,,0.0,,,2015,2014-15,West Valley,westvalley,caseythompsoneg8l,Casey Thompson
Jan 31,home,American River,W,19-11,19,11,8,win,20150131_b3g7,0,0,0,0,0.0,,,,0.0,,,2015,2014-15,West Valley,westvalley,caseythompsoneg8l,Casey Thompson
Feb 3,home,San Joaquin  Delta,L,12-7,12,7,5,win,20150203_eorq,0,0,0,0,0.0,,,,0.0,,,2015,2014-15,West Valley,westvalley,caseythompsoneg8l,Casey Thompson
Feb 7,home,San Joaquin  Delta,L,12-6,12,6,6,win,20150207_67yl,0,0,0,0,0.0,,,,0.0,,,2015,2014-15,West Valley,westvalley,caseythompsoneg8l,Casey Thompson
Feb 11,home,Diablo Valley,W,5-0,5,0,5,win,20150211_rq0u,0,0,0,0,0.0,,,,0.0,,,2015,2014-15,West Valley,westvalley,caseythompsoneg8l,Casey Thompson
Feb 12,home,Cabrillo,W,6-5,6,5,1,win,20150212_zyik,0,0,0,0,0.0,,,,0.0,,,2015,2014-15,West Valley,westvalley,caseythompsoneg8l,Casey Thompson
Feb 13,home,Feather River,L,12-1,12,1,11,win,20150213_p1z8,0,0,0,0,0.0,,,,0.0,,,2015,2014-15,West Valley,westvalley,caseythompsoneg8l,Casey Thompson
Feb 14,home,Yuba,W,9-3,9,3,6,win,20150214_rdzh,0,0,0,0,0.0,,,,0.0,,,2015,2014-15,West Valley,westvalley,caseythompsoneg8l,Casey Thompson
Feb 17,home,Modesto,L,7-4,7,4,3,win,20150217_b109,0,0,0,0,0.0,,,,0.0,,,2015,2014-15,West Valley,westvalley,caseythompsoneg8l,Casey Thompson
Feb 19,home,Modesto,L,5-2,5,2,3,win,20150219_0lxs,0,0,0,0,0.0,,,,0.0,,,2015,2014-15,West Valley,westvalley,caseythompsoneg8l,Casey Thompson
Feb 21,home,Modesto,W,7-2,7,2,5,win,20150221_zm3y,0,0,0,0,0.0,,,,0.0,,,2015,2014-15,West Valley,westvalley,caseythompsoneg8l,Casey Thompson
Feb 24,home,Chabot,L,12-11,12,11,1,win,20150224_cqtk,0,0,0,0,0.0,,,,0.0,,,2015,2014-15,West Valley,westvalley,caseythompsoneg8l,Casey Thompson
Feb 26,home,San Mateo,L,8-5,8,5,3,win,20150226_x1lc,0,0,0,0,0.0,,,,0.0,,,2015,2014-15,West Valley,westvalley,caseythompsoneg8l,Casey Thompson
Feb 27,home,De Anza,W,17-4,17,4,13,win,20150227_c2ke,0,0,0,0,0.0,,,,0.0,,,2015,2014-15,West Valley,westvalley,caseythompsoneg8l,Casey Thompson
Mar 7,home,San Francisco,W,8-1,8,1,7,win,20150307_ioqe,0,0,0,0,0.0,,,,0.0,,,2015,2014-15,West Valley,westvalley,caseythompsoneg8l,Casey Thompson
Mar 10,home,Canada,W,8-1,8,1,7,win,20150310_2als,0,0,0,0,0.0,,,,0.0,,,2015,2014-15,West Valley,westvalley,caseythompsoneg8l,Casey Thompson
Mar 12,home,Mission,L,7-6,7,6,1,win,20150312_rv2s,0,0,0,0,0.0,,,,0.0,,,2015,2014-15,West Valley,westvalley,caseythompsoneg8l,Casey Thompson
Mar 14,home,Hartnell,W,7-1,7,1,6,win,20150314_bbq4,0,0,0,0,0.0,,,,0.0,,,2015,2014-15,West Valley,westvalley,caseythompsoneg8l,Casey Thompson
Mar 17,home,Skyline,W,14-3,14,3,11,win,20150317_ix28,0,0,0,0,0.0,,,,0.0,,,2015,2014-15,West Valley,westvalley,caseythompsoneg8l,Casey Thompson
Mar 19,home,Gavilan,W,14-4,14,4,10,win,20150319_xhws,0,0,0,0,0.0,,,,0.0,,,2015,2014-15,West Valley,westvalley,caseythompsoneg8l,Casey Thompson
Mar 24,home,De Anza,L,12-6,12,6,6,win,20150324_38ph,0,0,0,0,0.0,,,,0.0,,,2015,2014-15,West Valley,westvalley,caseythompsoneg8l,Casey Thompson
Mar 26,home,Chabot,W,12-10,12,10,2,win,20150326_e4jh,0,0,0,0,0.0,,,,0.0,,,2015,2014-15,West Valley,westvalley,caseythompsoneg8l,Casey Thompson
Mar 28,home,San Mateo,L,4-2,4,2,2,win,20150328_b4uj,0,0,0,0,0.0,,,,0.0,,,2015,2014-15,West Valley,westvalley,caseythompsoneg8l,Casey Thompson
Mar 31,home,Monterey,L,2-1,2,1,1,win,20150331_xx5c,0,0,0,0,0.0,,,,0.0,,,2015,2014-15,West Valley,westvalley,caseythompsoneg8l,Casey Thompson
Apr 2,home,Mission,L,6-4,6,4,2,win,20150402_6eou,0,0,0,0,0.0,,,,0.0,,,2015,2014-15,West Valley,westvalley,caseythompsoneg8l,Casey Thompson
Apr 4,home,San Francisco,W,7-5,7,5,2,win,20150404_mfh5,0,0,0,0,0.0,,,,0.0,,,2015,2014-15,West Valley,westvalley,caseythompsoneg8l,Casey Thompson
Apr 7,home,Ohlone,L,8-4,8,4,4,win,20150407_apw4,0,0,0,0,0.0,,,,0.0,,,2015,2014-15,West Valley,westvalley,caseythompsoneg8l,Casey Thompson
Apr 11,home,Chabot,L,21-9,21,9,12,win,20150411_9xwn,0,0,0,0,0.0,,,,0.0,,,2015,2014-15,West Valley,westvalley,caseythompsoneg8l,Casey Thompson
Apr 14,home,De Anza,W,2-1,2,1,1,win,20150414_lvt9,0,0,0,0,0.0,,,,0.0,,,2015,2014-15,West Valley,westvalley,caseythompsoneg8l,Casey Thompson
Apr 16,home,San Francisco,W,8-1,8,1,7,win,20150416_bcwi,0,0,0,0,0.0,,,,0.0,,,2015,2014-15,West Valley,westvalley,caseythompsoneg8l,Casey Thompson
Apr 18,home,San Mateo,L,9-5,9,5,4,win,20150418_73r6,0,0,0,0,0.0,,,,0.0,,,2015,2014-15,West Valley,westvalley,caseythompsoneg8l,Casey Thompson
Apr 21,home,Mission,L,9-6,9,6,3,win,20150421_oh1h,0,0,0,0,0.0,,,,0.0,,,2015,2014-15,West Valley,westvalley,caseythompsoneg8l,Casey Thompson
Apr 23,home,Cabrillo,L,15-10,15,10,5,win,20150423_uvbt,0,0,0,0,0.0,,,,0.0,,,2015,2014-15,West Valley,westvalley,caseythompsoneg8l,Casey Thompson
Jan 29,home,San Diego Mesa,L,8-1,8,1,7,win,20150129_2v4m,0,0,0,0,0.0,,,,0.0,,,2015,2014-15,Ventura,ventura,robertstephanh5nv,Robert Stephan
Jan 30,home,Cypress,L,4-3,4,3,1,win,20150130_gopd,0,0,0,0,0.0,,,,0.0,,,2015,2014-15,Ventura,ventura,robertstephanh5nv,Robert Stephan
Feb 6,home,West Hills Coalinga,W,4-0,4,0,4,win,20150206_npae,0,0,0,0,0.0,,,,0.0,,,2015,2014-15,Ventura,ventura,robertstephanh5nv,Robert Stephan
Feb 10,home,Citrus,L,4-2,4,2,2,win,20150210_nn81,0,0,0,0,0.0,,,,0.0,,,2015,2014-15,Ventura,ventura,robertstephanh5nv,Robert Stephan
Feb 12,home,Mt. San Antonio,L,7-4,7,4,3,win,20150212_vx18,0,0,0,0,0.0,,,,0.0,,,2015,2014-15,Ventura,ventura,robertstephanh5nv,Robert Stephan
Feb 26,home,Moorpark,W,14-9,14,9,5,win,20150226_7i69,0,0,0,0,0.0,,,,0.0,,,2015,2014-15,Ventura,ventura,robertstephanh5nv,Robert Stephan
Feb 28,home,LA Pierce,L,6-2,6,2,4,win,20150228_82z4,0,0,0,0,0.0,,,,0.0,,,2015,2014-15,Ventura,ventura,robertstephanh5nv,Robert Stephan
Mar 12,home,Santa Barbara,L,12-1,12,1,11,win,20150312_p7ux,0,0,0,0,0.0,,,,0.0,,,2015,2014-15,Ventura,ventura,robertstephanh5nv,Robert Stephan
Mar 27,home,Moorpark,W,3-2,3,2,1,win,20150327_ot2a,0,0,0,0,0.0,,,,0.0,,,2015,2014-15,Ventura,ventura,robertstephanh5nv,Robert Stephan
Mar 31,home,West Hills Coalinga,W,6-5,6,5,1,win,20150331_w2ic,0,0,0,0,0.0,,,,0.0,,,2015,2014-15,Ventura,ventura,robertstephanh5nv,Robert Stephan
Apr 2,home,Pasadena,W,8-5,8,5,3,win,20150402_2idy,0,0,0,0,0.0,,,,0.0,,,2015,2014-15,Ventura,ventura,robertstephanh5nv,Robert Stephan
Apr 4,home,El Camino-Compton Center,L,9-4,9,4,5,win,20150404_7uzh,0,0,0,0,0.0,,,,0.0,,,2015,2014-15,Ventura,ventura,robertstephanh5nv,Robert Stephan
Apr 10,home,Moorpark,W,10-5,10,5,5,win,20150410_a88y,0,0,0,0,0.0,,,,0.0,,,2015,2014-15,Ventura,ventura,robertstephanh5nv,Robert Stephan
Apr 16,home,Cuesta,L,5-4,5,4,1,win,20150416_1yll,0,0,0,0,0.0,,,,0.0,,,2015,2014-15,Ventura,ventura,robertstephanh5nv,Robert Stephan
Apr 18,home,Santa Barbara,L,6-5,6,5,1,win,20150418_iioj,0,0,0,0,0.0,,,,0.0,,,2015,2014-15,Ventura,ventura,robertstephanh5nv,Robert Stephan
Jan 27,home,Imperial Valley,W,12-0,12,0,12,win,20150127_jb0o,0,0,0,0,0.0,,,,0.0,,,2015,2014-15,Irvine Valley,irvinevalley,jordangillermanengu,Jordan Gillerman
Jan 30,home,LA Valley,W,9-2,9,2,7,win,20150130_5gny,0,0,0,0,0.0,,,,0.0,,,2015,2014-15,Irvine Valley,irvinevalley,jordangillermanengu,Jordan Gillerman
Jan 31,home,LA Valley,W,4-1,4,1,3,win,20150131_styi,0,0,0,0,0.0,,,,0.0,,,2015,2014-15,Irvine Valley,irvinevalley,jordangillermanengu,Jordan Gillerman
Feb 3,home,El Camino-Compton Center,W,6-1,6,1,5,win,20150203_129x,0,0,0,0,0.0,,,,0.0,,,2015,2014-15,Irvine Valley,irvinevalley,jordangillermanengu,Jordan Gillerman
Feb 7,home,San Diego City,L,3-2,3,2,1,win,20150207_wzo2,0,0,0,0,0.0,,,,0.0,,,2015,2014-15,Irvine Valley,irvinevalley,jordangillermanengu,Jordan Gillerman
Feb 10,home,LA Harbor,W,6-0,6,0,6,win,20150210_cmuz,0,0,0,0,0.0,,,,0.0,,,2015,2014-15,Irvine Valley,irvinevalley,jordangillermanengu,Jordan Gillerman
Feb 14,home,West LA,W,4-3,4,3,1,win,20150214_1hwp,0,0,0,0,0.0,,,,0.0,,,2015,2014-15,Irvine Valley,irvinevalley,jordangillermanengu,Jordan Gillerman
Feb 17,home,San Diego City,L,6-1,6,1,5,win,20150217_e72u,0,0,0,0,0.0,,,,0.0,,,2015,2014-15,Irvine Valley,irvinevalley,jordangillermanengu,Jordan Gillerman
Feb 20,home,LA Harbor,L,10-3,10,3,7,win,20150220_t78h,0,0,0,0,0.0,,,,0.0,,,2015,2014-15,Irvine Valley,irvinevalley,jordangillermanengu,Jordan Gillerman
Feb 26,home,Fullerton,L,2-0,2,0,2,win,20150226_k88x,0,0,0,0,0.0,,,,0.0,,,2015,2014-15,Irvine Valley,irvinevalley,jordangillermanengu,Jordan Gillerman
Mar 3,home,Cypress,L,5-0,5,0,5,win,20150303_xvpi,0,0,0,0,0.0,,,,0.0,,,2015,2014-15,Irvine Valley,irvinevalley,jordangillermanengu,Jordan Gillerman
Mar 5,home,Golden West,W,7-3,7,3,4,win,20150305_82mc,0,0,0,0,0.0,,,,0.0,,,2015,2014-15,Irvine Valley,irvinevalley,jordangillermanengu,Jordan Gillerman
Mar 7,home,Orange Coast,W,4-0,4,0,4,win,20150307_1slb,0,0,0,0,0.0,,,,0.0,,,2015,2014-15,Irvine Valley,irvinevalley,jordangillermanengu,Jordan Gillerman
Mar 10,home,Saddleback,L,7-4,7,4,3,win,20150310_0hl8,0,0,0,0,0.0,,,,0.0,,,2015,2014-15,Irvine Valley,irvinevalley,jordangillermanengu,Jordan Gillerman
Mar 12,home,Santa Ana,W,2-1,2,1,1,win,20150312_p1nw,0,0,0,0,0.0,,,,0.0,,,2015,2014-15,Irvine Valley,irvinevalley,jordangillermanengu,Jordan Gillerman
Mar 17,home,Fullerton,L,5-1,5,1,4,win,20150317_9uul,0,0,0,0,0.0,,,,0.0,,,2015,2014-15,Irvine Valley,irvinevalley,jordangillermanengu,Jordan Gillerman
Mar 19,home,Fullerton,W,4-0,4,0,4,win,20150319_de9k,0,0,0,0,0.0,,,,0.0,,,2015,2014-15,Irvine Valley,irvinevalley,jordangillermanengu,Jordan Gillerman
Mar 21,home,Riverside,L,5-0,5,0,5,win,20150321_3ztt,0,0,0,0,0.0,,,,0.0,,,2015,2014-15,Irvine Valley,irvinevalley,jordangillermanengu,Jordan Gillerman
Mar 24,home,Riverside,W,9-4,9,4,5,win,20150324_gbrm,0,0,0,0,0.0,,,,0.0,,,2015,2014-15,Irvine Valley,irvinevalley,jordangillermanengu,Jordan Gillerman
Mar 26,home,Cypress,L,3-2,3,2,1,win,20150326_cp7i,0,0,0,0,0.0,,,,0.0,,,2015,2014-15,Irvine Valley,irvinevalley,jordangillermanengu,Jordan Gillerman
Mar 27,home,Cypress,L,4-3,4,3,1,win,20150327_5809,0,0,0,0,0.0,,,,0.0,,,2015,2014-15,Irvine Valley,irvinevalley,jordangillermanengu,Jordan Gillerman
Mar 31,home,Pasadena,W,7-2,7,2,5,win,20150331_a9vi,0,0,0,0,0.0,,,,0.0,,,2015,2014-15,Irvine Valley,irvinevalley,jordangillermanengu,Jordan Gillerman
Apr 1,home,Pasadena,W,6-3,6,3,3,win,20150401_6ns7,0,0,0,0,0.0,,,,0.0,,,2015,2014-15,Irvine Valley,irvinevalley,jordangillermanengu,Jordan Gillerman
Apr 7,home,Golden West,L,15-0,15,0,15,win,20150407_bwyx,0,0,0,0,0.0,,,,0.0,,,2015,2014-15,Irvine Valley,irvinevalley,jordangillermanengu,Jordan Gillerman
Apr 9,home,Golden West,L,2-1,2,1,1,win,20150409_u8uo,0,0,0,0,0.0,,,,0.0,,,2015,2014-15,Irvine Valley,irvinevalley,jordangillermanengu,Jordan Gillerman
Apr 11,home,Orange Coast,W,8-6,8,6,2,win,20150411_meo0,0,0,0,0,0.0,,,,0.0,,,2015,2014-15,Irvine Valley,irvinevalley,jordangillermanengu,Jordan Gillerman
Apr 14,home,Orange Coast,L,2-0,2,0,2,win,20150414_gdpa,0,0,0,0,0.0,,,,0.0,,,2015,2014-15,Irvine Valley,irvinevalley,jordangillermanengu,Jordan Gillerman
Apr 16,home,Saddleback,W,2-1,2,1,1,win,20150416_bs3b,0,0,0,0,0.0,,,,0.0,,,2015,2014-15,Irvine Valley,irvinevalley,jordangillermanengu,Jordan Gillerman
Apr 17,home,Saddleback,L,12-2,12,2,10,win,20150417_ywdm,0,0,0,0,0.0,,,,0.0,,,2015,2014-15,Irvine Valley,irvinevalley,jordangillermanengu,Jordan Gillerman
Apr 21,home,Santa Ana,W,4-2,4,2,2,win,20150421_69ap,0,0,0,0,0.0,,,,0.0,,,2015,2014-15,Irvine Valley,irvinevalley,jordangillermanengu,Jordan Gillerman
Apr 23,home,Santa Ana,W,7-6,7,6,1,win,20150423_qkq2,0,0,0,0,0.0,,,,0.0,,,2015,2014-15,Irvine Valley,irvinevalley,jordangillermanengu,Jordan Gillerman
Apr 28,home,LA Mission,W,16-6,16,6,10,win,20150428_qtpd,0,0,0,0,0.0,,,,0.0,,,2015,2014-15,Irvine Valley,irvinevalley,jordangillermanengu,Jordan Gillerman
May 1,home,Oxnard,W,8-0,8,0,8,win,20150501_m3i7,0,0,0,0,0.0,,,,0.0,,,2015,2014-15,Irvine Valley,irvinevalley,jordangillermanengu,Jordan Gillerman
May 2,home,Oxnard,W,1-0,1,0,1,win,20150502_htrw,0,0,0,0,0.0,,,,0.0,,,2015,2014-15,Irvine Valley,irvinevalley,jordangillermanengu,Jordan Gillerman
May 9,home,Palomar,L,3-0,3,0,3,win,20150509_xbqu,0,0,0,0,0.0,,,,0.0,,,2015,2014-15,Irvine Valley,irvinevalley,jordangillermanengu,Jordan Gillerman
May 10,home,Palomar,L,11-1,11,1,10,win,20150510_lg7m,0,0,0,0,0.0,,,,0.0,,,2015,2014-15,Irvine Valley,irvinevalley,jordangillermanengu,Jordan Gillerman
Jan 31,home,Cosumnes River,W,6-5,6,5,1,win,20150131_7itl,0,0,0,0,0.0,,,,0.0,,,2015,2014-15,Skyline,skyline,alexjenkinsxdq6,Alex Jenkins
Feb 3,home,Cosumnes River,L,11-6,11,6,5,win,20150203_7ev3,0,0,0,0,1.0,1.0,,,0.0,1.0,1.0,2015,2014-15,Skyline,skyline,alexjenkinsxdq6,Alex Jenkins
Feb 13,home,Shasta,L,11-7,11,7,4,win,20150213_6du8,0,0,0,0,0.0,,,,0.0,,,2015,2014-15,Skyline,skyline,alexjenkinsxdq6,Alex Jenkins
Feb 15,home,Redwoods,W,7-6,7,6,1,win,20150215_3mbp,0,0,0,0,0.0,,,,0.0,,,2015,2014-15,Skyline,skyline,alexjenkinsxdq6,Alex Jenkins
Feb 27,home,San Francisco,W,2-1,2,1,1,win,20150227_n3oj,0,0,0,0,0.0,,,,0.0,,,2015,2014-15,Skyline,skyline,alexjenkinsxdq6,Alex Jenkins
Feb 28,home,Mission,L,12-6,12,6,6,win,20150228_i3ie,0,0,0,0,0.0,,,,0.0,,,2015,2014-15,Skyline,skyline,alexjenkinsxdq6,Alex Jenkins
Mar 5,home,Gavilan,W,3-2,3,2,1,win,20150305_cryd,0,0,0,0,0.0,,,,0.0,,,2015,2014-15,Skyline,skyline,alexjenkinsxdq6,Alex Jenkins
Mar 7,home,Ohlone,L,3-2,3,2,1,win,20150307_it7z,0,0,0,0,0.0,,,,0.0,,,2015,2014-15,Skyline,skyline,alexjenkinsxdq6,Alex Jenkins
Mar 14,home,Canada,L,8-1,8,1,7,win,20150314_dge9,0,0,0,0,0.0,,,,0.0,,,2015,2014-15,Skyline,skyline,alexjenkinsxdq6,Alex Jenkins
Mar 17,home,West Valley,L,14-3,14,3,11,win,20150317_ix28,0,0,0,0,0.0,,,,0.0,,,2015,2014-15,Skyline,skyline,alexjenkinsxdq6,Alex Jenkins
Mar 19,home,Ohlone,L,11-3,11,3,8,win,20150319_i9ba,0,0,0,0,0.0,,,,0.0,,,2015,2014-15,Skyline,skyline,alexjenkinsxdq6,Alex Jenkins
Mar 21,home,Hartnell,W,4-0,4,0,4,win,20150321_awld,0,0,0,0,0.0,,,,0.0,,,2015,2014-15,Skyline,skyline,alexjenkinsxdq6,Alex Jenkins
Mar 24,home,Canada,L,3-0,3,0,3,win,20150324_6e1k,0,0,0,0,0.0,,,,0.0,,,2015,2014-15,Skyline,skyline,alexjenkinsxdq6,Alex Jenkins
Mar 26,home,Monterey,W,4-3,4,3,1,win,20150326_buvo,0,0,0,0,0.0,,,,0.0,,,2015,2014-15,Skyline,skyline,alexjenkinsxdq6,Alex Jenkins
Mar 31,home,Mission,W,4-2,4,2,2,win,20150331_i5et,0,0,0,0,0.0,,,,0.0,,,2015,2014-15,Skyline,skyline,alexjenkinsxdq6,Alex Jenkins
Apr 7,home,San Francisco,W,11-4,11,4,7,win,20150407_e81i,0,0,0,0,0.0,,,,0.0,,,2015,2014-15,Skyline,skyline,alexjenkinsxdq6,Alex Jenkins
Apr 9,home,Canada,L,3-2,3,2,1,win,20150409_wear,0,0,0,0,0.0,,,,0.0,,,2015,2014-15,Skyline,skyline,alexjenkinsxdq6,Alex Jenkins
Apr 11,home,San Mateo,W,2-1,2,1,1,win,20150411_vbso,0,0,0,0,0.0,,,,0.0,,,2015,2014-15,Skyline,skyline,alexjenkinsxdq6,Alex Jenkins
Apr 14,home,Ohlone,L,13-4,13,4,9,win,20150414_6lrp,0,0,0,0,0.0,,,,0.0,,,2015,2014-15,Skyline,skyline,alexjenkinsxdq6,Alex Jenkins
Apr 16,home,Cabrillo,L,4-3,4,3,1,win,20150416_gbtc,0,0,0,0,0.0,,,,0.0,,,2015,2014-15,Skyline,skyline,alexjenkinsxdq6,Alex Jenkins
Apr 18,home,Gavilan,L,8-0,8,0,8,win,20150418_aaqe,0,0,0,0,0.0,,,,0.0,,,2015,2014-15,Skyline,skyline,alexjenkinsxdq6,Alex Jenkins
Apr 21,home,Hartnell,W,5-3,5,3,2,win,20150421_jahm,0,0,0,0,0.0,,,,0.0,,,2015,2014-15,Skyline,skyline,alexjenkinsxdq6,Alex Jenkins
Apr 23,home,Monterey,W,6-2,6,2,4,win,20150423_2nek,0,0,0,0,0.0,,,,0.0,,,2015,2014-15,Skyline,skyline,alexjenkinsxdq6,Alex Jenkins
Apr 28,home,De Anza,W,3-1,3,1,2,win,20150428_w6h7,0,0,0,0,0.0,,,,0.0,,,2015,2014-15,Skyline,skyline,alexjenkinsxdq6,Alex Jenkins
May 1,home,Fresno City,W,5-3,5,3,2,win,20150501_27to,0,0,0,0,0.0,,,,0.0,,,2015,2014-15,Skyline,skyline,alexjenkinsxdq6,Alex Jenkins
May 2,home,Fresno City,L,16-6,16,6,10,win,20150502_mk3f,0,0,0,0,0.0,,,,0.0,,,2015,2014-15,Skyline,skyline,alexjenkinsxdq6,Alex Jenkins
May 2,home,Fresno City,L,11-8,11,8,3,win,20150502_sraw,0,0,0,0,0.0,,,,0.0,,,2015,2014-15,Skyline,skyline,alexjenkinsxdq6,Alex Jenkins
Jan 27,home,Merced,W,4-2,4,2,2,win,20150127_fr1v,0,0,0,0,0.0,,,,0.0,,,2015,2014-15,Canada,canada,elijahsaundersmw7x,Elijah Saunders
Jan 30,home,Reedley,W,9-0,9,0,9,win,20150130_aevu,1,1,0,0,7.0,4.0,0.0,0.0,0.0,0.0,1.0,2015,2014-15,Canada,canada,elijahsaundersmw7x,Elijah Saunders
Feb 5,home,Mission,W,12-4,12,4,8,win,20150205_hyj0,0,0,0,0,0.0,,,,0.0,,,2015,2014-15,Canada,canada,elijahsaundersmw7x,Elijah Saunders
Feb 13,home,Sacramento City,L,3-2,3,2,1,win,20150213_wcqi,1,0,1,0,8.0,4.0,3.0,3.0,3.38,4.0,2.0,2015,2014-15,Canada,canada,elijahsaundersmw7x,Elijah Saunders
Feb 19,home,Laney,L,8-3,8,3,5,win,20150219_4t76,1,0,1,0,3.0,7.0,5.0,4.0,12.0,0.0,1.0,2015,2014-15,Canada,canada,elijahsaundersmw7x,Elijah Saunders
Feb 24,home,Cabrillo,L,3-2,3,2,1,win,20150224_yj32,0,0,0,0,0.0,,,,0.0,,,2015,2014-15,Canada,canada,elijahsaundersmw7x,Elijah Saunders
Mar 7,home,Hartnell,W,9-1,9,1,8,win,20150307_203t,1,1,0,0,7.0,6.0,0.0,0.0,0.0,5.0,2.0,2015,2014-15,Canada,canada,elijahsaundersmw7x,Elijah Saunders
Mar 14,home,Skyline,W,8-1,8,1,7,win,20150314_dge9,1,1,0,0,7.0,1.0,1.0,0.0,0.0,3.0,3.0,2015,2014-15,Canada,canada,elijahsaundersmw7x,Elijah Saunders
Mar 20,home,Gavilan,L,8-7,8,7,1,win,20150320_ftp4,1,0,0,0,7.0,10.0,5.0,5.0,6.43,3.0,1.0,2015,2014-15,Canada,canada,elijahsaundersmw7x,Elijah Saunders
Mar 28,home,Chabot,L,10-3,10,3,7,win,20150328_n3us,1,0,0,0,1.1,7.0,4.0,4.0,27.0,0.0,0.0,2015,2014-15,Canada,canada,elijahsaundersmw7x,Elijah Saunders
Jan 27,home,Solano,L,4-1,4,1,3,win,20150127_i1hs,0,0,0,0,0.0,,,,0.0,,,2015,2014-15,West Valley,westvalley,gabelaresfnhb,Gabe Lares
Jan 29,home,American River,W,9-5,9,5,4,win,20150129_5wxp,0,0,0,0,0.0,,,,0.0,,,2015,2014-15,West Valley,westvalley,gabelaresfnhb,Gabe Lares
Jan 31,home,American River,W,19-11,19,11,8,win,20150131_b3g7,0,0,0,0,0.0,,,,0.0,,,2015,2014-15,West Valley,westvalley,gabelaresfnhb,Gabe Lares
Feb 3,home,San Joaquin  Delta,L,12-7,12,7,5,win,20150203_eorq,0,0,0,0,0.0,,,,0.0,,,2015,2014-15,West Valley,westvalley,gabelaresfnhb,Gabe Lares
Feb 5,home,San Joaquin  Delta,L,2-0,2,0,2,win,20150205_hgd7,0,0,0,0,0.0,,,,0.0,,,2015,2014-15,West Valley,westvalley,gabelaresfnhb,Gabe Lares
Feb 7,home,San Joaquin  Delta,L,12-6,12,6,6,win,20150207_67yl,0,0,0,0,0.0,,,,0.0,,,2015,2014-15,West Valley,westvalley,gabelaresfnhb,Gabe Lares
Feb 11,home,Diablo Valley,W,5-0,5,0,5,win,20150211_rq0u,0,0,0,0,0.0,,,,0.0,,,2015,2014-15,West Valley,westvalley,gabelaresfnhb,Gabe Lares
Feb 12,home,Cabrillo,W,6-5,6,5,1,win,20150212_zyik,0,0,0,0,0.0,,,,0.0,,,2015,2014-15,West Valley,westvalley,gabelaresfnhb,Gabe Lares
Feb 13,home,Feather River,L,12-1,12,1,11,win,20150213_p1z8,0,0,0,0,0.0,,,,0.0,,,2015,2014-15,West Valley,westvalley,gabelaresfnhb,Gabe Lares
Feb 14,home,Yuba,W,9-3,9,3,6,win,20150214_rdzh,0,0,0,0,0.0,,,,0.0,,,2015,2014-15,West Valley,westvalley,gabelaresfnhb,Gabe Lares
Feb 17,home,Modesto,L,7-4,7,4,3,win,20150217_b109,0,0,0,0,0.0,,,,0.0,,,2015,2014-15,West Valley,westvalley,gabelaresfnhb,Gabe Lares
Feb 19,home,Modesto,L,5-2,5,2,3,win,20150219_0lxs,0,0,0,0,0.0,,,,0.0,,,2015,2014-15,West Valley,westvalley,gabelaresfnhb,Gabe Lares
Feb 21,home,Modesto,W,7-2,7,2,5,win,20150221_zm3y,0,0,0,0,0.0,,,,0.0,,,2015,2014-15,West Valley,westvalley,gabelaresfnhb,Gabe Lares
Feb 24,home,Chabot,L,12-11,12,11,1,win,20150224_cqtk,0,0,0,0,0.0,,,,0.0,,,2015,2014-15,West Valley,westvalley,gabelaresfnhb,Gabe Lares
Feb 26,home,San Mateo,L,8-5,8,5,3,win,20150226_x1lc,0,0,0,0,0.0,,,,0.0,,,2015,2014-15,West Valley,westvalley,gabelaresfnhb,Gabe Lares
Feb 27,home,De Anza,W,17-4,17,4,13,win,20150227_c2ke,0,0,0,0,0.0,,,,0.0,,,2015,2014-15,West Valley,westvalley,gabelaresfnhb,Gabe Lares
Mar 5,home,De Anza,L,4-3,4,3,1,win,20150305_c8uq,0,0,0,0,0.0,,,,0.0,,,2015,2014-15,West Valley,westvalley,gabelaresfnhb,Gabe Lares
Mar 7,home,San Francisco,W,8-1,8,1,7,win,20150307_ioqe,0,0,0,0,0.0,,,,0.0,,,2015,2014-15,West Valley,westvalley,gabelaresfnhb,Gabe Lares
Mar 10,home,Canada,W,8-1,8,1,7,win,20150310_2als,0,0,0,0,0.0,,,,0.0,,,2015,2014-15,West Valley,westvalley,gabelaresfnhb,Gabe Lares
Mar 12,home,Mission,L,7-6,7,6,1,win,20150312_rv2s,0,0,0,0,0.0,,,,0.0,,,2015,2014-15,West Valley,westvalley,gabelaresfnhb,Gabe Lares
Mar 14,home,Hartnell,W,7-1,7,1,6,win,20150314_bbq4,0,0,0,0,0.0,,,,0.0,,,2015,2014-15,West Valley,westvalley,gabelaresfnhb,Gabe Lares
Mar 17,home,Skyline,W,14-3,14,3,11,win,20150317_ix28,0,0,0,0,0.0,,,,0.0,,,2015,2014-15,West Valley,westvalley,gabelaresfnhb,Gabe Lares
Mar 19,home,Gavilan,W,14-4,14,4,10,win,20150319_xhws,0,0,0,0,0.0,,,,0.0,,,2015,2014-15,West Valley,westvalley,gabelaresfnhb,Gabe Lares
Mar 24,home,De Anza,L,12-6,12,6,6,win,20150324_38ph,0,0,0,0,0.0,,,,0.0,,,2015,2014-15,West Valley,westvalley,gabelaresfnhb,Gabe Lares
Mar 26,home,Chabot,W,12-10,12,10,2,win,20150326_e4jh,0,0,0,0,0.0,,,,0.0,,,2015,2014-15,West Valley,westvalley,gabelaresfnhb,Gabe Lares
Mar 28,home,San Mateo,L,4-2,4,2,2,win,20150328_b4uj,0,0,0,0,0.0,,,,0.0,,,2015,2014-15,West Valley,westvalley,gabelaresfnhb,Gabe Lares
Mar 31,home,Monterey,L,2-1,2,1,1,win,20150331_xx5c,0,0,0,0,0.0,,,,0.0,,,2015,2014-15,West Valley,westvalley,gabelaresfnhb,Gabe Lares
Apr 2,home,Mission,L,6-4,6,4,2,win,20150402_6eou,0,0,0,0,0.0,,,,0.0,,,2015,2014-15,West Valley,westvalley,gabelaresfnhb,Gabe Lares
Apr 4,home,San Francisco,W,7-5,7,5,2,win,20150404_mfh5,0,0,0,0,0.0,,,,0.0,,,2015,2014-15,West Valley,westvalley,gabelaresfnhb,Gabe Lares
Apr 7,home,Ohlone,L,8-4,8,4,4,win,20150407_apw4,0,0,0,0,0.0,,,,0.0,,,2015,2014-15,West Valley,westvalley,gabelaresfnhb,Gabe Lares
Apr 11,home,Chabot,L,21-9,21,9,12,win,20150411_9xwn,0,0,0,0,0.0,,,,0.0,,,2015,2014-15,West Valley,westvalley,gabelaresfnhb,Gabe Lares
Apr 14,home,De Anza,W,2-1,2,1,1,win,20150414_lvt9,0,0,0,0,0.0,,,,0.0,,,2015,2014-15,West Valley,westvalley,gabelaresfnhb,Gabe Lares
Apr 16,home,San Francisco,W,8-1,8,1,7,win,20150416_bcwi,0,0,0,0,0.0,,,,0.0,,,2015,2014-15,West Valley,westvalley,gabelaresfnhb,Gabe Lares
Apr 18,home,San Mateo,L,9-5,9,5,4,win,20150418_73r6,0,0,0,0,1.0,1.0,0.0,0.0,0.0,0.0,0.0,2015,2014-15,West Valley,westvalley,gabelaresfnhb,Gabe Lares
Apr 21,home,Mission,L,9-6,9,6,3,win,20150421_oh1h,0,0,0,0,0.0,,,,0.0,,,2015,2014-15,West Valley,westvalley,gabelaresfnhb,Gabe Lares
Apr 23,home,Cabrillo,L,15-10,15,10,5,win,20150423_uvbt,0,0,0,0,0.0,,,,0.0,,,2015,2014-15,West Valley,westvalley,gabelaresfnhb,Gabe Lares
Jan 31,home,Grossmont,L,7-0,7,0,7,win,20150131_dmk2,0,0,0,0,0.0,,,,0.0,,,2015,2014-15,Long Beach,longbeach,jacksonfossq6p5,Jackson Foss
Feb 3,home,Grossmont,L,6-3,6,3,3,win,20150203_plrl,0,0,0,0,0.0,,,,0.0,,,2015,2014-15,Long Beach,longbeach,jacksonfossq6p5,Jackson Foss
Feb 10,home,Orange Coast,L,6-5,6,5,1,win,20150210_55d0,0,0,0,0,0.0,,,,0.0,,,2015,2014-15,Long Beach,longbeach,jacksonfossq6p5,Jackson Foss
Feb 12,home,Orange Coast,W,6-2,6,2,4,win,20150212_wnl8,0,0,0,0,0.0,,,,0.0,,,2015,2014-15,Long Beach,longbeach,jacksonfossq6p5,Jackson Foss
Feb 14,home,Orange Coast,L,8-1,8,1,7,win,20150214_r7lv,0,0,0,0,0.0,,,,0.0,,,2015,2014-15,Long Beach,longbeach,jacksonfossq6p5,Jackson Foss
Feb 17,home,Victor Valley,W,6-3,6,3,3,win,20150217_tuvt,0,0,0,0,0.0,,,,0.0,,,2015,2014-15,Long Beach,longbeach,jacksonfossq6p5,Jackson Foss
Feb 19,home,Barstow,L,10-7,10,7,3,win,20150219_9bzk,0,0,0,0,0.0,,,,0.0,,,2015,2014-15,Long Beach,longbeach,jacksonfossq6p5,Jackson Foss
Feb 21,home,Irvine Valley,L,2-1,2,1,1,win,20150221_ye6u,0,0,0,0,0.0,,,,0.0,,,2015,2014-15,Long Beach,longbeach,jacksonfossq6p5,Jackson Foss
Feb 24,home,Irvine Valley,W,3-2,3,2,1,win,20150224_t13g,0,0,0,0,0.0,,,,0.0,,,2015,2014-15,Long Beach,longbeach,jacksonfossq6p5,Jackson Foss
Feb 26,home,West LA,W,6-4,6,4,2,win,20150226_ppx2,0,0,0,0,0.0,,,,0.0,,,2015,2014-15,Long Beach,longbeach,jacksonfossq6p5,Jackson Foss
Mar 3,home,El Camino,W,5-4,5,4,1,win,20150303_f75j,0,0,0,0,0.0,,,,0.0,,,2015,2014-15,Long Beach,longbeach,jacksonfossq6p5,Jackson Foss
Mar 5,home,El Camino,W,8-6,8,6,2,win,20150305_yiwz,0,0,0,0,0.0,,,,0.0,,,2015,2014-15,Long Beach,longbeach,jacksonfossq6p5,Jackson Foss
Mar 7,home,El Camino,W,7-2,7,2,5,win,20150307_wttl,0,0,0,0,0.0,,,,0.0,,,2015,2014-15,Long Beach,longbeach,jacksonfossq6p5,Jackson Foss
Mar 10,home,LA Harbor,W,5-4,5,4,1,win,20150310_7g9g,0,0,0,0,0.0,,,,0.0,,,2015,2014-15,Long Beach,longbeach,jacksonfossq6p5,Jackson Foss
Mar 12,home,LA Harbor,W,3-2,3,2,1,win,20150312_1xxj,0,0,0,0,0.0,,,,0.0,,,2015,2014-15,Long Beach,longbeach,jacksonfossq6p5,Jackson Foss
Mar 14,home,LA Harbor,L,7-2,7,2,5,win,20150314_loot,0,0,0,0,0.0,,,,0.0,,,2015,2014-15,Long Beach,longbeach,jacksonfossq6p5,Jackson Foss
Mar 17,home,Cerritos,W,3-0,3,0,3,win,20150317_311n,0,0,0,0,0.0,,,,0.0,,,2015,2014-15,Long Beach,longbeach,jacksonfossq6p5,Jackson Foss
Mar 19,home,Cerritos,L,11-2,11,2,9,win,20150319_pksn,0,0,0,0,0.0,,,,0.0,,,2015,2014-15,Long Beach,longbeach,jacksonfossq6p5,Jackson Foss
Mar 21,home,Cerritos,W,3-2,3,2,1,win,20150321_560e,0,0,0,0,0.0,,,,0.0,,,2015,2014-15,Long Beach,longbeach,jacksonfossq6p5,Jackson Foss
Mar 24,home,East Los Angeles,W,4-3,4,3,1,win,20150324_ktl9,0,0,0,0,0.0,,,,0.0,,,2015,2014-15,Long Beach,longbeach,jacksonfossq6p5,Jackson Foss
Mar 26,home,East Los Angeles,L,4-0,4,0,4,win,20150326_dsnu,0,0,0,0,0.0,,,,0.0,,,2015,2014-15,Long Beach,longbeach,jacksonfossq6p5,Jackson Foss
Mar 28,home,East Los Angeles,W,4-3,4,3,1,win,20150328_qbzu,0,0,0,0,0.0,,,,0.0,,,2015,2014-15,Long Beach,longbeach,jacksonfossq6p5,Jackson Foss
Mar 30,home,Oxnard,L,2-1,2,1,1,win,20150330_tokz,0,0,0,0,0.0,,,,0.0,,,2015,2014-15,Long Beach,longbeach,jacksonfossq6p5,Jackson Foss
Apr 7,home,Mt. San Antonio,W,5-2,5,2,3,win,20150407_wo0f,0,0,0,0,0.0,,,,0.0,,,2015,2014-15,Long Beach,longbeach,jacksonfossq6p5,Jackson Foss
Apr 9,home,Mt. San Antonio,W,1-0,1,0,1,win,20150409_wdo5,0,0,0,0,0.0,,,,0.0,,,2015,2014-15,Long Beach,longbeach,jacksonfossq6p5,Jackson Foss
Apr 11,home,Mt. San Antonio,L,10-8,10,8,2,win,20150411_jyee,0,0,0,0,0.0,,,,0.0,,,2015,2014-15,Long Beach,longbeach,jacksonfossq6p5,Jackson Foss
Apr 14,home,Pasadena,W,10-3,10,3,7,win,20150414_3i39,0,0,0,0,0.0,,,,0.0,,,2015,2014-15,Long Beach,longbeach,jacksonfossq6p5,Jackson Foss
Apr 16,home,Pasadena,W,2-0,2,0,2,win,20150416_6ept,0,0,0,0,0.0,,,,0.0,,,2015,2014-15,Long Beach,longbeach,jacksonfossq6p5,Jackson Foss
Apr 18,home,Pasadena,W,7-0,7,0,7,win,20150418_qr2u,0,0,0,0,0.0,,,,0.0,,,2015,2014-15,Long Beach,longbeach,jacksonfossq6p5,Jackson Foss
Apr 21,home,El Camino-Compton Center,L,15-8,15,8,7,win,20150421_00qc,0,0,0,0,0.0,,,,0.0,,,2015,2014-15,Long Beach,longbeach,jacksonfossq6p5,Jackson Foss
Apr 23,home,El Camino-Compton Center,L,2-1,2,1,1,win,20150423_7o06,0,0,0,0,0.0,,,,0.0,,,2015,2014-15,Long Beach,longbeach,jacksonfossq6p5,Jackson Foss
Apr 24,home,El Camino-Compton Center,W,8-6,8,6,2,win,20150424_8uo9,0,0,0,0,0.0,,,,0.0,,,2015,2014-15,Long Beach,longbeach,jacksonfossq6p5,Jackson Foss
May 1,home,Orange Coast,L,18-3,18,3,15,win,20150501_jfaw,0,0,0,0,0.0,,,,0.0,,,2015,2014-15,Long Beach,longbeach,jacksonfossq6p5,Jackson Foss
May 2,home,Orange Coast,L,3-2,3,2,1,win,20150502_7qmy,0,0,0,0,0.0,,,,0.0,,,2015,2014-15,Long Beach,longbeach,jacksonfossq6p5,Jackson Foss
Jan 29,home,Glendale,W,9-2,9,2,7,win,20150129_5bve,0,0,0,0,0.0,,,,0.0,,,2015,2014-15,Mt. San Antonio,mtsanantonio,nathanielalambfyq,Nathaniel Alam
Jan 30,home,Mt. San Jacinto,W,6-4,6,4,2,win,20150130_3x10,0,0,0,0,0.0,,,,0.0,,,2015,2014-15,Mt. San Antonio,mtsanantonio,nathanielalambfyq,Nathaniel Alam
Jan 31,home,Canyons,W,6-5,6,5,1,win,20150131_sqg3,0,0,0,0,0.0,,,,0.0,,,2015,2014-15,Mt. San Antonio,mtsanantonio,nathanielalambfyq,Nathaniel Alam
Feb 5,home,LA Pierce,L,12-11,12,11,1,win,20150205_1j5k,0,0,0,0,0.0,,,,0.0,,,2015,2014-15,Mt. San Antonio,mtsanantonio,nathanielalambfyq,Nathaniel Alam
Feb 7,home,Fullerton,L,6-5,6,5,1,win,20150207_8559,0,0,0,0,0.0,,,,0.0,,,2015,2014-15,Mt. San Antonio,mtsanantonio,nathanielalambfyq,Nathaniel Alam
Feb 10,home,Mt. San Jacinto,W,10-2,10,2,8,win,20150210_1xal,0,0,0,0,0.0,,,,0.0,,,2015,2014-15,Mt. San Antonio,mtsanantonio,nathanielalambfyq,Nathaniel Alam
Feb 12,home,Ventura,W,7-4,7,4,3,win,20150212_vx18,0,0,0,0,0.0,,,,0.0,,,2015,2014-15,Mt. San Antonio,mtsanantonio,nathanielalambfyq,Nathaniel Alam
Feb 17,home,Riverside,W,13-4,13,4,9,win,20150217_pmed,0,0,0,0,0.0,,,,0.0,,,2015,2014-15,Mt. San Antonio,mtsanantonio,nathanielalambfyq,Nathaniel Alam
Feb 18,home,Rio Hondo,W,7-0,7,0,7,win,20150218_ywqz,0,0,0,0,0.0,,,,0.0,,,2015,2014-15,Mt. San Antonio,mtsanantonio,nathanielalambfyq,Nathaniel Alam
Feb 21,home,Santa Ana,L,5-4,5,4,1,win,20150221_yaeg,0,0,0,0,0.0,,,,0.0,,,2015,2014-15,Mt. San Antonio,mtsanantonio,nathanielalambfyq,Nathaniel Alam
Feb 23,home,Fullerton,L,5-1,5,1,4,win,20150223_imq0,0,0,0,0,0.0,,,,0.0,,,2015,2014-15,Mt. San Antonio,mtsanantonio,nathanielalambfyq,Nathaniel Alam
Feb 24,home,Riverside,L,11-4,11,4,7,win,20150224_rv5x,0,0,0,0,0.0,,,,0.0,,,2015,2014-15,Mt. San Antonio,mtsanantonio,nathanielalambfyq,Nathaniel Alam
Mar 7,home,LA Harbor,W,7-4,7,4,3,win,20150307_gzqp,0,0,0,0,0.0,,,,0.0,,,2015,2014-15,Mt. San Antonio,mtsanantonio,nathanielalambfyq,Nathaniel Alam
Mar 10,home,Cerritos,W,4-1,4,1,3,win,20150310_6krv,0,0,0,0,0.0,,,,0.0,,,2015,2014-15,Mt. San Antonio,mtsanantonio,nathanielalambfyq,Nathaniel Alam
Mar 14,home,Cerritos,L,4-1,4,1,3,win,20150314_e09f,0,0,0,0,0.0,,,,0.0,,,2015,2014-15,Mt. San Antonio,mtsanantonio,nathanielalambfyq,Nathaniel Alam
Mar 17,home,East Los Angeles,L,3-2,3,2,1,win,20150317_z9g7,0,0,0,0,0.0,,,,0.0,,,2015,2014-15,Mt. San Antonio,mtsanantonio,nathanielalambfyq,Nathaniel Alam
Mar 19,home,East Los Angeles,W,12-4,12,4,8,win,20150319_f06b,0,0,0,0,0.0,,,,0.0,,,2015,2014-15,Mt. San Antonio,mtsanantonio,nathanielalambfyq,Nathaniel Alam
Mar 26,home,El Camino,W,4-3,4,3,1,win,20150326_qgjm,0,0,0,0,0.0,,,,0.0,,,2015,2014-15,Mt. San Antonio,mtsanantonio,nathanielalambfyq,Nathaniel Alam
Mar 31,home,Citrus,L,4-2,4,2,2,win,20150331_z0sv,0,0,0,0,0.0,,,,0.0,,,2015,2014-15,Mt. San Antonio,mtsanantonio,nathanielalambfyq,Nathaniel Alam
Apr 2,home,Citrus,W,4-3,4,3,1,win,20150402_19cl,0,0,0,0,0.0,,,,0.0,,,2015,2014-15,Mt. San Antonio,mtsanantonio,nathanielalambfyq,Nathaniel Alam
Apr 4,home,Santa Ana,W,5-1,5,1,4,win,20150404_7l0l,0,0,0,0,0.0,,,,0.0,,,2015,2014-15,Mt. San Antonio,mtsanantonio,nathanielalambfyq,Nathaniel Alam
Apr 7,home,Long Beach,L,5-2,5,2,3,win,20150407_wo0f,0,0,0,0,0.0,,,,0.0,,,2015,2014-15,Mt. San Antonio,mtsanantonio,nathanielalambfyq,Nathaniel Alam
Apr 9,home,Long Beach,L,1-0,1,0,1,win,20150409_wdo5,0,0,0,0,0.0,,,,0.0,,,2015,2014-15,Mt. San Antonio,mtsanantonio,nathanielalambfyq,Nathaniel Alam
Apr 16,home,El Camino-Compton Center,W,7-3,7,3,4,win,20150416_7bjj,0,0,0,0,0.0,,,,0.0,,,2015,2014-15,Mt. San Antonio,mtsanantonio,nathanielalambfyq,Nathaniel Alam
Apr 18,home,El Camino-Compton Center,L,8-7,8,7,1,win,20150418_ndf8,0,0,0,0,0.0,,,,0.0,,,2015,2014-15,Mt. San Antonio,mtsanantonio,nathanielalambfyq,Nathaniel Alam
Apr 21,home,Pasadena,L,2-0,2,0,2,win,20150421_6z6p,0,0,0,0,0.0,,,,0.0,,,2015,2014-15,Mt. San Antonio,mtsanantonio,nathanielalambfyq,Nathaniel Alam
Apr 23,home,Pasadena,L,11-4,11,4,7,win,20150423_x1jh,0,0,0,0,0.0,,,,0.0,,,2015,2014-15,Mt. San Antonio,mtsanantonio,nathanielalambfyq,Nathaniel Alam
Apr 24,home,Pasadena,W,5-4,5,4,1,win,20150424_0lry,0,0,0,0,0.0,,,,0.0,,,2015,2014-15,Mt. San Antonio,mtsanantonio,nathanielalambfyq,Nathaniel Alam
Jan 31,home,Grossmont,L,7-0,7,0,7,win,20150131_dmk2,0,0,0,0,0.0,,,,0.0,,,2015,2014-15,Long Beach,longbeach,robertcastanedanf0k,Robert Castaneda
Feb 3,home,Grossmont,L,6-3,6,3,3,win,20150203_plrl,0,0,0,0,0.0,,,,0.0,,,2015,2014-15,Long Beach,longbeach,robertcastanedanf0k,Robert Castaneda
Feb 5,home,West LA,L,4-2,4,2,2,win,20150205_ezgq,0,0,0,0,0.0,,,,0.0,,,2015,2014-15,Long Beach,longbeach,robertcastanedanf0k,Robert Castaneda
Feb 10,home,Orange Coast,L,6-5,6,5,1,win,20150210_55d0,0,0,0,0,0.0,,,,0.0,,,2015,2014-15,Long Beach,longbeach,robertcastanedanf0k,Robert Castaneda
Feb 12,home,Orange Coast,W,6-2,6,2,4,win,20150212_wnl8,0,0,0,0,0.0,,,,0.0,,,2015,2014-15,Long Beach,longbeach,robertcastanedanf0k,Robert Castaneda
Feb 14,home,Orange Coast,L,8-1,8,1,7,win,20150214_r7lv,0,0,0,0,0.0,,,,0.0,,,2015,2014-15,Long Beach,longbeach,robertcastanedanf0k,Robert Castaneda
Feb 17,home,Victor Valley,W,6-3,6,3,3,win,20150217_tuvt,0,0,0,0,0.0,,,,0.0,,,2015,2014-15,Long Beach,longbeach,robertcastanedanf0k,Robert Castaneda
Feb 19,home,Barstow,L,10-7,10,7,3,win,20150219_9bzk,0,0,0,0,0.0,,,,0.0,,,2015,2014-15,Long Beach,longbeach,robertcastanedanf0k,Robert Castaneda
Feb 21,home,Irvine Valley,L,2-1,2,1,1,win,20150221_ye6u,0,0,0,0,0.0,,,,0.0,,,2015,2014-15,Long Beach,longbeach,robertcastanedanf0k,Robert Castaneda
Feb 24,home,Irvine Valley,W,3-2,3,2,1,win,20150224_t13g,0,0,0,0,0.0,,,,0.0,,,2015,2014-15,Long Beach,longbeach,robertcastanedanf0k,Robert Castaneda
Feb 26,home,West LA,W,6-4,6,4,2,win,20150226_ppx2,0,0,0,0,0.0,,,,0.0,,,2015,2014-15,Long Beach,longbeach,robertcastanedanf0k,Robert Castaneda
Mar 3,home,El Camino,W,5-4,5,4,1,win,20150303_f75j,0,0,0,0,0.0,,,,0.0,,,2015,2014-15,Long Beach,longbeach,robertcastanedanf0k,Robert Castaneda
Mar 5,home,El Camino,W,8-6,8,6,2,win,20150305_yiwz,0,0,0,0,0.0,,,,0.0,,,2015,2014-15,Long Beach,longbeach,robertcastanedanf0k,Robert Castaneda
Mar 7,home,El Camino,W,7-2,7,2,5,win,20150307_wttl,0,0,0,0,0.0,,,,0.0,,,2015,2014-15,Long Beach,longbeach,robertcastanedanf0k,Robert Castaneda
Mar 10,home,LA Harbor,W,5-4,5,4,1,win,20150310_7g9g,0,0,0,0,0.0,,,,0.0,,,2015,2014-15,Long Beach,longbeach,robertcastanedanf0k,Robert Castaneda
Mar 21,home,Cerritos,W,3-2,3,2,1,win,20150321_560e,0,0,0,0,0.0,,,,0.0,,,2015,2014-15,Long Beach,longbeach,robertcastanedanf0k,Robert Castaneda
Mar 24,home,East Los Angeles,W,4-3,4,3,1,win,20150324_ktl9,0,0,0,0,0.0,,,,0.0,,,2015,2014-15,Long Beach,longbeach,robertcastanedanf0k,Robert Castaneda
Mar 26,home,East Los Angeles,L,4-0,4,0,4,win,20150326_dsnu,0,0,0,0,0.0,,,,0.0,,,2015,2014-15,Long Beach,longbeach,robertcastanedanf0k,Robert Castaneda
Mar 28,home,East Los Angeles,W,4-3,4,3,1,win,20150328_qbzu,0,0,0,0,0.0,,,,0.0,,,2015,2014-15,Long Beach,longbeach,robertcastanedanf0k,Robert Castaneda
Mar 31,home,Antelope Valley,L,9-8,9,8,1,win,20150331_c4zo,0,0,0,0,0.0,,,,0.0,,,2015,2014-15,Long Beach,longbeach,robertcastanedanf0k,Robert Castaneda
Apr 7,home,Mt. San Antonio,W,5-2,5,2,3,win,20150407_wo0f,0,0,0,0,0.0,,,,0.0,,,2015,2014-15,Long Beach,longbeach,robertcastanedanf0k,Robert Castaneda
Apr 9,home,Mt. San Antonio,W,1-0,1,0,1,win,20150409_wdo5,0,0,0,0,0.0,,,,0.0,,,2015,2014-15,Long Beach,longbeach,robertcastanedanf0k,Robert Castaneda
Apr 11,home,Mt. San Antonio,L,10-8,10,8,2,win,20150411_jyee,0,0,0,0,0.0,,,,0.0,,,2015,2014-15,Long Beach,longbeach,robertcastanedanf0k,Robert Castaneda
Apr 14,home,Pasadena,W,10-3,10,3,7,win,20150414_3i39,0,0,0,0,0.0,,,,0.0,,,2015,2014-15,Long Beach,longbeach,robertcastanedanf0k,Robert Castaneda
Apr 16,home,Pasadena,W,2-0,2,0,2,win,20150416_6ept,0,0,0,0,0.0,,,,0.0,,,2015,2014-15,Long Beach,longbeach,robertcastanedanf0k,Robert Castaneda
Apr 18,home,Pasadena,W,7-0,7,0,7,win,20150418_qr2u,0,0,0,0,0.0,,,,0.0,,,2015,2014-15,Long Beach,longbeach,robertcastanedanf0k,Robert Castaneda
Apr 21,home,El Camino-Compton Center,L,15-8,15,8,7,win,20150421_00qc,0,0,0,0,0.0,,,,0.0,,,2015,2014-15,Long Beach,longbeach,robertcastanedanf0k,Robert Castaneda
Apr 23,home,El Camino-Compton Center,L,2-1,2,1,1,win,20150423_7o06,0,0,0,0,0.0,,,,0.0,,,2015,2014-15,Long Beach,longbeach,robertcastanedanf0k,Robert Castaneda
Apr 24,home,El Camino-Compton Center,W,8-6,8,6,2,win,20150424_8uo9,0,0,0,0,0.0,,,,0.0,,,2015,2014-15,Long Beach,longbeach,robertcastanedanf0k,Robert Castaneda
May 1,home,Orange Coast,L,18-3,18,3,15,win,20150501_jfaw,0,0,0,0,0.0,,,,0.0,,,2015,2014-15,Long Beach,longbeach,robertcastanedanf0k,Robert Castaneda
May 2,home,Orange Coast,L,3-2,3,2,1,win,20150502_7qmy,0,0,0,0,0.0,,,,0.0,,,2015,2014-15,Long Beach,longbeach,robertcastanedanf0k,Robert Castaneda
