date,location,opponent,result,score,team_score,opp_score,game_score_diff,game_win_loss,game_id,AB,R,H,2B,3B,HR,RBI,BB,K,SB,CS,HBP,SF,SH,TB,XBH,HDP,GO,FO,GO/FO,PA,season,cccaa_season,team,team_id,player_id,player_name
Feb 1,home,Santa Barbara,W,6-3,6,3,3,win,20130201_kh98,4,0,1,,,,0,,1,,,,,,1,0,,1,1,1.00,4,2013,2012-13,Cabrillo,cabrillo,nickmacfarlandp7q7,Nick Macfarland
Feb 2,home,Santa Barbara,W,4-3,4,3,1,win,20130202_nwju,4,1,3,,,,2,,,,,,,,3,0,,,1,,4,2013,2012-13,Cabrillo,cabrillo,nickmacfarlandp7q7,Nick Macfarland
Feb 5,home,Marin,L,5-0,5,0,5,win,20130205_3nlp,4,0,2,,,,0,,,,,,,,2,0,,,2,,4,2013,2012-13,Cabrillo,cabrillo,nickmacfarlandp7q7,Nick Macfarland
Feb 7,home,Laney,L,2-1,2,1,1,win,20130207_sycd,3,0,0,,,,0,,,,,,,,0,0,,2,1,2.00,3,2013,2012-13,Cabrillo,cabrillo,nickmacfarlandp7q7,Nick Macfarland
Feb 10,home,Feather River,W,10-3,10,3,7,win,20130210_pmkd,4,3,2,,,,0,1,,1,,,,,2,0,,1,1,1.00,5,2013,2012-13,Cabrillo,cabrillo,nickmacfarlandp7q7,Nick Macfarland
Feb 12,home,Modesto,W,4-3,4,3,1,win,20130212_21d1,4,0,2,,,,1,,2,2,,,,,2,0,,,,,4,2013,2012-13,Cabrillo,cabrillo,nickmacfarlandp7q7,Nick Macfarland
Feb 14,home,Modesto,L,9-3,9,3,6,win,20130214_vnpp,4,1,1,,,,0,,1,,,,,,1,0,,,2,,4,2013,2012-13,Cabrillo,cabrillo,nickmacfarlandp7q7,Nick Macfarland
Feb 19,home,San Joaquin  Delta,L,4-3,4,3,1,win,20130219_32as,4,0,0,,,,0,,2,,,,,,0,0,,2,,,4,2013,2012-13,Cabrillo,cabrillo,nickmacfarlandp7q7,Nick Macfarland
Feb 21,home,San Joaquin  Delta,L,4-2,4,2,2,win,20130221_dxcy,4,0,1,,,,0,,,,,,,,1,0,,,2,,4,2013,2012-13,Cabrillo,cabrillo,nickmacfarlandp7q7,Nick Macfarland
Feb 23,home,San Joaquin  Delta,L,8-7,8,7,1,win,20130223_le7l,4,1,1,,,,1,1,1,1,,,,,1,0,,2,,,5,2013,2012-13,Cabrillo,cabrillo,nickmacfarlandp7q7,Nick Macfarland
Feb 26,home,Ohlone,L,8-4,8,4,4,win,20130226_8wxt,2,0,0,,,,0,1,2,1,,,,,0,0,,,,,3,2013,2012-13,Cabrillo,cabrillo,nickmacfarlandp7q7,Nick Macfarland
Feb 28,home,Monterey,W,11-1,11,1,10,win,20130228_456q,4,0,2,,,,1,,,,,,,,2,0,,,2,,4,2013,2012-13,Cabrillo,cabrillo,nickmacfarlandp7q7,Nick Macfarland
Mar 5,home,Skyline,L,7-2,7,2,5,win,20130305_qqj7,4,0,1,,,,0,,1,,,,,,1,0,,1,1,1.00,4,2013,2012-13,Cabrillo,cabrillo,nickmacfarlandp7q7,Nick Macfarland
Mar 7,home,Hartnell,L,5-3,5,3,2,win,20130307_40bk,4,1,1,,,,0,,2,,,,,,1,0,,1,,,4,2013,2012-13,Cabrillo,cabrillo,nickmacfarlandp7q7,Nick Macfarland
Mar 9,home,De Anza,L,6-3,6,3,3,win,20130309_y47a,4,1,2,,,,0,,,,,,,,2,0,,1,1,1.00,4,2013,2012-13,Cabrillo,cabrillo,nickmacfarlandp7q7,Nick Macfarland
Mar 14,home,Canada,L,3-1,3,1,2,win,20130314_a72c,2,1,0,,,,0,1,,,,,,,0,0,,1,1,1.00,3,2013,2012-13,Cabrillo,cabrillo,nickmacfarlandp7q7,Nick Macfarland
Mar 16,home,Gavilan,L,5-4,5,4,1,win,20130316_soev,5,2,2,,,,1,,,,1,,,,2,0,,2,,,5,2013,2012-13,Cabrillo,cabrillo,nickmacfarlandp7q7,Nick Macfarland
Mar 19,home,Chabot,L,8-4,8,4,4,win,20130319_l324,4,0,2,,,,0,,,,,,,1,2,0,,2,1,2.00,5,2013,2012-13,Cabrillo,cabrillo,nickmacfarlandp7q7,Nick Macfarland
Mar 21,home,San Mateo,W,6-5,6,5,1,win,20130321_lyme,3,3,3,,,,0,1,,,,,,,3,0,,,,,4,2013,2012-13,Cabrillo,cabrillo,nickmacfarlandp7q7,Nick Macfarland
Mar 23,home,Skyline,W,12-3,12,3,9,win,20130323_3s16,4,2,2,,,,0,,,,,1,,,2,0,,,2,,5,2013,2012-13,Cabrillo,cabrillo,nickmacfarlandp7q7,Nick Macfarland
Mar 26,home,Canada,W,7-4,7,4,3,win,20130326_pdmf,4,0,2,1,,,0,,,1,,,,1,3,1,,2,1,2.00,5,2013,2012-13,Cabrillo,cabrillo,nickmacfarlandp7q7,Nick Macfarland
Mar 28,home,Gavilan,W,12-5,12,5,7,win,20130328_7fmr,5,2,2,1,,,1,,,,,,1,,3,1,,1,3,0.33,6,2013,2012-13,Cabrillo,cabrillo,nickmacfarlandp7q7,Nick Macfarland
Mar 30,home,Monterey,W,5-1,5,1,4,win,20130330_zqnh,5,0,3,,,,0,,,,1,,,,3,0,,2,,,5,2013,2012-13,Cabrillo,cabrillo,nickmacfarlandp7q7,Nick Macfarland
Apr 2,home,San Francisco,W,17-6,17,6,11,win,20130402_090f,6,2,3,1,,,2,,,,,,,,4,1,,1,2,0.50,6,2013,2012-13,Cabrillo,cabrillo,nickmacfarlandp7q7,Nick Macfarland
Apr 4,home,Hartnell,W,9-0,9,0,9,win,20130404_bgu3,4,0,0,,,,1,,,,,,1,,0,0,,2,3,0.67,5,2013,2012-13,Cabrillo,cabrillo,nickmacfarlandp7q7,Nick Macfarland
Apr 6,home,Ohlone,L,4-0,4,0,4,win,20130406_tak2,4,0,2,1,,,0,,,,,,,,3,1,,1,1,1.00,4,2013,2012-13,Cabrillo,cabrillo,nickmacfarlandp7q7,Nick Macfarland
Apr 9,home,West Valley,W,7-4,7,4,3,win,20130409_mf0d,5,1,2,,,,1,,1,,,,,,2,0,,1,,,5,2013,2012-13,Cabrillo,cabrillo,nickmacfarlandp7q7,Nick Macfarland
Apr 11,home,Ohlone,W,6-3,6,3,3,win,20130411_9znz,5,1,3,,,,1,,1,,,,,,3,0,,1,,,5,2013,2012-13,Cabrillo,cabrillo,nickmacfarlandp7q7,Nick Macfarland
Apr 13,home,Monterey,L,4-0,4,0,4,win,20130413_ysrg,4,0,0,,,,0,,1,,,,,,0,0,,2,1,2.00,4,2013,2012-13,Cabrillo,cabrillo,nickmacfarlandp7q7,Nick Macfarland
Apr 16,home,Skyline,W,10-9,10,9,1,win,20130416_howr,3,0,1,,,,2,,,,,,1,1,1,0,,1,3,0.33,5,2013,2012-13,Cabrillo,cabrillo,nickmacfarlandp7q7,Nick Macfarland
Apr 18,home,Mission,W,8-1,8,1,7,win,20130418_zamj,5,1,1,,1,,1,,,,,,,,3,1,,1,3,0.33,5,2013,2012-13,Cabrillo,cabrillo,nickmacfarlandp7q7,Nick Macfarland
Apr 20,home,Hartnell,L,6-4,6,4,2,win,20130420_iqyu,3,0,0,,,,0,,1,,,,,1,0,0,,2,1,2.00,4,2013,2012-13,Cabrillo,cabrillo,nickmacfarlandp7q7,Nick Macfarland
Apr 23,home,Gavilan,W,7-2,7,2,5,win,20130423_2wvw,4,1,1,,,,0,,,,,,,,1,0,,1,1,1.00,4,2013,2012-13,Cabrillo,cabrillo,nickmacfarlandp7q7,Nick Macfarland
Apr 25,home,Canada,W,7-5,7,5,2,win,20130425_b9gs,5,3,1,,,,0,,,1,,,,,1,0,,4,,,5,2013,2012-13,Cabrillo,cabrillo,nickmacfarlandp7q7,Nick Macfarland
May 3,home,San Mateo,L,13-6,13,6,7,win,20130503_ypqu,4,0,0,,,,1,,,,,,,,0,0,,3,1,3.00,4,2013,2012-13,Cabrillo,cabrillo,nickmacfarlandp7q7,Nick Macfarland
May 4,home,San Mateo,W,8-5,8,5,3,win,20130504_gq2j,4,1,1,1,,,2,,1,,,,,1,2,1,,3,,,5,2013,2012-13,Cabrillo,cabrillo,nickmacfarlandp7q7,Nick Macfarland
May 4,home,San Mateo,W,6-5,6,5,1,win,20130504_c0qq,4,0,0,,,,0,1,1,,,,,,0,0,,1,1,1.00,5,2013,2012-13,Cabrillo,cabrillo,nickmacfarlandp7q7,Nick Macfarland
May 10,home,Sierra,W,8-4,8,4,4,win,20130510_wb47,3,1,0,,,,1,,1,,,,,2,0,0,,3,,,5,2013,2012-13,Cabrillo,cabrillo,nickmacfarlandp7q7,Nick Macfarland
May 11,home,Feather River,L,9-0,9,0,9,win,20130511_gz4f,2,0,0,,,,0,,1,,,,,1,0,0,,2,,,3,2013,2012-13,Cabrillo,cabrillo,nickmacfarlandp7q7,Nick Macfarland
May 11,home,Sierra,L,5-3,5,3,2,win,20130511_sduo,5,0,2,,,,1,,1,,,,,,2,0,,1,1,1.00,5,2013,2012-13,Cabrillo,cabrillo,nickmacfarlandp7q7,Nick Macfarland
